-100.0 1.2365663301
-99.8 0.878198779716
-99.6 1.03700281088
-99.4 1.09045061901
-99.2 0.984918213427
-99.0 0.899923784063
-98.8 1.03134501479
-98.6 1.37496221036
-98.4 0.818493020882
-98.2 0.731776591262
-98.0 0.846348452128
-97.8 0.884421538075
-97.6 0.795189673014
-97.4 0.875423916077
-97.2 1.02126473403
-97.0 1.01203738396
-96.8 1.11406867914
-96.6 0.873773299173
-96.4 1.12989264203
-96.2 0.929460574188
-95.9999 1.05345213748
-95.7999 0.904566419776
-95.5999 0.906428123692
-95.3999 0.808715480929
-95.1999 1.22076957361
-94.9999 1.2275663048
-94.7999 1.19775438566
-94.5999 1.02919478983
-94.3999 1.12281552738
-94.1999 1.03814692534
-93.9999 1.24350516361
-93.7999 0.850337430214
-93.5999 1.18702253426
-93.3999 1.10162887048
-93.1999 1.10746592011
-92.9998 0.812642302405
-92.7998 1.04595397568
-92.5998 0.987186244078
-92.3998 1.01796790016
-92.1998 0.915922465067
-91.9998 1.20350109556
-91.7998 1.17313061136
-91.5998 1.03923817568
-91.3998 1.10084866512
-91.1997 0.894918888154
-90.9997 0.969428773202
-90.7997 0.980714785345
-90.5997 1.04382918006
-90.3997 1.03060321968
-90.1997 1.03233202942
-89.9997 1.27500283083
-89.7997 1.04063828346
-89.5996 1.15917676448
-89.3996 1.17407803691
-89.1996 0.807621846143
-88.9996 0.872545077935
-88.7996 0.949463558091
-88.5996 0.880283504622
-88.3996 1.00200580442
-88.1995 0.813098397109
-87.9995 1.28150897389
-87.7995 1.02021278097
-87.5995 0.943197122477
-87.3995 0.941972165362
-87.1995 0.962345414221
-86.9994 0.871211646514
-86.7994 0.926500606591
-86.5994 1.16600315781
-86.3994 0.957296081537
-86.1994 0.97171863616
-85.9994 1.05894073373
-85.7993 0.919530085118
-85.5993 0.915789890541
-85.3993 1.05784233605
-85.1993 1.31320014297
-84.9993 0.950859058461
-84.7992 0.859393586858
-84.5992 1.04729165498
-84.3992 0.811974319085
-84.1992 0.620561340503
-83.9991 0.902726380912
-83.7991 1.08993693642
-83.5991 0.956508501094
-83.3991 0.885985071748
-83.1991 1.0346382344
-82.999 0.906359907251
-82.799 0.84616558505
-82.599 0.812540279006
-82.399 1.00023817046
-82.1989 1.05774585968
-81.9989 1.15405080726
-81.7989 1.07881685419
-81.5989 1.2284752145
-81.3988 1.26449729744
-81.1988 0.787020728348
-80.9988 0.928066025114
-80.7988 0.986931778407
-80.5987 0.998204054564
-80.3987 1.10823626743
-80.1987 0.905343052938
-79.9987 1.29120572098
-79.7986 0.965778532723
-79.5986 1.19626071973
-79.3986 1.03458417335
-79.1986 1.05863965915
-78.9985 1.11061611321
-78.7985 1.02802531996
-78.5985 0.855523569188
-78.3984 1.12522297599
-78.1984 0.986829961277
-77.9984 1.2302880909
-77.7984 1.06171129133
-77.5983 0.813310529133
-77.3983 0.854757309192
-77.1983 0.891336844286
-76.9982 0.905567446767
-76.7982 1.23500540632
-76.5982 1.06351112136
-76.3981 1.02796010452
-76.1981 0.905637286011
-75.9981 1.03370042523
-75.798 1.13039607818
-75.598 0.886651875726
-75.398 0.717766682082
-75.198 1.25486537076
-74.9979 0.866813233546
-74.7979 0.813923084135
-74.5978 0.951794055868
-74.3978 0.874494896878
-74.1978 1.11712416024
-73.9977 1.09899706521
-73.7977 0.925681051907
-73.5977 0.827153653189
-73.3976 0.917991459672
-73.1976 1.16939766635
-72.9976 0.905306127505
-72.7975 1.06320210671
-72.5975 1.11595809152
-72.3975 1.09314102412
-72.1974 1.06317279116
-71.9974 0.990644527396
-71.7973 1.0825253552
-71.5973 0.724827190906
-71.3973 0.877474060916
-71.1972 1.04944653396
-70.9972 0.603421663252
-70.7972 0.8496709116
-70.5971 0.799198033278
-70.3971 1.10335895603
-70.197 1.08416661211
-69.997 1.02076449309
-69.797 0.85598761578
-69.5969 0.777634420003
-69.3969 0.95332635489
-69.1968 1.12271812176
-68.9968 1.11060767497
-68.7968 1.08399173251
-68.5967 1.0805157331
-68.3967 1.13913289248
-68.1966 0.966014693539
-67.9966 0.988204892403
-67.7965 1.23473713167
-67.5965 0.986067283438
-67.3965 1.02744918967
-67.1964 0.912936219229
-66.9964 0.942666671355
-66.7963 0.801224071677
-66.5963 0.895627575195
-66.3962 1.06431059643
-66.1962 0.890251138522
-65.9961 1.26285255784
-65.7961 0.795115703683
-65.5961 1.05985599732
-65.396 0.929490813462
-65.196 0.747091631342
-64.9959 1.14966190927
-64.7959 1.06903314819
-64.5958 0.831207090264
-64.3958 0.827895256376
-64.1957 0.976722214813
-63.9957 0.894255007622
-63.7956 0.885064904344
-63.5956 0.960263717038
-63.3955 1.03141336489
-63.1955 0.833642655532
-62.9954 1.23070266883
-62.7954 1.07717994229
-62.5953 1.13788343694
-62.3953 1.09640990693
-62.1952 1.16788170957
-61.9952 0.960929007888
-61.7951 1.14136187057
-61.5951 1.17710707654
-61.395 0.926375250001
-61.195 1.04973161599
-60.9949 0.817735681446
-60.7949 1.09498420561
-60.5948 0.791979287677
-60.3948 1.24524789469
-60.1947 1.13351958596
-59.9947 0.728918566273
-59.7946 0.985636791428
-59.5946 0.865607190905
-59.3945 1.25191342194
-59.1944 0.958827840834
-58.9944 0.923780178926
-58.7943 0.673496330346
-58.5943 1.15574938236
-58.3942 0.838483211953
-58.1942 1.1185784987
-57.9941 0.91321290839
-57.7941 1.05256361691
-57.594 0.88993333238
-57.3939 1.0009498413
-57.1939 1.09760518223
-56.9938 1.1827510857
-56.7938 0.891404217487
-56.5937 1.11816674086
-56.3937 1.26136694292
-56.1936 1.24424394638
-55.9935 0.805572594577
-55.7935 0.921372011217
-55.5934 1.00641762039
-55.3934 1.09406599734
-55.1933 0.816537768397
-54.9932 0.871905010072
-54.7932 1.08806376666
-54.5931 0.930376652713
-54.3931 0.82254046384
-54.193 0.600119668779
-53.9929 0.913855418734
-53.7929 0.972106973162
-53.5928 0.884300442337
-53.3928 0.857920687625
-53.1927 0.821884409878
-52.9926 0.664146136426
-52.7926 0.770053676932
-52.5925 1.18145487091
-52.3924 1.12741708391
-52.1924 1.00880800898
-51.9923 0.83798975718
-51.7922 0.899031803986
-51.5922 1.12742512395
-51.3921 0.907561394248
-51.1921 1.03842701096
-50.992 1.0642601274
-50.7919 0.792897889057
-50.5919 0.989499470928
-50.3918 0.900862841351
-50.1917 1.24183316068
-49.9917 1.15287491629
-49.7916 1.18223667983
-49.5915 0.747222468973
-49.3915 0.86539046435
-49.1914 1.01446285664
-48.9913 0.935534372719
-48.7913 0.947046462155
-48.5912 1.00577421338
-48.3911 0.47775346725
-48.191 0.930735498087
-47.991 0.788606402863
-47.7909 1.1878777654
-47.5908 1.39239475326
-47.3908 0.793437013971
-47.1907 0.836370160362
-46.9906 1.10884547498
-46.7906 0.852141358196
-46.5905 0.966007388754
-46.3904 1.26895244118
-46.1903 1.03480217834
-45.9903 0.924784957768
-45.7902 1.24961017171
-45.5901 0.841033490056
-45.3901 0.941107346762
-45.19 0.885745524548
-44.9899 1.03904164914
-44.7898 1.16319932416
-44.5898 0.870566211435
-44.3897 0.885276852913
-44.1896 1.06239951073
-43.9895 1.04585353762
-43.7895 1.00028178186
-43.5894 1.15360541181
-43.3893 1.20189463509
-43.1892 0.866335409912
-42.9892 1.01512239689
-42.7891 1.2602001268
-42.589 0.791957056945
-42.3889 0.805078710163
-42.1889 1.01997451784
-41.9888 1.0291082256
-41.7887 1.08002022529
-41.5886 1.00240285738
-41.3885 1.03371789568
-41.1885 1.10213916928
-40.9884 0.877168623131
-40.7883 1.2952364116
-40.5882 0.725177847833
-40.3881 1.18654065642
-40.1881 0.937507429094
-39.988 1.13891333645
-39.7879 1.30464351292
-39.5878 1.37851826564
-39.3877 1.01595909145
-39.1877 0.837228039157
-38.9876 0.669653299278
-38.7875 1.0712133084
-38.5874 1.08103377714
-38.3873 0.673386056397
-38.1873 1.0034246747
-37.9872 1.23798098888
-37.7871 1.01923385332
-37.587 1.09375294045
-37.3869 0.729670097204
-37.1868 0.831627819139
-36.9868 0.699712121403
-36.7867 0.855340660119
-36.5866 0.833849179396
-36.3865 1.18767642681
-36.1864 0.991977800942
-35.9863 1.35512758269
-35.7862 0.940045945569
-35.5862 0.785867100602
-35.3861 1.09140631968
-35.186 1.06697421728
-34.9859 0.987105662659
-34.7858 0.764272573059
-34.5857 0.870203956209
-34.3856 1.03528731871
-34.1856 0.965149219095
-33.9855 0.809357135415
-33.7854 0.974388537405
-33.5853 0.860296747746
-33.3852 1.09088052612
-33.1851 1.10780044518
-32.985 0.881215153249
-32.7849 0.915060864753
-32.5848 1.19700956782
-32.3847 0.827430641487
-32.1847 0.813924287293
-31.9846 1.2967029384
-31.7845 1.44185316793
-31.5844 1.13683077136
-31.3843 0.766649144063
-31.1842 0.839714671827
-30.9841 0.769387437974
-30.784 1.14334159156
-30.5839 1.07804461422
-30.3838 1.14790409302
-30.1837 1.23055078933
-29.9836 0.749976188218
-29.7836 0.935928381234
-29.5835 1.19702615725
-29.3834 0.941157594217
-29.1833 0.702448567274
-28.9832 0.855349125865
-28.7831 1.14388962351
-28.583 0.869664840968
-28.3829 1.14065294132
-28.1828 1.16783269589
-27.9827 0.916529161542
-27.7826 1.09782444265
-27.5825 1.39214940354
-27.3824 0.850541661394
-27.1823 0.758248828488
-26.9822 0.898342260799
-26.7821 1.3540426458
-26.582 0.898970309451
-26.3819 1.19959537919
-26.1818 1.00391137962
-25.9817 0.951987399434
-25.7816 0.818744034068
-25.5815 1.06555512641
-25.3814 0.761408381616
-25.1813 1.27027381071
-24.9812 1.27049648421
-24.7811 1.47252762293
-24.581 0.563887950505
-24.3809 1.06976764134
-24.1808 0.868956687909
-23.9807 1.2036419437
-23.7806 1.13585895785
-23.5805 0.994015248569
-23.3804 1.23440670012
-23.1803 0.68411274693
-22.9802 0.807719956732
-22.7801 1.09462460043
-22.58 0.86976683816
-22.3799 1.16211780014
-22.1798 1.00709690322
-21.9797 0.72452144859
-21.7796 0.752125861504
-21.5795 0.878274749549
-21.3794 0.872386696296
-21.1793 1.48763853814
-20.9792 1.10181823423
-20.7791 0.767427137275
-20.579 1.12026600333
-20.3789 1.13718414221
-20.1787 0.849830754919
-19.9786 1.08626141586
-19.7785 1.2915191518
-19.5784 0.810255044757
-19.3783 0.772315687075
-19.1782 0.996125002354
-18.9781 1.11712560726
-18.778 1.18318599236
-18.5779 0.743001308299
-18.3778 0.900254663146
-18.1777 0.880209764023
-17.9776 0.962974270019
-17.7774 1.27705573101
-17.5773 1.33866812629
-17.3772 1.26725387342
-17.1771 0.899088796842
-16.977 0.936063278867
-16.7769 0.905560141526
-16.5768 0.949891641553
-16.3767 1.15921919355
-16.1766 0.510089845828
-15.9764 1.04484246097
-15.7763 1.54914536296
-15.5762 0.767759612925
-15.3761 1.13430837238
-15.176 0.966078178064
-14.9759 0.809306660194
-14.7758 1.04861469503
-14.5757 1.21982937307
-14.3755 1.35665013942
-14.1754 1.08363625575
-13.9753 0.754997620503
-13.7752 0.850953384418
-13.5751 1.11133951782
-13.375 1.02196532038
-13.1749 0.752193687824
-12.9747 0.860643122854
-12.7746 0.975550871912
-12.5745 0.398450980289
-12.3744 0.695501152269
-12.1743 0.655784036312
-11.9742 0.887629728933
-11.774 0.419731751387
-11.5739 0.723711321252
-11.3738 0.635500068168
-11.1737 0.993803504712
-10.9736 0.615048951137
-10.7734 0.767877097359
-10.5733 0.674165754133
-10.3732 0.259083750389
-10.1731 0.416251857267
-9.97296 0.40124759238
-9.77284 0.847167605382
-9.57272 0.722158579893
-9.3726 0.629750530429
-9.17248 0.431841625116
-8.97236 0.701796807599
-8.77224 0.391671699975
-8.57211 0.46682497877
-8.37199 0.628322305818
-8.17187 0.953626309714
-7.97175 0.955853787774
-7.77163 0.0715244365577
-7.5715 0.170365258814
-7.37138 0.308852073423
-7.17125 1.1490657637
-6.97113 0.441217529379
-6.77101 1.4923359665
-6.57088 0.938378051569
-6.37076 0.247233340813
-6.17063 0.469722539302
-5.97051 0.707407594949
-5.77038 0.561678961581
-5.57025 1.13964695185
-5.37013 0.0725498845508
-5.17 0.396084576595
-4.96987 0.193722940233
-4.76975 0.213422742446
-4.56962 0.279778722362
-4.36949 0.234005150316
-4.16937 0.153628349481
-3.96924 0.153976360133
-3.76911 -0.0276845876753
-3.56898 0.468310480276
-3.36885 0.270774009195
-3.16872 0.128041521106
-2.96859 0.223139044039
-2.76846 0.134506197671
-2.56833 0.106526673293
-2.3682 0.715230407747
-2.16807 0.0977287091931
-1.96794 0.44766727778
-1.76781 0.529279239089
-1.56768 0.0907176097039
-1.36755 0.419803995098
-1.16742 0.285472089611
-0.967284 0.316844353854
-0.767152 0.622007675822
-0.567019 0.0162721475903
-0.366886 -0.16567079695
-0.166753 0.19245076855
0.0333802 0.399733645195
0.233514 -0.0106030655104
0.433648 -0.104783387959
0.633782 0.0237928732903
0.833917 0.000698071743443
1.03405 0.251397215986
1.23419 0.157428828489
1.43432 -0.0754102203317
1.63446 0.115287314536
1.83459 0.700222424073
2.03473 0.455182515124
2.23487 0.0810934555617
2.435 0.219383241757
2.63514 0.400380731009
2.83528 0.0429242389833
3.03541 0.0182827528822
3.23555 -0.073780630069
3.43569 -0.0857967450781
3.63583 -0.000359137472786
3.83597 -0.00609484191783
4.0361 0.237588207211
4.23624 0.308140937228
4.43638 0.0445402760051
4.63652 0.104431717223
4.83666 0.209198549654
5.0368 0.141879523048
5.23694 0.0975124655712
5.43708 0.416179525894
5.63722 0.040672327997
5.83737 0.207673964547
6.03751 0.239743748481
6.23765 0.328084925598
6.43779 0.814385207209
6.63793 0.535459758438
6.83808 0.127258596914
7.03822 0.12535920083
7.23836 0.316431011068
7.4385 0.252638078823
7.63865 0.00239109036031
7.83879 0.00184021314213
8.03894 -0.0304688320299
8.23908 0.0627380269505
8.43923 0.207995245688
8.63937 0.140739376485
8.83951 0.147683197235
9.03966 0.19289471531
9.23981 0.0212803281884
9.43995 0.518822266969
9.6401 0.122367176474
9.84025 0.318064121283
10.0404 0.0885680004161
10.2405 0.748682279079
10.4407 0.460777790326
10.6408 0.242083077291
10.841 0.663618385525
11.0411 0.368242284252
11.2413 0.302462193181
11.4414 0.96532545835
11.6416 0.556389679474
11.8417 0.937092782313
12.0419 0.721357922016
12.242 0.752792787898
12.4422 0.563441856479
12.6423 0.828410747828
12.8425 1.18367150956
13.0426 0.554569886035
13.2428 0.974544331504
13.4429 0.929450135124
13.6431 0.702267134272
13.8432 0.626760084475
14.0434 0.865501501387
14.2435 0.474102470595
14.4437 1.07715174369
14.6438 0.532472188661
14.844 0.680108268159
15.0441 0.577341637066
15.2443 1.18796095154
15.4445 0.972832656709
15.6446 0.576056613874
15.8448 0.56450760192
16.0449 1.24333080543
16.2451 0.835434807615
16.4452 1.23301731165
16.6454 0.891540879763
16.8455 0.932023548057
17.0457 0.779893740961
17.2459 0.785819263819
17.446 0.938544012654
17.6462 0.639389148081
17.8463 0.797564927783
18.0465 0.574922637758
18.2466 1.2323054834
18.4468 1.26599404882
18.647 0.948626603607
18.8471 0.991796873079
19.0473 0.961972080744
19.2474 1.01784283245
19.4476 0.947064574256
19.6478 0.85008100563
19.8479 1.02924684507
20.0481 0.926275123413
20.2482 1.07774910961
20.4484 0.995776116895
20.6486 0.836578285952
20.8487 0.984245773756
21.0489 1.19107506906
21.249 1.06726867914
21.4492 0.933509043493
21.6494 0.988472169132
21.8495 0.70631083061
22.0497 1.19585520684
22.2498 0.645661305405
22.45 0.667443367637
22.6502 0.981469339444
22.8503 1.00683679317
23.0505 1.03228870129
23.2507 0.68092999894
23.4508 1.11944970345
23.651 0.900568186099
23.8512 1.40542294272
24.0513 0.610076530979
24.2515 1.10494045034
24.4517 0.569313025231
24.6518 0.964946686748
24.852 0.898050389808
25.0522 1.04887301958
25.2523 1.04575371151
25.4525 0.944841111982
25.6527 1.081197986
25.8528 0.907323592964
26.053 0.778541114429
26.2532 1.04684756975
26.4533 1.1903756493
26.6535 1.26843516887
26.8537 1.17143307583
27.0538 0.915523636509
27.254 1.03042113838
27.4542 0.912789728106
27.6544 0.959530034593
27.8545 0.951957831468
28.0547 0.997840401598
28.2549 0.658456067384
28.455 0.883064239587
28.6552 0.861020946276
28.8554 1.25900647793
29.0556 0.790360277375
29.2557 0.89481829776
29.4559 1.14854953104
29.6561 0.970551446946
29.8562 1.05082226517
30.0564 0.646701143545
30.2566 0.890173166478
30.4568 0.963677180545
30.6569 1.23205646809
30.8571 1.06904937173
31.0573 0.956112574625
31.2575 0.737442569923
31.4576 0.927953697636
31.6578 1.26596081589
31.858 1.1552683415
32.0582 1.12920817123
32.2583 0.861640238314
32.4585 1.08407857611
32.6587 0.810690270131
32.8589 0.999150462871
33.0591 0.926995024688
33.2592 0.96934831231
33.4594 1.23751688899
33.6596 0.998083797333
33.8598 0.893778139946
34.0599 1.03196280676
34.2601 0.938178155679
34.4603 1.19317031682
34.6605 1.14026460958
34.8607 1.0454129067
35.0608 0.962875391248
35.261 0.94477040362
35.4612 0.855271507474
35.6614 1.28065819498
35.8616 1.16380650793
36.0617 0.775157212683
36.2619 0.773514562144
36.4621 0.819368539631
36.6623 1.13371414533
36.8625 1.09629747374
37.0627 0.99809846138
37.2628 0.847202274811
37.463 0.880928892129
37.6632 1.28559343548
37.8634 1.20065060741
38.0636 0.844313762892
38.2638 1.23272776875
38.4639 0.865490243734
38.6641 0.650863279929
38.8643 1.00395282782
39.0645 0.679297552441
39.2647 1.10231231148
39.4649 0.924255056352
39.6651 1.08561739008
39.8652 1.07072420486
40.0654 0.871512773606
40.2656 1.23590135774
40.4658 1.00892395531
40.666 1.11635608131
40.8662 1.14778719307
41.0664 1.09585591015
41.2666 0.795841099483
41.4668 0.929498467442
41.6669 0.595676986683
41.8671 0.852414482502
42.0673 0.95331025858
42.2675 0.89447595519
42.4677 1.290550566
42.6679 0.852723782553
42.8681 1.1085557405
43.0683 1.11524401655
43.2685 1.14307450816
43.4687 1.00847844422
43.6688 1.36284022168
43.869 1.20643888424
44.0692 1.02346126623
44.2694 0.582669479821
44.4696 0.818772575755
44.6698 1.01590969503
44.87 0.715064030876
45.0702 1.12263507928
45.2704 0.904709659918
45.4706 0.955241006945
45.6708 1.203200966
45.871 0.939848849758
46.0712 1.13048167819
46.2714 1.07546424127
46.4716 1.0214182325
46.6718 1.0469268971
46.8719 0.926336101146
47.0721 1.0138504682
47.2723 0.925154914734
47.4725 1.03487631133
47.6727 1.03104573174
47.8729 0.747455733158
48.0731 0.966595857791
48.2733 0.962561608894
48.4735 1.00679346734
48.6737 0.756593309841
48.8739 1.07275755985
49.0741 0.870176658229
49.2743 0.876049950002
49.4745 1.01054432281
49.6747 0.869179929549
49.8749 0.935633013991
50.0751 1.01848723822
50.2753 1.10406681281
50.4755 0.789710531289
50.6757 0.766278766078
50.8759 0.694139340377
51.0761 0.886133135472
51.2763 1.02237549759
51.4765 1.10548202758
51.6767 0.991152724616
51.8769 0.811922207092
52.0771 1.18603750633
52.2773 0.992392007738
52.4775 0.733990179541
52.6777 0.65817055774
52.8779 0.827654893122
53.0782 1.19474045527
53.2784 0.969489553767
53.4786 0.999654611298
53.6788 1.08799736078
53.879 1.10116244492
54.0792 1.25377671088
54.2794 0.987729272104
54.4796 1.02313499681
54.6798 1.01387614787
54.88 0.896354073304
55.0802 1.03900173921
55.2804 0.944157648718
55.4806 0.754264326237
55.6808 1.15400599501
55.881 1.19124621803
56.0812 1.18944931501
56.2815 1.21572894922
56.4817 0.870806197105
56.6819 0.930019420637
56.8821 1.10345834257
57.0823 0.743309264222
57.2825 1.09086682278
57.4827 1.17438173183
57.6829 1.08118604165
57.8831 0.981541987922
58.0833 1.06929592695
58.2836 1.05062211047
58.4838 0.846430962727
58.684 0.815621254087
58.8842 1.02459654239
59.0844 0.977248819713
59.2846 0.929118502338
59.4848 1.04582283475
59.685 1.24657307692
59.8853 1.05926462084
60.0855 1.09115539416
60.2857 1.09937587426
60.4859 0.77659506296
60.6861 0.838983740828
60.8863 1.07368214037
61.0865 0.916763342412
61.2868 0.813723486518
61.487 1.0121480415
61.6872 0.694038152317
61.8874 1.37775182579
62.0876 1.00729155495
62.2878 0.730596254748
62.4881 0.84666787246
62.6883 1.11290829484
62.8885 0.888043057633
63.0887 0.782931361462
63.2889 0.859511045413
63.4891 0.789269940236
63.6894 0.978013331626
63.8896 1.29298943887
64.0898 1.07683211141
64.29 1.09173501272
64.4902 1.25512558937
64.6905 0.722142765899
64.8907 1.00758769909
65.0909 0.938215397113
65.2911 0.975645034556
65.4913 0.624197518449
65.6916 1.14574486266
65.8918 1.14701295348
66.092 1.17520456541
66.2922 1.19177293106
66.4924 1.0505245494
66.6927 0.874331436774
66.8929 0.962041005665
67.0931 1.06087125198
67.2933 0.861469885377
67.4936 0.957226742925
67.6938 1.10341367371
67.894 1.14637556872
68.0942 0.833470170306
68.2945 0.95728177788
68.4947 0.953774829228
68.6949 0.991289527323
68.8951 1.13712117926
69.0954 0.815884796795
69.2956 0.751838173749
69.4958 1.09954502633
69.696 0.806489616582
69.8963 1.03112434332
70.0965 1.01898858996
70.2967 0.778695767236
70.4969 0.808400282596
70.6972 0.985571033072
70.8974 1.03460143299
71.0976 1.10549394935
71.2979 1.05041906472
71.4981 1.18271821887
71.6983 1.18292044318
71.8985 0.961405799928
72.0988 0.896943789924
72.299 0.896448467717
72.4992 0.868793088655
72.6995 0.835734991566
72.8997 1.13861160499
73.0999 1.1850621146
73.3002 0.713024874017
73.5004 1.07250070044
73.7006 0.959061633144
73.9009 1.12032629129
74.1011 0.796813847206
74.3013 1.03562896892
74.5016 0.751103948742
74.7018 1.33348915657
74.902 0.886810182162
75.1023 1.03856043935
75.3025 1.0687764665
75.5027 1.04260929692
75.703 1.04030912008
75.9032 0.702742989456
76.1034 1.10404912995
76.3037 1.10526893294
76.5039 0.981390562404
76.7041 0.859475256581
76.9044 1.26593367675
77.1046 1.1706284864
77.3048 0.873018812378
77.5051 1.29275905304
77.7053 1.01532521629
77.9056 1.11755715052
78.1058 1.05312316507
78.306 1.01798060655
78.5063 1.06486281382
78.7065 1.13340308474
78.9067 1.14674061621
79.107 1.03515184666
79.3072 1.14480410643
79.5075 1.02969700608
79.7077 1.08755847891
79.9079 0.884670426195
80.1082 0.977803763356
80.3084 0.85377624285
80.5087 0.911576167694
80.7089 0.721999550291
80.9091 0.987696144406
81.1094 0.981055230001
81.3096 1.14002972145
81.5099 0.995687756342
81.7101 0.956973933497
81.9104 0.738903116866
82.1106 0.823377931709
82.3108 0.90873002847
82.5111 0.93322558771
82.7113 1.04597951767
82.9116 1.10905447712
83.1118 0.601232452407
83.3121 0.925536554054
83.5123 0.829320102245
83.7126 1.11063323728
83.9128 1.47240296676
84.113 1.21248591989
84.3133 0.780907639194
84.5135 1.06681643237
84.7138 1.18368129859
84.914 0.891543475589
85.1143 1.06220927276
85.3145 0.916605822299
85.5148 1.18558192716
85.715 1.14875543126
85.9153 0.828554814922
86.1155 0.829881363135
86.3158 0.820024371524
86.516 1.21164705468
86.7163 1.11066882839
86.9165 0.998298716863
87.1168 1.02934568376
87.317 1.13865364395
87.5173 1.01036533401
87.7175 0.926875709601
87.9178 0.843221370875
88.118 0.826657997728
88.3183 1.12274939236
88.5185 1.00584185047
88.7188 0.855270617913
88.919 1.00665831764
89.1193 1.09136287675
89.3195 1.13654435867
89.5198 1.17134428149
89.72 1.26338688524
89.9203 1.10224144035
90.1205 0.892340997117
90.3208 1.10627239119
90.521 0.997728790602
90.7213 0.905656489567
90.9216 1.26820211516
91.1218 0.837804227157
91.3221 1.0958698804
91.5223 1.08278186089
91.7226 1.22469174586
91.9228 1.02490551613
92.1231 1.23986461254
92.3233 1.19645674323
92.5236 1.13995945879
92.7239 1.03766307992
92.9241 1.2369664948
93.1244 1.02018859636
93.3246 0.819483174043
93.5249 1.02328677491
93.7252 1.03017381283
93.9254 0.767259874902
94.1257 0.849378114318
94.3259 1.00258306583
94.5262 1.11130444864
94.7264 0.862983697635
94.9267 0.820666164478
95.127 0.798295093058
95.3272 0.992898141063
95.5275 1.11463314823
95.7278 1.29720314159
95.928 1.14602120561
96.1283 1.05790357867
96.3285 0.735468007253
96.5288 0.849016447702
96.7291 1.03104882412
96.9293 1.48186666587
97.1296 1.3561218185
97.3298 0.907151662987
97.5301 0.950118799161
97.7304 0.786753109375
97.9306 0.921480401586
98.1309 0.823880420359
98.3312 0.953652203036
98.5314 1.23065702725
98.7317 1.0826786363
98.932 0.868604976402
99.1322 0.905090016244
99.3325 1.0654430464
99.5328 0.738433649102
99.733 0.954474638819
99.9333 0.842187712759
