-100.0 1.01017813699
-99.8 1.16505214099
-99.6 1.07358664977
-99.4 1.01937370298
-99.2 0.992179456232
-99.0 0.961115990734
-98.8 1.03379600297
-98.6 0.994077240893
-98.4 0.898411845317
-98.2 1.00131915713
-98.0 1.13226444637
-97.8 1.03819590197
-97.6 1.01639757333
-97.4 0.998729377525
-97.2 0.98968612716
-97.0 1.0214056106
-96.8 1.0749646036
-96.6 1.10563082721
-96.4 0.94287057979
-96.2 1.01373812038
-95.9999 1.07764221532
-95.7999 1.01847494487
-95.5999 0.955307343548
-95.3999 0.938415700772
-95.1999 1.08335399634
-94.9999 0.952454743959
-94.7999 1.03041300149
-94.5999 0.932398858233
-94.3999 0.908691374562
-94.1999 0.996900884623
-93.9999 0.952983968082
-93.7999 0.926056842653
-93.5999 0.954036366137
-93.3999 1.02828530671
-93.1999 0.938456831602
-92.9998 1.01976185028
-92.7998 1.06003705575
-92.5998 1.03683341901
-92.3998 0.93837763496
-92.1998 0.960201371302
-91.9998 0.91925912901
-91.7998 0.954571740938
-91.5998 0.91901739295
-91.3998 0.997670277446
-91.1997 0.969900586923
-90.9997 1.17832321161
-90.7997 0.986000405924
-90.5997 1.02555434073
-90.3997 0.953565648463
-90.1997 0.955777656762
-89.9997 0.995328906547
-89.7997 0.876103848552
-89.5996 0.990352365684
-89.3996 1.02112288824
-89.1996 1.04830334721
-88.9996 1.02604569877
-88.7996 0.989824437129
-88.5996 1.08671016526
-88.3996 0.980388630461
-88.1995 1.11083087511
-87.9995 0.986076681247
-87.7995 0.97783968052
-87.5995 0.964216979232
-87.3995 1.03856900291
-87.1995 1.0378957552
-86.9994 0.857428845799
-86.7994 1.04657039229
-86.5994 1.0068421837
-86.3994 0.967563231536
-86.1994 1.02614243719
-85.9994 1.09457026825
-85.7993 0.935308435591
-85.5993 1.11148989382
-85.3993 1.01819390447
-85.1993 0.977058006198
-84.9993 0.887463743209
-84.7992 1.0874212735
-84.5992 0.984873707186
-84.3992 0.970697289824
-84.1992 1.03126251892
-83.9991 0.837734400431
-83.7991 1.02726386518
-83.5991 1.11197164145
-83.3991 0.892771802815
-83.1991 0.890396724666
-82.999 0.94246010936
-82.799 1.05985945724
-82.599 0.97946603293
-82.399 1.05982537462
-82.1989 0.948718040793
-81.9989 1.03318517138
-81.7989 0.967907119843
-81.5989 0.903880181883
-81.3988 1.03461625329
-81.1988 0.967131860187
-80.9988 0.934425755044
-80.7988 1.06463489846
-80.5987 0.950534641968
-80.3987 1.0209627494
-80.1987 1.04659564916
-79.9987 1.08649236628
-79.7986 1.06665515925
-79.5986 0.955572473721
-79.3986 1.01789944665
-79.1986 0.995063130397
-78.9985 0.983835228648
-78.7985 1.05648050122
-78.5985 1.01439752466
-78.3984 1.0198459169
-78.1984 0.936109391584
-77.9984 0.987044909826
-77.7984 0.939325168166
-77.5983 1.03644157355
-77.3983 0.893540897281
-77.1983 1.01198006986
-76.9982 1.0427005593
-76.7982 1.08120829309
-76.5982 0.975356964754
-76.3981 1.13002050476
-76.1981 1.07155039992
-75.9981 0.962626060536
-75.798 1.09874259278
-75.598 1.1123464465
-75.398 0.980031965759
-75.198 0.968988490039
-74.9979 1.07067668096
-74.7979 1.05332584698
-74.5978 1.10611869254
-74.3978 0.893010962189
-74.1978 0.946903486293
-73.9977 0.991094809764
-73.7977 1.00764295023
-73.5977 0.871257884125
-73.3976 0.915914316227
-73.1976 0.936388038862
-72.9976 1.04810101665
-72.7975 0.940144989368
-72.5975 0.947866505098
-72.3975 1.02338317256
-72.1974 1.04565957354
-71.9974 1.07596697888
-71.7973 0.985049042091
-71.5973 0.973776902419
-71.3973 0.958651773628
-71.1972 0.804551166647
-70.9972 0.980956579526
-70.7972 0.94295671447
-70.5971 0.948876653919
-70.3971 0.98490637038
-70.197 0.957225278916
-69.997 1.04318335583
-69.797 1.07626637803
-69.5969 0.990254950659
-69.3969 0.948592446348
-69.1968 1.08095884772
-68.9968 0.975310267521
-68.7968 1.02301600694
-68.5967 1.06772593742
-68.3967 0.96029229696
-68.1966 0.973466104
-67.9966 1.07151893913
-67.7965 0.958252607642
-67.5965 0.992503639361
-67.3965 0.878078302398
-67.1964 1.04806419612
-66.9964 1.02998733211
-66.7963 0.898755977232
-66.5963 0.934356706192
-66.3962 1.11907796295
-66.1962 1.023926003
-65.9961 1.05454083845
-65.7961 0.971148418248
-65.5961 0.965530296376
-65.396 1.00199520071
-65.196 1.03457662894
-64.9959 1.06739839629
-64.7959 0.98354548112
-64.5958 0.96809621108
-64.3958 0.946498942828
-64.1957 0.954920749073
-63.9957 1.025420527
-63.7956 1.03547163237
-63.5956 1.04329216295
-63.3955 0.900856108841
-63.1955 0.948642854767
-62.9954 1.08951982898
-62.7954 1.00473065884
-62.5953 0.953668715674
-62.3953 0.978909282096
-62.1952 1.05990577456
-61.9952 1.04169951189
-61.7951 1.04331137536
-61.5951 1.0171179945
-61.395 0.98278854875
-61.195 0.937061894403
-60.9949 1.11841131161
-60.7949 0.946500025867
-60.5948 0.971805295172
-60.3948 1.01950685443
-60.1947 1.08863545718
-59.9947 0.827038979349
-59.7946 0.97081784011
-59.5946 1.02371732359
-59.3945 0.963424909795
-59.1944 0.953851908436
-58.9944 0.934774889502
-58.7943 0.957290917694
-58.5943 1.09853892748
-58.3942 1.08016738899
-58.1942 1.10340763304
-57.9941 1.11153932641
-57.7941 1.11505729123
-57.594 0.975951428408
-57.3939 0.901830132232
-57.1939 0.910687571827
-56.9938 0.963009027926
-56.7938 1.07452112472
-56.5937 1.08612095477
-56.3937 0.992740516871
-56.1936 0.928918329011
-55.9935 0.99799157073
-55.7935 1.0617644571
-55.5934 0.937722780737
-55.3934 0.888899451739
-55.1933 0.964429630998
-54.9932 1.08962982828
-54.7932 1.06541487951
-54.5931 0.947723470466
-54.3931 0.984527617229
-54.193 0.989325004401
-53.9929 0.912572505007
-53.7929 1.02254390081
-53.5928 1.05388973687
-53.3928 1.06096417672
-53.1927 0.900431436683
-52.9926 1.00007875068
-52.7926 1.06560024396
-52.5925 0.952664316464
-52.3924 0.959695939642
-52.1924 0.897646766946
-51.9923 1.00916320131
-51.7922 1.02164540919
-51.5922 1.0759062311
-51.3921 0.938606875643
-51.1921 0.991353984731
-50.992 0.911158886595
-50.7919 0.97452437406
-50.5919 1.01884282394
-50.3918 1.15287937167
-50.1917 1.04425193158
-49.9917 1.04051098727
-49.7916 0.971491779273
-49.5915 1.04362605332
-49.3915 0.976591358033
-49.1914 0.96031349925
-48.9913 0.88017283642
-48.7913 1.05010560496
-48.5912 1.00391781688
-48.3911 0.966101704664
-48.191 1.00504149745
-47.991 0.898782924667
-47.7909 1.00539607535
-47.5908 1.0289905379
-47.3908 0.970228040671
-47.1907 1.02035898005
-46.9906 1.05044123633
-46.7906 0.979575662141
-46.5905 1.02981668124
-46.3904 0.955490851041
-46.1903 1.02170481549
-45.9903 0.995597440722
-45.7902 1.0594894451
-45.5901 1.01569759114
-45.3901 0.962414068785
-45.19 1.06790206647
-44.9899 1.08691647472
-44.7898 1.08583850916
-44.5898 1.10417821669
-44.3897 0.972450730104
-44.1896 1.04932943017
-43.9895 0.981901429627
-43.7895 0.959450155392
-43.5894 1.10200214541
-43.3893 1.06315808445
-43.1892 1.0564524436
-42.9892 1.08722434686
-42.7891 1.00820526867
-42.589 1.15389789699
-42.3889 1.01939257905
-42.1889 1.00551447972
-41.9888 1.10197955578
-41.7887 0.924785789838
-41.5886 1.00795881404
-41.3885 1.02122194492
-41.1885 1.05985423307
-40.9884 0.910121465899
-40.7883 0.85198620622
-40.5882 0.930320233009
-40.3881 0.994443853289
-40.1881 1.00469719496
-39.988 1.05249431322
-39.7879 0.978864177559
-39.5878 1.05397431184
-39.3877 1.02765687573
-39.1877 0.959307133859
-38.9876 1.01900869243
-38.7875 0.992751612544
-38.5874 1.03204559314
-38.3873 0.981327013693
-38.1873 1.05122466481
-37.9872 1.06455576106
-37.7871 1.04843570269
-37.587 1.0019853999
-37.3869 1.02389406305
-37.1868 0.918366747933
-36.9868 1.06021975148
-36.7867 1.05519168783
-36.5866 0.927113597597
-36.3865 0.95834210141
-36.1864 1.03207069113
-35.9863 0.967420189558
-35.7862 0.99422193645
-35.5862 1.07194707508
-35.3861 0.940420819034
-35.186 1.10400218788
-34.9859 1.03863914299
-34.7858 1.04374268148
-34.5857 1.00041855745
-34.3856 1.04184746775
-34.1856 1.17801647577
-33.9855 1.12257161449
-33.7854 1.03162141991
-33.5853 0.991659569509
-33.3852 0.871141767359
-33.1851 1.09021936817
-32.985 1.0834212437
-32.7849 0.92368990303
-32.5848 0.943797088759
-32.3847 1.00473194281
-32.1847 0.983203049546
-31.9846 1.01954027918
-31.7845 1.01826410232
-31.5844 1.10443425497
-31.3843 1.03835796546
-31.1842 0.974929860741
-30.9841 0.966309437622
-30.784 1.01145123955
-30.5839 0.98132771463
-30.3838 1.03010095058
-30.1837 0.970518490631
-29.9836 1.08565743688
-29.7836 0.988687604589
-29.5835 1.01202285915
-29.3834 1.07939358284
-29.1833 1.02508951984
-28.9832 1.07298236404
-28.7831 1.1092705732
-28.583 0.993805225499
-28.3829 0.968445823083
-28.1828 1.06452067652
-27.9827 0.888062588334
-27.7826 1.08359450686
-27.5825 1.04707378074
-27.3824 1.03574632967
-27.1823 1.10082092565
-26.9822 0.959653240583
-26.7821 0.954651143388
-26.582 0.949791946449
-26.3819 1.0684244044
-26.1818 0.84878866874
-25.9817 0.876069629809
-25.7816 0.953365467547
-25.5815 0.922463162498
-25.3814 0.916803844712
-25.1813 0.945530161587
-24.9812 1.10115211267
-24.7811 0.999498050546
-24.581 1.01635749074
-24.3809 1.08682503219
-24.1808 1.02309932332
-23.9807 0.867348301558
-23.7806 0.89458491294
-23.5805 1.08799814281
-23.3804 1.02187473881
-23.1803 0.918410470376
-22.9802 0.955249733475
-22.7801 0.944684295093
-22.58 0.879493010762
-22.3799 0.919903322515
-22.1798 0.943041007199
-21.9797 1.15267820508
-21.7796 0.976508870915
-21.5795 0.813197948071
-21.3794 0.916277852565
-21.1793 0.901237715093
-20.9792 1.08768657355
-20.7791 1.04738015699
-20.579 1.10219782123
-20.3789 1.09634703176
-20.1787 1.11259392445
-19.9786 0.956201195328
-19.7785 0.97143477211
-19.5784 1.0061749287
-19.3783 1.05395520676
-19.1782 1.01798487493
-18.9781 0.924659167671
-18.778 1.04717559326
-18.5779 0.891827641584
-18.3778 0.955732884691
-18.1777 0.924847316588
-17.9776 0.998827652614
-17.7774 0.8963437721
-17.5773 0.861670522178
-17.3772 1.00450048108
-17.1771 0.945255310803
-16.977 1.00164915053
-16.7769 1.22184540257
-16.5768 1.02056856541
-16.3767 0.93297200565
-16.1766 0.978160292853
-15.9764 1.00944126532
-15.7763 0.973739046436
-15.5762 0.928773809178
-15.3761 0.916700933642
-15.176 0.870804265893
-14.9759 1.0180489412
-14.7758 0.978211969854
-14.5757 0.919596357221
-14.3755 0.981130997935
-14.1754 0.900654875607
-13.9753 0.987344606184
-13.7752 0.875939263833
-13.5751 1.03515253675
-13.375 0.944712525773
-13.1749 1.09394319128
-12.9747 0.884754069768
-12.7746 1.08218197274
-12.5745 1.03304371391
-12.3744 1.02854546735
-12.1743 0.992350971594
-11.9742 0.893621398236
-11.774 0.945792259478
-11.5739 1.05299982166
-11.3738 0.922618221028
-11.1737 0.916753470874
-10.9736 0.876745749892
-10.7734 1.12354489443
-10.5733 1.00066672896
-10.3732 0.915885858912
-10.1731 0.839984716947
-9.97296 1.01088255345
-9.77284 0.971376229709
-9.57272 0.969350886241
-9.3726 0.993866770963
-9.17248 0.791296712826
-8.97236 0.859238577932
-8.77224 1.08061032217
-8.57211 0.885543719608
-8.37199 0.797205497589
-8.17187 0.95750350608
-7.97175 1.02212812219
-7.77163 0.805478268118
-7.5715 0.858605433553
-7.37138 0.760876349626
-7.17125 0.707322986678
-6.97113 0.723320081264
-6.77101 0.7773909369
-6.57088 0.664167581752
-6.37076 0.619217187745
-6.17063 0.161174734135
-5.97051 0.272344921899
-5.77038 0.17424800695
-5.57025 0.0543336606422
-5.37013 0.108195852975
-5.17 0.0998100210561
-4.96987 0.0204005823664
-4.76975 0.0951775400688
-4.56962 0.0800427274494
-4.36949 -0.00129811328173
-4.16937 0.0649317857705
-3.96924 0.0848398208209
-3.76911 0.146994206428
-3.56898 -0.00119537367375
-3.36885 0.0881829277804
-3.16872 -0.00953780527445
-2.96859 0.177473899559
-2.76846 0.35652230631
-2.56833 0.123030079835
-2.3682 0.0980839732361
-2.16807 0.0605759262584
-1.96794 0.0465173317809
-1.76781 0.251522242283
-1.56768 0.032817500654
-1.36755 0.134236659335
-1.16742 0.220858465379
-0.967284 0.136584975083
-0.767152 0.162829473294
-0.567019 0.0429435764773
-0.366886 0.289846032226
-0.166753 0.620136744605
0.0333802 0.390686583875
0.233514 0.226035151177
0.433648 0.377291725781
0.633782 0.104579817398
0.833917 0.208141996668
1.03405 0.102998315255
1.23419 0.347735308504
1.43432 0.155939102485
1.63446 0.0228057150842
1.83459 0.00553699230375
2.03473 -0.0021282927719
2.23487 -0.040938187013
2.435 0.00416711151043
2.63514 -0.0195962960558
2.83528 -0.0665430390005
3.03541 0.0311078713497
3.23555 0.0428628467394
3.43569 -0.0142247108593
3.63583 0.0146925857731
3.83597 -0.0122436573735
4.0361 -0.0253986502393
4.23624 -0.0257807280956
4.43638 0.0153943002373
4.63652 -0.0179142026755
4.83666 -0.0310529952073
5.0368 -0.0699184377987
5.23694 0.0451990073852
5.43708 0.330813722201
5.63722 0.277277511133
5.83737 0.629803391573
6.03751 0.486711775437
6.23765 0.699733711454
6.43779 0.62799714223
6.63793 0.407728823034
6.83808 0.50061530559
7.03822 0.186296943828
7.23836 0.533575569258
7.4385 0.423582042421
7.63865 0.240436868533
7.83879 0.618266790606
8.03894 0.367412363789
8.23908 0.51178334873
8.43923 0.364651886326
8.63937 0.665391842559
8.83951 0.58217491743
9.03966 0.523989649343
9.23981 0.498031067154
9.43995 0.668184206641
9.6401 0.715433858131
9.84025 0.603360122528
10.0404 0.868086528628
10.2405 0.833320865578
10.4407 0.916205564878
10.6408 0.945040685802
10.841 0.934294634316
11.0411 0.826939654772
11.2413 1.23024128321
11.4414 0.866713801594
11.6416 0.837230854506
11.8417 0.785952352779
12.0419 0.809105312113
12.242 0.71232998778
12.4422 0.830359500025
12.6423 1.02936658935
12.8425 0.833887667584
13.0426 0.714590658074
13.2428 0.755339509992
13.4429 0.796116079467
13.6431 0.859547407564
13.8432 0.689445608227
14.0434 0.828301078483
14.2435 0.793209839431
14.4437 0.852813104943
14.6438 1.0429921318
14.844 0.977688611808
15.0441 0.93875003503
15.2443 0.74171816009
15.4445 0.682600764534
15.6446 0.765213438128
15.8448 0.96385555527
16.0449 0.805754758563
16.2451 0.923662719317
16.4452 1.04152596221
16.6454 0.991524844757
16.8455 0.791293809901
17.0457 0.839595008681
17.2459 0.800100172548
17.446 0.910955050406
17.6462 1.08438563335
17.8463 1.02361997793
18.0465 1.02164243178
18.2466 1.01638647667
18.4468 1.02725462935
18.647 0.846991443439
18.8471 1.12248952428
19.0473 0.909766556497
19.2474 0.892029388111
19.4476 1.0486658788
19.6478 0.742717912592
19.8479 1.05900593702
20.0481 0.863200685204
20.2482 0.97295700075
20.4484 0.950896987283
20.6486 0.937479136139
20.8487 0.857512771098
21.0489 0.946272113587
21.249 0.976787764684
21.4492 0.960511301032
21.6494 1.00403820729
21.8495 1.01197241715
22.0497 1.04477504048
22.2498 0.941679728298
22.45 0.916291333642
22.6502 0.856706444758
22.8503 0.947122020688
23.0505 1.05191043747
23.2507 1.04507712913
23.4508 1.10841227808
23.651 0.927373365109
23.8512 0.942979333435
24.0513 0.875925077602
24.2515 0.989364772153
24.4517 0.896709975391
24.6518 1.00333426383
24.852 1.07558199193
25.0522 0.985523316105
25.2523 1.0337296947
25.4525 1.07328111517
25.6527 1.10681396811
25.8528 0.958629044271
26.053 0.87854789797
26.2532 0.999569872337
26.4533 1.10389980895
26.6535 0.959831733511
26.8537 0.871800053796
27.0538 0.887893922442
27.254 0.952880357301
27.4542 0.97284127509
27.6544 1.00399420946
27.8545 0.876789288898
28.0547 1.05777290122
28.2549 1.09172454657
28.455 0.992181900018
28.6552 0.999955777192
28.8554 0.997938129117
29.0556 0.954726215097
29.2557 0.96013127889
29.4559 1.08695535468
29.6561 0.915034822542
29.8562 1.00127376336
30.0564 1.08586315693
30.2566 1.05141025491
30.4568 0.903010532829
30.6569 0.986821088312
30.8571 0.965249797026
31.0573 0.974394091242
31.2575 1.0648831723
31.4576 0.942467955461
31.6578 0.908308863264
31.858 0.988945694146
32.0582 1.01249846104
32.2583 0.958218836912
32.4585 0.863780030763
32.6587 0.984506851483
32.8589 0.950429319988
33.0591 1.01517994749
33.2592 1.05269432038
33.4594 1.02564130126
33.6596 0.973433816634
33.8598 0.990544250263
34.0599 0.946113044778
34.2601 0.97882292057
34.4603 1.03644411031
34.6605 0.923725368247
34.8607 0.956642607798
35.0608 0.901857292885
35.261 0.948684438906
35.4612 1.05967115346
35.6614 1.06228500877
35.8616 0.939341352725
36.0617 1.03936400432
36.2619 1.06404563681
36.4621 0.941219272444
36.6623 0.879324829075
36.8625 0.973295114518
37.0627 1.02050182966
37.2628 1.02190363658
37.463 0.943701633581
37.6632 0.912504457414
37.8634 1.12459075847
38.0636 0.985404895707
38.2638 1.02468912937
38.4639 0.999889808894
38.6641 1.05477215626
38.8643 0.944757345836
39.0645 1.0410890643
39.2647 0.924437652147
39.4649 0.935696752302
39.6651 0.919846635083
39.8652 0.95956429648
40.0654 1.01375977436
40.2656 0.786432109259
40.4658 0.872393415482
40.666 1.09055170838
40.8662 0.964224640588
41.0664 0.959221874756
41.2666 0.987249506438
41.4668 0.942367085016
41.6669 0.959766331169
41.8671 0.846970146365
42.0673 1.01371199769
42.2675 1.11350066597
42.4677 1.01351910466
42.6679 0.936868226709
42.8681 1.10218476547
43.0683 0.978714968463
43.2685 1.04414893063
43.4687 0.86396088471
43.6688 1.00295100486
43.869 0.97455820524
44.0692 0.938063953808
44.2694 0.963126782046
44.4696 0.869292727803
44.6698 0.871991569176
44.87 1.00308166968
45.0702 1.14091585268
45.2704 0.966886096145
45.4706 1.09662587675
45.6708 1.08497752694
45.871 1.10300926307
46.0712 0.993770686246
46.2714 1.04869789869
46.4716 0.893699343003
46.6718 0.95123069505
46.8719 0.966490628113
47.0721 1.0003358877
47.2723 1.02078917574
47.4725 1.05631619397
47.6727 1.10777908252
47.8729 0.984507616463
48.0731 1.15965211313
48.2733 1.0165606591
48.4735 0.773445681666
48.6737 0.877821032732
48.8739 1.00867492802
49.0741 0.941776258133
49.2743 1.04036329824
49.4745 0.999619381276
49.6747 0.968363161367
49.8749 0.909209050886
50.0751 1.0022265163
50.2753 0.934244902523
50.4755 0.93965522385
50.6757 0.942781107057
50.8759 0.949851568937
51.0761 0.979313230232
51.2763 1.00984123134
51.4765 0.98904092726
51.6767 0.855908736587
51.8769 1.0223360557
52.0771 1.02790834374
52.2773 0.990241674703
52.4775 1.05631521648
52.6777 1.01317452334
52.8779 1.03566190846
53.0782 0.948507381088
53.2784 1.04333122229
53.4786 0.92045692067
53.6788 0.976074308946
53.879 1.04101342289
54.0792 0.918713365877
54.2794 1.05164078576
54.4796 0.98342214691
54.6798 0.959519354931
54.88 0.965813660541
55.0802 1.09176749876
55.2804 0.982667180489
55.4806 1.03496029577
55.6808 0.970855476847
55.881 0.93774312008
56.0812 0.956134363676
56.2815 1.02996566859
56.4817 1.01543575523
56.6819 1.05354040156
56.8821 0.978975988399
57.0823 0.937884438925
57.2825 1.00437537636
57.4827 0.928530388015
57.6829 0.951415625919
57.8831 1.0064254815
58.0833 1.03589149449
58.2836 0.987493829355
58.4838 1.05185709254
58.684 1.03695800533
58.8842 0.973418781554
59.0844 1.00968501103
59.2846 0.947159653974
59.4848 0.984059742945
59.685 0.918405003347
59.8853 0.941860911998
60.0855 0.849865024277
60.2857 1.12916182777
60.4859 0.985075659137
60.6861 0.936861306635
60.8863 0.980041423761
61.0865 0.945304863197
61.2868 0.900489803843
61.487 0.999716160128
61.6872 0.986022441724
61.8874 0.907687677629
62.0876 0.895337062866
62.2878 1.00981972362
62.4881 1.05779396701
62.6883 0.967810677493
62.8885 0.946959760593
63.0887 1.03660141712
63.2889 1.16721943782
63.4891 0.993961232628
63.6894 0.977558369014
63.8896 1.12778374828
64.0898 1.03891029742
64.29 1.04064503885
64.4902 1.05293701219
64.6905 1.02328949358
64.8907 0.897364620905
65.0909 1.0131973654
65.2911 1.09401341811
65.4913 1.07706497112
65.6916 0.99912680699
65.8918 1.04260094866
66.092 0.904162502185
66.2922 1.0079200407
66.4924 0.981162816405
66.6927 0.964993532142
66.8929 0.966444700548
67.0931 1.02361895338
67.2933 1.05912349318
67.4936 1.01717055612
67.6938 1.08526009268
67.894 0.938784877043
68.0942 0.910152592552
68.2945 1.05027777815
68.4947 0.961950757529
68.6949 1.08560479754
68.8951 1.01984391859
69.0954 0.991756817818
69.2956 1.08717795153
69.4958 1.05107391802
69.696 0.983501851076
69.8963 0.993412058236
70.0965 1.02172108025
70.2967 1.04704410244
70.4969 0.972962156959
70.6972 0.933989391643
70.8974 1.06685742112
71.0976 0.941907445996
71.2979 1.0376978688
71.4981 1.04330590111
71.6983 1.04327655628
71.8985 1.04298209896
72.0988 1.08947557148
72.299 0.986996462835
72.4992 1.05590909637
72.6995 1.05765943612
72.8997 1.01612248888
73.0999 0.993088660841
73.3002 0.93483030026
73.5004 0.924521758406
73.7006 0.931577088838
73.9009 0.959906302421
74.1011 0.880196215148
74.3013 1.02725573336
74.5016 1.07852059758
74.7018 1.01620480454
74.902 0.983159272848
75.1023 1.06391182324
75.3025 0.967573215946
75.5027 0.948185929069
75.703 0.910019799455
75.9032 0.998483551592
76.1034 1.03884590109
76.3037 1.10172681701
76.5039 0.912024417887
76.7041 1.03801724923
76.9044 0.982839014195
77.1046 1.00716267179
77.3048 1.04982391329
77.5051 0.88215172391
77.7053 0.927778141965
77.9056 1.08689879058
78.1058 1.10765455862
78.306 0.998528465631
78.5063 0.923020347362
78.7065 1.04568410207
78.9067 0.992752885311
79.107 1.05088881394
79.3072 0.982188297781
79.5075 0.972015857356
79.7077 1.09215873208
79.9079 1.00342466064
80.1082 0.967324825137
80.3084 1.12723350536
80.5087 1.02821830874
80.7089 1.1351546303
80.9091 0.954350520645
81.1094 1.0608820435
81.3096 1.00375146816
81.5099 0.975078239821
81.7101 1.10021833947
81.9104 0.966146623171
82.1106 0.965501289727
82.3108 1.03658526953
82.5111 0.924828513803
82.7113 0.978625063167
82.9116 0.960707104932
83.1118 1.01463529054
83.3121 1.00253589384
83.5123 0.969972294733
83.7126 1.07294023181
83.9128 0.995665551829
84.113 0.972519889708
84.3133 0.971319814981
84.5135 1.03908763748
84.7138 0.977134124457
84.914 0.889478868707
85.1143 0.883819112084
85.3145 1.00982742468
85.5148 0.940923141253
85.715 1.05748964932
85.9153 0.964995593887
86.1155 0.952227777027
86.3158 1.03212653904
86.516 0.99069096304
86.7163 1.07191647292
86.9165 0.944000742403
87.1168 1.0032736184
87.317 0.944288736857
87.5173 0.993993729257
87.7175 1.05342297519
87.9178 1.02515473663
88.118 0.955637274889
88.3183 0.85110685433
88.5185 0.941839267526
88.7188 1.03978162029
88.919 1.0593680902
89.1193 1.05059927779
89.3195 0.941997623829
89.5198 0.982035259515
89.72 0.949994901432
89.9203 1.08681239616
90.1205 0.927225031449
90.3208 1.08266614435
90.521 1.02458317706
90.7213 1.01746618497
90.9216 1.11036800891
91.1218 0.975518671625
91.3221 1.00934209311
91.5223 0.928302742158
91.7226 0.986300654651
91.9228 1.01353369362
92.1231 0.969560096066
92.3233 0.91247449458
92.5236 0.956154354753
92.7239 1.0425415106
92.9241 1.04367364726
93.1244 1.00221740114
93.3246 0.924205382482
93.5249 0.995436228556
93.7252 1.04462933469
93.9254 1.04541396088
94.1257 1.0831356973
94.3259 0.973184950576
94.5262 1.02954917148
94.7264 1.03142821824
94.9267 0.952218740327
95.127 0.941293026456
95.3272 0.962518761315
95.5275 1.16329523425
95.7278 1.00364760067
95.928 0.978243488985
96.1283 1.06141409241
96.3285 1.01024497065
96.5288 0.979465603615
96.7291 1.06292074782
96.9293 0.972086223741
97.1296 0.920510435449
97.3298 1.05033275559
97.5301 0.977451647979
97.7304 0.989666173972
97.9306 0.981496159363
98.1309 0.913748190668
98.3312 0.980153369695
98.5314 0.973623521881
98.7317 0.934299626926
98.932 0.977350998406
99.1322 1.02025331534
99.3325 1.11825031062
99.5328 0.950705759138
99.733 0.963262149228
99.9333 0.93858149904
