-100.0 0.979592200663
-99.8 0.992947500521
-99.6 1.01083751846
-99.4 0.975516874789
-99.2 1.02224970508
-99.0 0.972965427194
-98.8 0.983695723656
-98.6 0.995507003849
-98.4 0.983083856887
-98.2 0.970073497273
-98.0 1.01126900653
-97.8 1.02623420761
-97.6 0.99924356343
-97.4 1.05132437024
-97.2 1.03390261094
-97.0 1.00491297021
-96.8 0.993326078097
-96.6 0.954143923413
-96.4 0.952813120326
-96.2 0.950996704008
-95.9999 0.955608313392
-95.7999 1.0377396368
-95.5999 1.00160060262
-95.3999 0.958196235108
-95.1999 1.02349850212
-94.9999 0.953033792625
-94.7999 1.02941678377
-94.5999 1.07942898414
-94.3999 1.03962349137
-94.1999 0.996976513214
-93.9999 0.970217606094
-93.7999 1.00456693606
-93.5999 1.07099177186
-93.3999 1.00192212873
-93.1999 0.952607891783
-92.9998 0.986411882658
-92.7998 0.965046246844
-92.5998 0.944458232979
-92.3998 0.966763543931
-92.1998 0.960456779033
-91.9998 0.996430728602
-91.7998 1.02085904743
-91.5998 1.03867223032
-91.3998 1.02000601348
-91.1997 0.995027312138
-90.9997 0.949798433583
-90.7997 0.969865734574
-90.5997 0.956331225395
-90.3997 0.992266955446
-90.1997 1.0006991067
-89.9997 0.95434535643
-89.7997 0.977103709011
-89.5996 1.06695024491
-89.3996 1.01322842541
-89.1996 0.96982080268
-88.9996 0.984613794895
-88.7996 0.96655649067
-88.5996 1.01110633016
-88.3996 0.975578750612
-88.1995 0.975892855662
-87.9995 1.06027844708
-87.7995 1.00304035552
-87.5995 0.978548903011
-87.3995 1.02004054581
-87.1995 0.982568960402
-86.9994 0.966472846653
-86.7994 1.0309492174
-86.5994 0.99288843526
-86.3994 0.93640653861
-86.1994 0.969448398481
-85.9994 0.933786507642
-85.7993 0.9757380355
-85.5993 0.972454386474
-85.3993 1.00780926
-85.1993 1.01761208212
-84.9993 1.02328889196
-84.7992 1.02849099333
-84.5992 1.0220034885
-84.3992 1.05060978786
-84.1992 1.01869131123
-83.9991 0.968815747981
-83.7991 1.030694381
-83.5991 0.979547649728
-83.3991 1.01574432288
-83.1991 1.00517682689
-82.999 1.00365507338
-82.799 1.01374120734
-82.599 0.991167597596
-82.399 1.04765572557
-82.1989 1.07283595854
-81.9989 0.996653964891
-81.7989 1.00406299494
-81.5989 0.929061330021
-81.3988 0.998814038745
-81.1988 0.990717406002
-80.9988 1.0229107296
-80.7988 0.964621130853
-80.5987 1.00362558571
-80.3987 0.998866346656
-80.1987 0.989760810342
-79.9987 0.974128222381
-79.7986 1.01805079049
-79.5986 1.00150830035
-79.3986 0.991351331
-79.1986 1.05677735438
-78.9985 0.950280890048
-78.7985 1.01816813554
-78.5985 1.06357186405
-78.3984 1.02724286985
-78.1984 1.03899517388
-77.9984 1.01683193714
-77.7984 1.01553922485
-77.5983 0.947325718076
-77.3983 0.971281755152
-77.1983 1.0271959664
-76.9982 0.995678635807
-76.7982 1.04235953573
-76.5982 0.983700939672
-76.3981 1.04477705142
-76.1981 1.01635686334
-75.9981 0.964882257129
-75.798 1.05249010437
-75.598 1.0130865156
-75.398 1.00280633145
-75.198 1.01816789196
-74.9979 0.967918936252
-74.7979 0.980507905186
-74.5978 1.04536296836
-74.3978 1.01166656784
-74.1978 0.959809169197
-73.9977 1.08909315207
-73.7977 0.982183501153
-73.5977 1.01910512207
-73.3976 0.953425791761
-73.1976 1.02288148769
-72.9976 1.02442585734
-72.7975 1.06688573928
-72.5975 0.992926812648
-72.3975 1.02882709377
-72.1974 1.02042113997
-71.9974 1.01038985506
-71.7973 1.03497177322
-71.5973 1.03100633138
-71.3973 1.04306422963
-71.1972 1.03313854844
-70.9972 1.00320423689
-70.7972 1.03440600219
-70.5971 0.995485556751
-70.3971 0.994184225603
-70.197 0.939917341858
-69.997 0.980012062815
-69.797 0.968246163012
-69.5969 0.950213504362
-69.3969 1.03043071041
-69.1968 1.02986121921
-68.9968 0.987836543824
-68.7968 0.995535100569
-68.5967 1.03229991282
-68.3967 1.03097949403
-68.1966 1.02285130269
-67.9966 1.00062007177
-67.7965 1.04307333686
-67.5965 1.02843785115
-67.3965 1.0159438333
-67.1964 0.990425479106
-66.9964 0.937328933764
-66.7963 0.935473890579
-66.5963 1.00962364946
-66.3962 1.03488331684
-66.1962 0.982810014974
-65.9961 0.990628584409
-65.7961 0.946686150334
-65.5961 1.0013029152
-65.396 0.993447140501
-65.196 1.0295673754
-64.9959 1.00671240252
-64.7959 1.01546907769
-64.5958 1.00612081541
-64.3958 1.02538754288
-64.1957 0.974349269723
-63.9957 0.993506197142
-63.7956 1.00616504268
-63.5956 0.941844940969
-63.3955 1.00166589628
-63.1955 1.01313048508
-62.9954 1.02974947035
-62.7954 1.02214729296
-62.5953 0.982445157502
-62.3953 0.993908520642
-62.1952 0.982340690798
-61.9952 0.989234687789
-61.7951 1.01831591402
-61.5951 0.990241099823
-61.395 1.00914685104
-61.195 1.01358197154
-60.9949 0.969989461978
-60.7949 0.951276861123
-60.5948 0.991884625079
-60.3948 0.993800099934
-60.1947 1.00798985535
-59.9947 0.955513389661
-59.7946 0.972059378103
-59.5946 1.04636238202
-59.3945 0.985559892504
-59.1944 1.00523024016
-58.9944 1.00153651044
-58.7943 1.05480579271
-58.5943 1.01322094088
-58.3942 0.990850557847
-58.1942 1.01585356861
-57.9941 0.967712173856
-57.7941 0.969939370109
-57.594 0.950957339035
-57.3939 0.990958986267
-57.1939 0.970713490005
-56.9938 0.972078363574
-56.7938 0.980258650016
-56.5937 0.995761196985
-56.3937 1.03878673509
-56.1936 0.928659386739
-55.9935 1.00929072593
-55.7935 1.00602515508
-55.5934 1.01919780431
-55.3934 1.02665219497
-55.1933 0.990435639833
-54.9932 0.993634067525
-54.7932 1.0495830479
-54.5931 1.03357313228
-54.3931 1.05807362106
-54.193 0.941334516794
-53.9929 1.01649072698
-53.7929 0.947585462732
-53.5928 0.967157018638
-53.3928 0.994914081082
-53.1927 1.007361026
-52.9926 0.981372515485
-52.7926 0.997549658712
-52.5925 1.0330631055
-52.3924 0.936986485068
-52.1924 1.04070249419
-51.9923 1.01558694716
-51.7922 0.958683037398
-51.5922 1.04523563957
-51.3921 1.01582493116
-51.1921 0.994756259195
-50.992 1.02239994933
-50.7919 0.981939059792
-50.5919 1.01289168983
-50.3918 0.99598694534
-50.1917 0.990550678996
-49.9917 0.993349858414
-49.7916 0.971331154683
-49.5915 1.00644771112
-49.3915 0.95517416182
-49.1914 1.03223590247
-48.9913 1.06823381713
-48.7913 1.09356379505
-48.5912 1.03106903593
-48.3911 1.00039350499
-48.191 0.980158131348
-47.991 1.03618624291
-47.7909 1.00804586719
-47.5908 1.00359551531
-47.3908 1.00683452003
-47.1907 1.0412874057
-46.9906 1.00090615678
-46.7906 0.965896694062
-46.5905 1.00616312588
-46.3904 0.977485775281
-46.1903 0.970050151523
-45.9903 1.00457128389
-45.7902 0.98672201073
-45.5901 0.949828011269
-45.3901 0.995992876575
-45.19 1.02133871781
-44.9899 1.01433854977
-44.7898 1.04797641483
-44.5898 1.00336837318
-44.3897 1.08869251251
-44.1896 0.951378650464
-43.9895 0.965360230578
-43.7895 1.02595145501
-43.5894 1.01098607528
-43.3893 0.991825093353
-43.1892 1.01967942445
-42.9892 0.969968455933
-42.7891 0.9872133168
-42.589 1.01240569588
-42.3889 0.99607557133
-42.1889 0.996847661286
-41.9888 1.00375379981
-41.7887 1.01232507511
-41.5886 0.966021963109
-41.3885 1.01215631192
-41.1885 1.0697874195
-40.9884 1.06358219956
-40.7883 1.01358131532
-40.5882 1.03817898061
-40.3881 0.945943406566
-40.1881 1.00146135234
-39.988 1.01483200685
-39.7879 1.01942503774
-39.5878 1.03702341711
-39.3877 0.997444253403
-39.1877 0.966419992639
-38.9876 0.956317423743
-38.7875 0.947851089111
-38.5874 1.03029786192
-38.3873 0.971442541129
-38.1873 0.956925275406
-37.9872 1.0238560013
-37.7871 0.967755839741
-37.587 0.950123520978
-37.3869 1.05463228519
-37.1868 0.99210797268
-36.9868 0.960760278367
-36.7867 1.02492463411
-36.5866 0.985118372256
-36.3865 0.958693225987
-36.1864 0.977209400117
-35.9863 0.956449054301
-35.7862 0.966567286629
-35.5862 1.01707576692
-35.3861 0.98438299885
-35.186 1.05243480383
-34.9859 1.03838388729
-34.7858 1.0140217312
-34.5857 1.02542676288
-34.3856 0.997418795026
-34.1856 0.97580420709
-33.9855 0.986456204961
-33.7854 0.977616479801
-33.5853 0.964530613593
-33.3852 1.07847345064
-33.1851 0.965336921656
-32.985 0.990478160598
-32.7849 0.980409718908
-32.5848 1.03333412792
-32.3847 0.962160610121
-32.1847 0.995638144842
-31.9846 0.968627183526
-31.7845 0.933723935684
-31.5844 1.04060751768
-31.3843 0.976848668708
-31.1842 0.928733180633
-30.9841 0.970466602241
-30.784 0.991571911655
-30.5839 0.98124038327
-30.3838 0.962576688519
-30.1837 0.968775778735
-29.9836 0.945700430562
-29.7836 0.96851989743
-29.5835 0.974780965954
-29.3834 0.97956200018
-29.1833 1.02921232731
-28.9832 1.02437362283
-28.7831 0.936996757663
-28.583 0.948397760211
-28.3829 0.983602143362
-28.1828 0.951797360897
-27.9827 0.985112439329
-27.7826 0.993196292844
-27.5825 1.02637865737
-27.3824 0.987265935677
-27.1823 1.00694822284
-26.9822 0.998557741782
-26.7821 1.01492392395
-26.582 0.914754355729
-26.3819 0.997193062382
-26.1818 1.006717718
-25.9817 0.949413012686
-25.7816 0.957754132881
-25.5815 1.05026259201
-25.3814 0.991108559309
-25.1813 0.949862871837
-24.9812 0.986637452097
-24.7811 0.998707916304
-24.581 0.96621143912
-24.3809 1.03454876917
-24.1808 1.04454560642
-23.9807 0.980776462572
-23.7806 0.954618345906
-23.5805 1.00606583958
-23.3804 1.01115160868
-23.1803 0.993057532999
-22.9802 0.958956885706
-22.7801 0.989791642147
-22.58 1.03602161719
-22.3799 1.00664084665
-22.1798 0.998139283902
-21.9797 0.978771687236
-21.7796 0.962746837668
-21.5795 0.975781820304
-21.3794 0.951187593359
-21.1793 1.02780733832
-20.9792 0.963474714478
-20.7791 1.06485349709
-20.579 1.01571127734
-20.3789 1.07864867207
-20.1787 0.97202429345
-19.9786 1.04973541662
-19.7785 1.01509594776
-19.5784 1.03530352699
-19.3783 0.929895870154
-19.1782 1.03621953085
-18.9781 1.02801568392
-18.778 1.0136503978
-18.5779 0.956580056141
-18.3778 0.985291892475
-18.1777 0.904857563167
-17.9776 0.941551042184
-17.7774 1.01964340939
-17.5773 0.98848523631
-17.3772 0.951345221793
-17.1771 0.993252816629
-16.977 0.96249815775
-16.7769 0.955591179171
-16.5768 1.04916476427
-16.3767 0.962749240762
-16.1766 0.983786054451
-15.9764 1.0283691989
-15.7763 1.01372638584
-15.5762 1.01029910334
-15.3761 0.985152428078
-15.176 1.04019210451
-14.9759 1.03551518941
-14.7758 1.0370071277
-14.5757 1.00881888114
-14.3755 0.920439180881
-14.1754 0.997917778558
-13.9753 0.952184130095
-13.7752 1.00291964164
-13.5751 1.04268688051
-13.375 1.01705915383
-13.1749 1.00165215366
-12.9747 0.994424314066
-12.7746 0.923770152597
-12.5745 0.89231702363
-12.3744 0.966493994904
-12.1743 0.860134098406
-11.9742 0.943563726507
-11.774 1.02589294388
-11.5739 1.06526927456
-11.3738 0.988382780261
-11.1737 0.951519630964
-10.9736 0.925624323148
-10.7734 0.964263977934
-10.5733 0.902732589959
-10.3732 0.901269083989
-10.1731 1.0122858977
-9.97296 0.993725954829
-9.77284 0.978533254278
-9.57272 0.981518383238
-9.3726 0.977252931514
-9.17248 0.929271750699
-8.97236 1.04522200324
-8.77224 0.955133330711
-8.57211 0.987652290159
-8.37199 0.925783136352
-8.17187 0.968717232537
-7.97175 0.909345842292
-7.77163 0.915564986605
-7.5715 0.912784079877
-7.37138 0.917519556094
-7.17125 0.839433809454
-6.97113 0.97945350737
-6.77101 0.865733122853
-6.57088 0.922176907727
-6.37076 1.03683457355
-6.17063 1.04781965477
-5.97051 0.944533329948
-5.77038 1.06173986414
-5.57025 0.881283681061
-5.37013 0.889268837296
-5.17 0.909034091005
-4.96987 0.942034613097
-4.76975 0.828376479616
-4.56962 0.886038887403
-4.36949 0.899511482365
-4.16937 0.931327223191
-3.96924 0.874000919445
-3.76911 0.946398004561
-3.56898 0.884751437467
-3.36885 0.885593883041
-3.16872 0.956583947916
-2.96859 0.839744683058
-2.76846 0.998685509838
-2.56833 0.846135404314
-2.3682 0.898634378886
-2.16807 0.918289926901
-1.96794 0.976834446744
-1.76781 0.852726889532
-1.56768 0.76662004563
-1.36755 0.76837649096
-1.16742 0.936156517625
-0.967284 0.812281170893
-0.767152 0.801300569108
-0.567019 0.740416910001
-0.366886 0.866054479382
-0.166753 0.750190429191
0.0333802 0.799088806896
0.233514 0.788615354394
0.433648 0.660084092281
0.633782 0.767563568652
0.833917 0.745148249221
1.03405 0.820965346949
1.23419 0.726215198879
1.43432 0.610277837834
1.63446 0.603318619639
1.83459 0.519228349071
2.03473 0.606940069421
2.23487 0.495150697422
2.435 0.436547726648
2.63514 0.366896069141
2.83528 0.248001747785
3.03541 0.163148800135
3.23555 0.174878810583
3.43569 0.0375355480663
3.63583 0.00684078426779
3.83597 0.00955619596546
4.0361 0.0190616298225
4.23624 0.0107336881025
4.43638 -0.0156236008137
4.63652 -0.00339301663648
4.83666 -0.0119084799504
5.0368 0.0357935097314
5.23694 -0.00518867356679
5.43708 -0.00659007688944
5.63722 -0.0016916925409
5.83737 0.0239570534539
6.03751 0.0193550085103
6.23765 0.00525670523461
6.43779 -0.00322927754217
6.63793 0.00874832762595
6.83808 0.0151610419423
7.03822 0.0117942964876
7.23836 0.0711008187209
7.4385 0.0364760302139
7.63865 0.0736504917062
7.83879 0.0749426832257
8.03894 0.030701412487
8.23908 0.029673097302
8.43923 -0.0115922202035
8.63937 0.023224547712
8.83951 0.14743245191
9.03966 0.0818838924906
9.23981 0.119993841673
9.43995 0.190592556596
9.6401 0.426825630911
9.84025 0.457759596516
10.0404 0.41773780259
10.2405 0.453872555735
10.4407 0.547594575164
10.6408 0.451852400439
10.841 0.589137889396
11.0411 0.588208347549
11.2413 0.709045308877
11.4414 0.655015944901
11.6416 0.681452328865
11.8417 0.768683842378
12.0419 0.75996514662
12.242 0.63461120628
12.4422 0.620751395968
12.6423 0.674097860621
12.8425 0.672240018421
13.0426 0.585311677708
13.2428 0.515893541631
13.4429 0.567823416322
13.6431 0.46545107746
13.8432 0.284311124935
14.0434 0.307461473292
14.2435 0.212659187818
14.4437 0.289496317409
14.6438 0.233781161453
14.844 0.230895677544
15.0441 0.274913040499
15.2443 0.364614911021
15.4445 0.443053915715
15.6446 0.389371791861
15.8448 0.420009351816
16.0449 0.639913811738
16.2451 0.453938441473
16.4452 0.52273002412
16.6454 0.629623449584
16.8455 0.677339899468
17.0457 0.591367934627
17.2459 0.756468085579
17.446 0.643283875883
17.6462 0.645248351208
17.8463 0.749494300957
18.0465 0.799721617829
18.2466 0.816221335295
18.4468 0.871936111444
18.647 0.932408728282
18.8471 0.839761075508
19.0473 0.968985550679
19.2474 1.00794244921
19.4476 0.90197398349
19.6478 1.00288526876
19.8479 0.92545988155
20.0481 0.928148540523
20.2482 0.986108503944
20.4484 1.00822508567
20.6486 1.0415991412
20.8487 1.00192778383
21.0489 1.00049108037
21.249 0.94611835631
21.4492 1.02775133215
21.6494 0.915546328388
21.8495 0.962441111476
22.0497 1.01299171817
22.2498 0.985234237314
22.45 0.975080167288
22.6502 0.992660489626
22.8503 1.03025201754
23.0505 0.909094092147
23.2507 0.88327858704
23.4508 0.925484855036
23.651 0.932627501746
23.8512 0.971582290443
24.0513 0.977932509697
24.2515 0.994872259852
24.4517 1.00032668784
24.6518 0.989654574541
24.852 0.99998131175
25.0522 0.923695377663
25.2523 0.980672372522
25.4525 1.04213972945
25.6527 1.01863693897
25.8528 0.969438101061
26.053 1.06321730162
26.2532 0.968592737213
26.4533 1.04950215437
26.6535 1.06316204814
26.8537 0.952676728246
27.0538 0.991252435016
27.254 0.983172719706
27.4542 0.975415003764
27.6544 1.00686143671
27.8545 1.05483817398
28.0547 1.0588371723
28.2549 0.998509201109
28.455 0.960761828296
28.6552 0.936224259112
28.8554 0.916285311964
29.0556 0.968849678016
29.2557 0.972198613271
29.4559 0.991077546476
29.6561 0.967467247918
29.8562 1.05624433743
30.0564 0.977981046001
30.2566 0.9193259236
30.4568 0.983454104759
30.6569 1.05020949245
30.8571 1.03596222458
31.0573 1.0441352609
31.2575 0.986588412963
31.4576 0.999927649231
31.6578 0.997162084174
31.858 0.99358428443
32.0582 0.981529190851
32.2583 1.01815305234
32.4585 0.972488676043
32.6587 0.959026330964
32.8589 0.97582133957
33.0591 0.967279056298
33.2592 0.955345936332
33.4594 1.0054623196
33.6596 1.00214871088
33.8598 1.01185032412
34.0599 0.979811845591
34.2601 0.976539340597
34.4603 1.04572475221
34.6605 1.00902847411
34.8607 0.980677535195
35.0608 1.01166098366
35.261 1.04006200177
35.4612 1.0570032311
35.6614 0.999881731616
35.8616 1.00302769323
36.0617 0.987415095249
36.2619 0.92093149718
36.4621 0.916981083589
36.6623 0.953249716506
36.8625 0.995776344149
37.0627 1.00751371698
37.2628 1.02583380912
37.463 0.990529298894
37.6632 1.00098087086
37.8634 0.989769261524
38.0636 0.963373584093
38.2638 0.965071094358
38.4639 1.03415810078
38.6641 1.02124185332
38.8643 0.971660408836
39.0645 0.969663801542
39.2647 1.0295959875
39.4649 0.990664141583
39.6651 0.96376609996
39.8652 0.956001473185
40.0654 1.00050228003
40.2656 0.997714027081
40.4658 1.01828011586
40.666 0.971163677964
40.8662 1.02648433806
41.0664 1.03997193434
41.2666 0.973427076678
41.4668 0.9249764233
41.6669 0.990392776392
41.8671 0.980540338583
42.0673 1.00398656625
42.2675 0.998302316793
42.4677 1.00638822364
42.6679 0.993261079486
42.8681 0.969149163596
43.0683 0.986567276381
43.2685 1.02854806837
43.4687 0.969667931746
43.6688 0.970094695112
43.869 0.93954277655
44.0692 0.96164191387
44.2694 1.04692772817
44.4696 0.975766472975
44.6698 0.980907118685
44.87 1.05840688259
45.0702 0.966589063139
45.2704 0.976447787368
45.4706 0.979503566188
45.6708 0.924223548032
45.871 1.07904809677
46.0712 1.01870144746
46.2714 1.01024441095
46.4716 1.00229132653
46.6718 1.02254698277
46.8719 1.01281316869
47.0721 0.951830965522
47.2723 0.997202774317
47.4725 1.0080607501
47.6727 1.01296098961
47.8729 0.995847665314
48.0731 1.03152498465
48.2733 1.01985168585
48.4735 0.988469791193
48.6737 1.06572986625
48.8739 1.01130758483
49.0741 0.994106912942
49.2743 0.999974144541
49.4745 1.01216733218
49.6747 0.915340695929
49.8749 1.02129082144
50.0751 0.964118741711
50.2753 1.01071057147
50.4755 1.00610075829
50.6757 0.964959826252
50.8759 1.0111709128
51.0761 0.992203521387
51.2763 0.98392559769
51.4765 0.96901969675
51.6767 0.975699830473
51.8769 1.026963117
52.0771 0.923234901597
52.2773 1.00052988482
52.4775 0.993039606798
52.6777 0.995184241941
52.8779 0.99261399373
53.0782 1.00222155376
53.2784 0.993558921653
53.4786 0.99201206138
53.6788 0.993344054773
53.879 0.981632914907
54.0792 1.01325119863
54.2794 0.964115472201
54.4796 1.00405261615
54.6798 1.04799731747
54.88 1.043259041
55.0802 1.04455417817
55.2804 0.985204391967
55.4806 0.992260005628
55.6808 1.00412051066
55.881 1.00351583942
56.0812 1.04038994568
56.2815 1.00453259977
56.4817 1.03507449058
56.6819 0.950413721595
56.8821 1.00368697606
57.0823 1.03223739005
57.2825 0.969640019673
57.4827 0.921280781301
57.6829 0.969070819226
57.8831 1.07594849385
58.0833 1.00752953753
58.2836 1.02357759239
58.4838 0.984977845859
58.684 0.975861952511
58.8842 0.986540019949
59.0844 0.989749928834
59.2846 1.03969576006
59.4848 1.00737859329
59.685 0.986643220685
59.8853 1.03279434112
60.0855 0.948312931688
60.2857 0.959129031567
60.4859 0.993280908713
60.6861 0.954897692605
60.8863 0.995460482884
61.0865 1.04122466682
61.2868 1.01322649124
61.487 0.93407633061
61.6872 1.07811353209
61.8874 0.982443463744
62.0876 1.02972439518
62.2878 1.06293597088
62.4881 1.00342562001
62.6883 0.998253441974
62.8885 1.02921131208
63.0887 0.965363811821
63.2889 1.00654249301
63.4891 1.01347165525
63.6894 0.935489197752
63.8896 1.0369062044
64.0898 1.01839368622
64.29 0.986052802347
64.4902 1.00497909965
64.6905 0.989392696426
64.8907 1.02887303899
65.0909 0.983714395876
65.2911 1.02838153853
65.4913 1.02902384181
65.6916 1.00934061489
65.8918 1.01058634716
66.092 0.988786304059
66.2922 0.974054811303
66.4924 0.991612421174
66.6927 0.986810273453
66.8929 1.00471401607
67.0931 1.02527467008
67.2933 0.966729019179
67.4936 0.962068558184
67.6938 0.954975897674
67.894 0.968440065685
68.0942 1.05401105078
68.2945 0.957403331875
68.4947 0.990995046662
68.6949 1.01056436099
68.8951 1.03324686659
69.0954 0.992443349182
69.2956 1.05847523436
69.4958 1.03829950276
69.696 1.06869430393
69.8963 1.0412959425
70.0965 0.970148817567
70.2967 0.996705778953
70.4969 0.947171627241
70.6972 1.03312903402
70.8974 0.952314230231
71.0976 1.03291036862
71.2979 1.01222909555
71.4981 0.975588828789
71.6983 0.974483469141
71.8985 1.02054516674
72.0988 0.99947610389
72.299 0.955503130119
72.4992 1.01648004199
72.6995 1.08407426367
72.8997 1.04272922556
73.0999 0.992723165625
73.3002 0.998813438432
73.5004 0.991025222273
73.7006 0.969348641053
73.9009 0.973403249709
74.1011 0.964371598235
74.3013 0.987769799919
74.5016 1.01157484707
74.7018 1.02651384875
74.902 0.959832367626
75.1023 1.05178755568
75.3025 0.950530020255
75.5027 0.992564710327
75.703 0.997609264646
75.9032 0.971899867772
76.1034 0.931147337053
76.3037 1.02476078848
76.5039 1.02849622441
76.7041 1.01420313907
76.9044 0.959162086933
77.1046 0.955773929473
77.3048 0.987026513732
77.5051 1.00001064971
77.7053 0.970534276639
77.9056 0.988002323874
78.1058 1.01759069407
78.306 0.94989112331
78.5063 0.999999845722
78.7065 0.983268783841
78.9067 0.98261812257
79.107 0.949504230342
79.3072 0.972458989351
79.5075 1.04896217736
79.7077 1.04371337283
79.9079 1.00064251471
80.1082 0.998103439865
80.3084 0.951498834952
80.5087 0.98723146785
80.7089 0.967144175645
80.9091 1.00533789712
81.1094 0.965841218493
81.3096 0.980717916473
81.5099 1.01252018198
81.7101 1.08470660111
81.9104 0.988466446272
82.1106 0.966244403472
82.3108 0.950997551455
82.5111 1.00671566756
82.7113 1.05000116461
82.9116 1.0487125278
83.1118 1.01784928988
83.3121 1.08550754841
83.5123 1.02771339667
83.7126 0.946139156818
83.9128 0.980463441276
84.113 1.01087008632
84.3133 0.974185070769
84.5135 1.01577546003
84.7138 1.00289774594
84.914 0.979147894197
85.1143 0.965492273335
85.3145 0.984053024272
85.5148 0.950609262177
85.715 0.958940366005
85.9153 1.01705442857
86.1155 1.01953896737
86.3158 1.03663911733
86.516 1.04366938618
86.7163 0.994967994929
86.9165 1.05813550534
87.1168 1.01040289946
87.317 0.976679102873
87.5173 1.05489794074
87.7175 1.0008718939
87.9178 0.953285435287
88.118 1.03596162086
88.3183 1.01393042207
88.5185 0.996606139348
88.7188 1.02712982616
88.919 0.971106701996
89.1193 0.992777275527
89.3195 0.995294991923
89.5198 0.969238053616
89.72 0.990914490825
89.9203 0.962040275855
90.1205 0.950233067562
90.3208 1.06103735332
90.521 0.941425829612
90.7213 1.05312342552
90.9216 0.996940141819
91.1218 0.962931415519
91.3221 1.02284540319
91.5223 0.990619357313
91.7226 1.04197667903
91.9228 1.01129338473
92.1231 0.975277465928
92.3233 1.05017799902
92.5236 1.01586763975
92.7239 0.957018596852
92.9241 1.00995082595
93.1244 1.00424617431
93.3246 1.02827335605
93.5249 1.07348874805
93.7252 0.989680194574
93.9254 1.00973620603
94.1257 1.06728600126
94.3259 1.01545237971
94.5262 0.953308685934
94.7264 1.01869058103
94.9267 1.02380416703
95.127 0.99217202582
95.3272 0.998024685656
95.5275 0.982149085889
95.7278 1.00409399341
95.928 0.971272280942
96.1283 1.03495504676
96.3285 1.00165735765
96.5288 0.977059975622
96.7291 0.980668991171
96.9293 0.985157912924
97.1296 0.976313629112
97.3298 1.00220514019
97.5301 0.991649355364
97.7304 1.07845903071
97.9306 0.936555346376
98.1309 1.00821295203
98.3312 0.994142870231
98.5314 0.981637982629
98.7317 0.973208416994
98.932 0.961675599445
99.1322 1.00405239285
99.3325 1.0074990743
99.5328 1.05251777323
99.733 1.03029762305
99.9333 1.0102039854
