-100.0 1.19172204632
-99.8 0.489847547214
-99.6 0.852918048527
-99.4 0.867477117454
-99.2 1.08630640947
-99.0 0.931705217154
-98.8 1.33148082936
-98.6 1.40763022034
-98.4 0.912800239145
-98.2 0.673612439799
-98.0 1.13462410419
-97.8 0.822268613873
-97.6 1.39920020688
-97.4 1.40766181656
-97.2 1.143712784
-97.0 0.871366670091
-96.8 0.984450756855
-96.6 0.823291333514
-96.4 0.943928795068
-96.2 1.05654498342
-95.9999 1.4629350968
-95.7999 0.891278813368
-95.5999 0.896461051583
-95.3999 0.80025737446
-95.1999 0.836842312657
-94.9999 1.28196473895
-94.7999 1.15103149619
-94.5999 1.20226211025
-94.3999 1.07312749231
-94.1999 1.00459681963
-93.9999 1.13668977451
-93.7999 0.848669441552
-93.5999 0.95764747109
-93.3999 0.859561552099
-93.1999 1.05445340445
-92.9998 1.20089675973
-92.7998 0.769139996259
-92.5998 1.04497070046
-92.3998 1.00733044207
-92.1998 0.741223000339
-91.9998 0.866809226536
-91.7998 1.39733063409
-91.5998 0.814176905063
-91.3998 1.38104682665
-91.1997 0.633942997043
-90.9997 1.18842460448
-90.7997 1.33206249746
-90.5997 1.22337867112
-90.3997 1.07437035685
-90.1997 1.05687362458
-89.9997 1.1106337944
-89.7997 1.28295699394
-89.5996 0.918591428472
-89.3996 0.911872740454
-89.1996 1.05807106233
-88.9996 1.25133270781
-88.7996 0.845279864187
-88.5996 1.3664637806
-88.3996 1.05675812454
-88.1995 0.796490075821
-87.9995 0.75071489278
-87.7995 0.865676687655
-87.5995 1.18712639342
-87.3995 0.758602375935
-87.1995 0.823264153571
-86.9994 0.822689344957
-86.7994 0.730723338815
-86.5994 0.888965897446
-86.3994 0.742571676317
-86.1994 1.33344242475
-85.9994 0.502848807963
-85.7993 0.929703947444
-85.5993 0.778247896257
-85.3993 0.878668933337
-85.1993 0.823039651768
-84.9993 1.06391175198
-84.7992 1.11913041861
-84.5992 0.838588203801
-84.3992 0.917393677448
-84.1992 1.0265451459
-83.9991 1.21355947899
-83.7991 0.899552946092
-83.5991 0.836872887717
-83.3991 1.11582987341
-83.1991 1.23032775215
-82.999 1.31444565873
-82.799 1.11406106588
-82.599 0.795436729544
-82.399 1.24623549506
-82.1989 0.74037624519
-81.9989 1.14982935266
-81.7989 1.27352968069
-81.5989 1.1978703284
-81.3988 0.832447796329
-81.1988 1.32569072551
-80.9988 0.605114190844
-80.7988 0.744886607739
-80.5987 0.88321927658
-80.3987 1.10782487031
-80.1987 0.78581244807
-79.9987 0.92990476013
-79.7986 0.62446444693
-79.5986 0.826886247968
-79.3986 0.677004997805
-79.1986 1.03977135657
-78.9985 0.949241991171
-78.7985 0.996549608931
-78.5985 0.728972913922
-78.3984 1.16690757329
-78.1984 0.927828064947
-77.9984 0.961623941426
-77.7984 1.07508295399
-77.5983 0.899763123747
-77.3983 1.20169464498
-77.1983 1.2243097655
-76.9982 0.6799218474
-76.7982 0.556113924276
-76.5982 1.04447955791
-76.3981 1.45508350418
-76.1981 1.39851883287
-75.9981 0.886341784041
-75.798 1.00512239793
-75.598 0.726536346972
-75.398 1.00019163659
-75.198 1.07195191872
-74.9979 0.870197304069
-74.7979 0.990320181892
-74.5978 0.968920126737
-74.3978 1.56069657776
-74.1978 0.975807603253
-73.9977 1.10904659354
-73.7977 0.88166492442
-73.5977 1.26021197978
-73.3976 1.01932255222
-73.1976 0.887143085425
-72.9976 0.775347109822
-72.7975 0.839752742772
-72.5975 1.09962973389
-72.3975 0.775935817476
-72.1974 1.03118554438
-71.9974 1.10212020579
-71.7973 1.00253450548
-71.5973 1.11378855554
-71.3973 1.2763974886
-71.1972 0.59811321172
-70.9972 1.40358447861
-70.7972 0.901937052626
-70.5971 1.16695829482
-70.3971 0.683600226586
-70.197 1.12016106339
-69.997 1.23518537277
-69.797 1.02040062973
-69.5969 1.16775946391
-69.3969 1.42669623344
-69.1968 0.876830658841
-68.9968 1.19621502162
-68.7968 0.720323359811
-68.5967 1.06489407725
-68.3967 1.12008018584
-68.1966 0.708380936867
-67.9966 1.00317496946
-67.7965 0.670638404101
-67.5965 1.1516527524
-67.3965 0.995475283078
-67.1964 1.35258963329
-66.9964 1.09819445336
-66.7963 1.13567443733
-66.5963 1.2453040588
-66.3962 1.01385874667
-66.1962 0.963690406228
-65.9961 0.676513807755
-65.7961 0.651260005367
-65.5961 0.868951630765
-65.396 1.15258566171
-65.196 0.770569352121
-64.9959 0.947626744574
-64.7959 0.784155801702
-64.5958 0.985753837436
-64.3958 0.954497713101
-64.1957 0.982781642498
-63.9957 0.949221689562
-63.7956 1.19692409024
-63.5956 0.612011477235
-63.3955 1.10357150385
-63.1955 0.862504427093
-62.9954 0.696392571944
-62.7954 0.654280737969
-62.5953 1.18161815737
-62.3953 1.12265666908
-62.1952 1.17842713362
-61.9952 0.968644364225
-61.7951 0.979323342901
-61.5951 1.04511296377
-61.395 0.972521113313
-61.195 0.829125098425
-60.9949 1.17483060071
-60.7949 1.21808194512
-60.5948 0.962539438345
-60.3948 0.831542129218
-60.1947 1.30769909877
-59.9947 0.944337873086
-59.7946 1.24975602874
-59.5946 0.730834863133
-59.3945 1.21383892062
-59.1944 0.895698625336
-58.9944 1.14888624167
-58.7943 0.834283032549
-58.5943 0.928014174477
-58.3942 1.26679344239
-58.1942 0.713523266526
-57.9941 0.785963807757
-57.7941 0.890495685182
-57.594 1.10370600482
-57.3939 0.901000818277
-57.1939 1.02941189345
-56.9938 1.07007420642
-56.7938 1.01092397333
-56.5937 0.775362407289
-56.3937 0.85136271835
-56.1936 1.05788200599
-55.9935 0.784451272635
-55.7935 1.00925808256
-55.5934 0.803504673502
-55.3934 1.02809320259
-55.1933 1.1269719421
-54.9932 0.729125141965
-54.7932 0.919145730915
-54.5931 0.809163217766
-54.3931 1.21491562462
-54.193 1.1091955113
-53.9929 1.10940315313
-53.7929 0.939243452155
-53.5928 0.639068720905
-53.3928 1.21760871944
-53.1927 0.916170757361
-52.9926 0.930984347638
-52.7926 1.23678518399
-52.5925 0.896629099299
-52.3924 1.26501399096
-52.1924 0.661583894955
-51.9923 0.862108548658
-51.7922 0.96300565817
-51.5922 1.14484533785
-51.3921 1.02339458066
-51.1921 1.18180789458
-50.992 0.89571201975
-50.7919 0.711177969689
-50.5919 0.944562182245
-50.3918 0.935262029638
-50.1917 0.876808787569
-49.9917 1.21124810988
-49.7916 1.02371337473
-49.5915 1.07630455112
-49.3915 1.22502528567
-49.1914 1.06054614171
-48.9913 1.0511786432
-48.7913 0.876794980029
-48.5912 0.873526351107
-48.3911 0.939895022551
-48.191 1.09341636266
-47.991 1.29883003044
-47.7909 0.94513256947
-47.5908 0.820447075186
-47.3908 1.18231454932
-47.1907 0.740337854427
-46.9906 0.943876169517
-46.7906 0.962527795757
-46.5905 0.935447126529
-46.3904 0.869228948058
-46.1903 0.781111426247
-45.9903 1.00357491375
-45.7902 0.852228277942
-45.5901 0.759787664666
-45.3901 1.12217802968
-45.19 0.855812909575
-44.9899 0.793407724832
-44.7898 0.924908079632
-44.5898 1.23390586713
-44.3897 1.38216972803
-44.1896 1.1273686798
-43.9895 1.2864123171
-43.7895 1.1363524892
-43.5894 1.06224983
-43.3893 0.821941433986
-43.1892 1.1465745378
-42.9892 1.01962599606
-42.7891 1.39817978181
-42.589 1.3122333766
-42.3889 1.1502820824
-42.1889 1.33419744673
-41.9888 1.09132977729
-41.7887 1.17740718087
-41.5886 1.15151672408
-41.3885 1.20255968128
-41.1885 0.979938054088
-40.9884 0.984617791335
-40.7883 0.925270493347
-40.5882 1.02289616102
-40.3881 0.853788530053
-40.1881 1.33537098361
-39.988 0.705839029374
-39.7879 1.15826475145
-39.5878 0.684857201231
-39.3877 1.18189214683
-39.1877 0.813753618354
-38.9876 0.910622487986
-38.7875 1.29415835418
-38.5874 1.15063698618
-38.3873 0.943768247188
-38.1873 0.747578984014
-37.9872 1.48511511762
-37.7871 0.954111849236
-37.587 0.996256440862
-37.3869 1.03886953422
-37.1868 0.746558336509
-36.9868 1.06997110608
-36.7867 1.09129881008
-36.5866 1.03332568584
-36.3865 0.711588657298
-36.1864 1.16965964339
-35.9863 1.12664951924
-35.7862 0.813049549219
-35.5862 1.33664320005
-35.3861 1.39212411732
-35.186 1.25766389836
-34.9859 1.00779963482
-34.7858 0.875680742206
-34.5857 1.30539820865
-34.3856 0.881409986653
-34.1856 0.833737326674
-33.9855 1.05162815753
-33.7854 1.1201269249
-33.5853 1.19223696465
-33.3852 1.21713097311
-33.1851 1.04292132432
-32.985 0.882756978017
-32.7849 0.916350181029
-32.5848 1.0016555459
-32.3847 1.30774344692
-32.1847 1.06044839052
-31.9846 1.22911714791
-31.7845 1.1972177884
-31.5844 1.07385741387
-31.3843 1.13999051563
-31.1842 0.994135716999
-30.9841 0.792944285509
-30.784 0.968191536606
-30.5839 1.01949549549
-30.3838 0.89864397525
-30.1837 1.03695816368
-29.9836 0.757452358107
-29.7836 0.92980066304
-29.5835 0.984868245933
-29.3834 1.11134311183
-29.1833 0.982846996012
-28.9832 1.48947032521
-28.7831 1.36888320128
-28.583 0.910878789132
-28.3829 1.12297886786
-28.1828 1.04924564943
-27.9827 1.12836805162
-27.7826 1.17058101821
-27.5825 1.08317100354
-27.3824 0.500261831799
-27.1823 1.07677396184
-26.9822 0.867500180246
-26.7821 1.53224947016
-26.582 1.04240869174
-26.3819 0.834562540096
-26.1818 0.993131015466
-25.9817 1.36848198882
-25.7816 0.656217001444
-25.5815 0.924717819131
-25.3814 0.552865300743
-25.1813 0.827629345945
-24.9812 0.546634737657
-24.7811 0.894231535167
-24.581 0.990368409608
-24.3809 1.16790117657
-24.1808 0.760812649606
-23.9807 0.893310185641
-23.7806 1.10662079283
-23.5805 1.40614883203
-23.3804 0.820830898745
-23.1803 0.956222099399
-22.9802 0.939925396731
-22.7801 1.42581826982
-22.58 1.30639841814
-22.3799 0.667637467876
-22.1798 1.07607154183
-21.9797 0.800366271503
-21.7796 0.83707022875
-21.5795 0.901610606485
-21.3794 1.27875186887
-21.1793 1.13041753481
-20.9792 0.974004322571
-20.7791 0.575159116516
-20.579 0.627893767876
-20.3789 1.38307864152
-20.1787 1.00886583095
-19.9786 1.12890438812
-19.7785 0.537388631455
-19.5784 0.588131917753
-19.3783 1.06464086039
-19.1782 0.862579127
-18.9781 0.89359054904
-18.778 1.11516453264
-18.5779 1.0926406305
-18.3778 0.424947762065
-18.1777 0.690399097462
-17.9776 0.988385046781
-17.7774 0.705131707143
-17.5773 0.794529222844
-17.3772 1.0592174016
-17.1771 0.91872415346
-16.977 0.540925992299
-16.7769 0.580051370841
-16.5768 0.914039668588
-16.3767 0.96975338866
-16.1766 0.735191723308
-15.9764 0.722125738769
-15.7763 0.945016378434
-15.5762 0.967608357218
-15.3761 1.02569048493
-15.176 0.517791148357
-14.9759 0.761721651322
-14.7758 0.615418461897
-14.5757 1.03921465015
-14.3755 0.645201964144
-14.1754 1.12878963923
-13.9753 0.573723869299
-13.7752 0.970650837223
-13.5751 0.928568278199
-13.375 0.984187948312
-13.1749 0.89897619093
-12.9747 0.588688858164
-12.7746 0.492423555501
-12.5745 1.0452851062
-12.3744 0.804987457607
-12.1743 0.721591646103
-11.9742 1.27401334936
-11.774 0.720420962004
-11.5739 0.357921297813
-11.3738 0.544249056681
-11.1737 0.973751007687
-10.9736 0.704312574832
-10.7734 0.642161681734
-10.5733 1.3290951076
-10.3732 0.717323727245
-10.1731 0.694034333208
-9.97296 0.464170647566
-9.77284 0.458324346713
-9.57272 0.715471196757
-9.3726 0.867306266408
-9.17248 0.780814313357
-8.97236 0.57058278224
-8.77224 1.0169925536
-8.57211 0.391540667201
-8.37199 0.771995958639
-8.17187 0.741273676511
-7.97175 0.380374597926
-7.77163 0.517307668926
-7.5715 0.448921138839
-7.37138 1.34117179365
-7.17125 0.841062752017
-6.97113 0.0726693922673
-6.77101 0.16691475824
-6.57088 0.565365878303
-6.37076 0.0693702089473
-6.17063 0.0441369538175
-5.97051 0.121318084562
-5.77038 0.117093188879
-5.57025 0.187925889484
-5.37013 0.533525869172
-5.17 0.638063897918
-4.96987 -0.0470063641841
-4.76975 0.846638764701
-4.56962 0.604299694409
-4.36949 0.123359837749
-4.16937 0.512811856964
-3.96924 0.770049379368
-3.76911 -0.0107117219893
-3.56898 -0.0557495097915
-3.36885 0.024479086591
-3.16872 -0.0781369024166
-2.96859 -0.00626343800478
-2.76846 0.278149564326
-2.56833 0.503655279456
-2.3682 0.360263393709
-2.16807 0.416482325731
-1.96794 0.892276373921
-1.76781 0.0493794156728
-1.56768 0.699748712409
-1.36755 0.308432932155
-1.16742 0.0145515524842
-0.967284 0.281393442019
-0.767152 0.588606398243
-0.567019 0.998793653935
-0.366886 0.412350663091
-0.166753 0.0726668135098
0.0333802 -0.0157030130254
0.233514 0.381766917846
0.433648 0.0233969396564
0.633782 -0.0374523738393
0.833917 0.173621528796
1.03405 0.182551734663
1.23419 0.118060197097
1.43432 -0.0722199072123
1.63446 0.219727639603
1.83459 0.0382004032968
2.03473 0.0496737144803
2.23487 0.156514772568
2.435 0.0788487586803
2.63514 0.75063630666
2.83528 0.0138199547549
3.03541 -0.017260098196
3.23555 0.0583076189492
3.43569 0.168617574065
3.63583 -0.0252992330689
3.83597 -0.123917791173
4.0361 -0.0408033246586
4.23624 -0.0810961629232
4.43638 0.11242030077
4.63652 -0.0446810376833
4.83666 0.00676694971159
5.0368 -0.0362703520047
5.23694 0.0373472001308
5.43708 -0.157650904129
5.63722 0.131604068727
5.83737 -0.0130404549474
6.03751 -0.0312537839168
6.23765 -0.167067451751
6.43779 0.0761435072898
6.63793 0.348049442703
6.83808 0.0274506251572
7.03822 -0.0516379370458
7.23836 0.164982213527
7.4385 0.0641424005673
7.63865 0.0866318178498
7.83879 0.106502110804
8.03894 0.0680934649119
8.23908 0.0421691506909
8.43923 0.0172277735697
8.63937 -0.0953326238761
8.83951 0.371740139708
9.03966 0.194472036842
9.23981 0.639226403582
9.43995 0.27002123982
9.6401 0.288026767151
9.84025 0.890966118205
10.0404 0.545258492106
10.2405 0.0412307238083
10.4407 1.08461762921
10.6408 0.775955829455
10.841 0.766122307414
11.0411 1.25487922259
11.2413 0.671947268601
11.4414 0.536321420776
11.6416 0.840103384776
11.8417 1.17976038069
12.0419 0.650622290759
12.242 0.0802823163045
12.4422 0.384433357224
12.6423 0.764851419462
12.8425 1.06764484422
13.0426 1.27125196886
13.2428 1.20528996994
13.4429 1.39245092612
13.6431 0.730524990656
13.8432 0.432077900111
14.0434 0.488467704787
14.2435 0.745644752911
14.4437 0.912133968886
14.6438 0.128329721969
14.844 0.274966097265
15.0441 0.456702716495
15.2443 0.816721474532
15.4445 0.42713391826
15.6446 0.32158482866
15.8448 0.631026701226
16.0449 0.528646784633
16.2451 0.606860654237
16.4452 0.93268465474
16.6454 0.629726710528
16.8455 0.220949126514
17.0457 0.967204507874
17.2459 0.774110938959
17.446 1.15180364777
17.6462 0.618262783811
17.8463 0.907006792046
18.0465 0.461160802126
18.2466 0.660046440449
18.4468 0.829981357314
18.647 0.489077379478
18.8471 0.670736855744
19.0473 0.732169909702
19.2474 0.939035109378
19.4476 0.552315580135
19.6478 0.71946218638
19.8479 0.582553152781
20.0481 1.12023862614
20.2482 0.69909596497
20.4484 1.27822811472
20.6486 0.948920040015
20.8487 0.974082651225
21.0489 0.785688294266
21.249 1.06082664672
21.4492 0.729983880431
21.6494 0.64025136886
21.8495 0.999731355993
22.0497 1.02293525249
22.2498 0.788349575438
22.45 1.0187098052
22.6502 0.873025861184
22.8503 0.707309388069
23.0505 1.07607106594
23.2507 0.686158757873
23.4508 1.3715491474
23.651 1.24844912916
23.8512 1.09850083207
24.0513 0.864765696332
24.2515 1.14261632915
24.4517 0.864994217879
24.6518 1.09415584181
24.852 0.996856538385
25.0522 1.0606290804
25.2523 0.931373958667
25.4525 0.875271333973
25.6527 1.08820272717
25.8528 0.420492746348
26.053 1.24904910383
26.2532 1.11940736629
26.4533 1.02108338746
26.6535 0.795122301996
26.8537 0.801998403556
27.0538 0.974515576112
27.254 0.978673174517
27.4542 1.00410098361
27.6544 0.69959099734
27.8545 1.15101323695
28.0547 0.915431779501
28.2549 0.841493227167
28.455 0.837318864459
28.6552 0.842290843298
28.8554 1.0918092355
29.0556 0.977970330326
29.2557 1.03220329754
29.4559 0.657085538871
29.6561 0.901418795786
29.8562 1.03582039437
30.0564 1.23236611845
30.2566 0.955585304242
30.4568 1.30906618198
30.6569 0.998750470945
30.8571 0.625199173228
31.0573 0.494849415275
31.2575 1.13505434772
31.4576 0.921003382903
31.6578 0.769581990671
31.858 1.35776750956
32.0582 0.919152777427
32.2583 0.648434632706
32.4585 0.577281195878
32.6587 0.504044163741
32.8589 1.06298865997
33.0591 0.683972001657
33.2592 1.1530928179
33.4594 0.899414793258
33.6596 1.20185977237
33.8598 1.23851685696
34.0599 1.00476395293
34.2601 0.864419757665
34.4603 0.762360180103
34.6605 1.20623757298
34.8607 0.810409493613
35.0608 0.846686711656
35.261 0.933052250419
35.4612 1.01566124094
35.6614 0.892777210964
35.8616 0.7414553728
36.0617 1.03760213935
36.2619 0.831844370117
36.4621 0.925832644446
36.6623 0.58038215853
36.8625 1.01566244717
37.0627 1.12264986573
37.2628 1.13819352594
37.463 1.15534240411
37.6632 0.905156856232
37.8634 0.829861115598
38.0636 0.869164053918
38.2638 1.28218573215
38.4639 1.10627556891
38.6641 0.862986195789
38.8643 0.812509368524
39.0645 0.694269066245
39.2647 1.10314257507
39.4649 0.952929079956
39.6651 0.941666321081
39.8652 1.24540826864
40.0654 0.933388893485
40.2656 0.629696455592
40.4658 0.866849927081
40.666 1.09544769083
40.8662 1.27353267575
41.0664 0.674522181586
41.2666 1.2268791403
41.4668 1.29746433924
41.6669 0.691231265544
41.8671 1.31232919716
42.0673 1.09460285344
42.2675 0.770990006383
42.4677 0.909049126717
42.6679 1.49133440985
42.8681 1.07414151262
43.0683 0.923106872685
43.2685 1.02372670292
43.4687 0.718682820203
43.6688 1.03767195295
43.869 1.11943986429
44.0692 1.23877596238
44.2694 1.11840544355
44.4696 1.07849469771
44.6698 0.986705872462
44.87 0.809618402782
45.0702 0.873621376779
45.2704 1.18236658144
45.4706 1.03760554207
45.6708 0.72014121163
45.871 0.844238802005
46.0712 0.766963817172
46.2714 1.02173823501
46.4716 1.00498322258
46.6718 0.965181401013
46.8719 0.749381816309
47.0721 1.10031378488
47.2723 1.01417716522
47.4725 0.53318481536
47.6727 0.993906439485
47.8729 1.01430615742
48.0731 1.25607880007
48.2733 0.811282937195
48.4735 1.04991804164
48.6737 1.26845725994
48.8739 0.848491767743
49.0741 0.599492823453
49.2743 1.18495348458
49.4745 1.39707795829
49.6747 1.09100726268
49.8749 0.697493016923
50.0751 1.10501422242
50.2753 1.29219502557
50.4755 1.35327844571
50.6757 1.23687198767
50.8759 0.931715671622
51.0761 1.12593715191
51.2763 1.10546072273
51.4765 0.82021689051
51.6767 0.63186227231
51.8769 1.18354419225
52.0771 1.00432555996
52.2773 1.03229782566
52.4775 1.22292346739
52.6777 1.14824565127
52.8779 1.3656078786
53.0782 1.18189630855
53.2784 0.849515133848
53.4786 1.13816110612
53.6788 1.18314141583
53.879 1.13130227048
54.0792 1.03142355094
54.2794 0.962993867999
54.4796 0.723533777253
54.6798 1.17262627675
54.88 1.15435246599
55.0802 0.812619440574
55.2804 0.868105058673
55.4806 0.748060254508
55.6808 0.680664176394
55.881 0.917012687535
56.0812 0.799294781123
56.2815 0.897462738465
56.4817 1.02551997438
56.6819 0.831914452047
56.8821 0.899191047368
57.0823 1.01019868422
57.2825 0.770297421118
57.4827 0.871999938185
57.6829 0.975696033721
57.8831 0.742876768612
58.0833 0.77670082543
58.2836 0.859431935272
58.4838 0.769856894104
58.684 0.988606717266
58.8842 0.841253844576
59.0844 1.1033769418
59.2846 1.11180606117
59.4848 1.19590566362
59.685 1.1272077039
59.8853 1.20851586231
60.0855 1.06447007938
60.2857 1.25902039267
60.4859 0.733601877094
60.6861 0.883659097629
60.8863 1.14072419122
61.0865 0.998436013031
61.2868 0.906724377124
61.487 0.806278344687
61.6872 1.19863041421
61.8874 0.998446515372
62.0876 1.17464265613
62.2878 1.28404482318
62.4881 1.0738624209
62.6883 0.941155636411
62.8885 0.999848080838
63.0887 0.78843663343
63.2889 0.892905136592
63.4891 1.02552050742
63.6894 1.09797046302
63.8896 1.30661046419
64.0898 1.42036203503
64.29 0.919836824288
64.4902 0.727743199069
64.6905 0.925424490967
64.8907 1.16624594294
65.0909 0.835807210898
65.2911 0.926490912377
65.4913 1.06197974866
65.6916 1.20382972571
65.8918 0.996546339768
66.092 0.929074281919
66.2922 0.963489342165
66.4924 0.905186391128
66.6927 0.939799533583
66.8929 0.985464352504
67.0931 1.02779215502
67.2933 0.879820733643
67.4936 1.21263206113
67.6938 1.35097214411
67.894 1.29808997076
68.0942 1.19598649667
68.2945 1.08666206533
68.4947 0.700283226741
68.6949 1.00803830204
68.8951 1.38533445036
69.0954 1.27303126179
69.2956 0.94998063598
69.4958 0.862485391172
69.696 1.14506774266
69.8963 1.16966020071
70.0965 1.12429731899
70.2967 0.790049370474
70.4969 0.889196428776
70.6972 1.07026447985
70.8974 1.15690739378
71.0976 0.86627831859
71.2979 1.34966502016
71.4981 1.09644270385
71.6983 1.07555795614
71.8985 0.87000144929
72.0988 1.15291960791
72.299 1.01421125853
72.4992 1.14725882347
72.6995 1.04513810686
72.8997 1.10942395642
73.0999 0.885708825666
73.3002 1.05586481238
73.5004 1.12259072245
73.7006 1.14053809694
73.9009 0.820289566873
74.1011 0.844071067019
74.3013 1.05000137482
74.5016 1.33866360831
74.7018 1.14732992416
74.902 0.963088171943
75.1023 0.823333981969
75.3025 0.568192101824
75.5027 1.24259555272
75.703 0.880522297489
75.9032 0.935246466305
76.1034 0.784072346628
76.3037 0.871335166765
76.5039 1.09598277995
76.7041 1.15673029862
76.9044 0.866540679323
77.1046 0.913289678263
77.3048 1.1341565363
77.5051 0.930364026669
77.7053 0.752937682366
77.9056 1.19599796722
78.1058 0.986390372512
78.306 1.17937536174
78.5063 1.18414025407
78.7065 0.975951133012
78.9067 0.667366050762
79.107 0.583985631644
79.3072 1.06735467153
79.5075 1.09703081015
79.7077 0.574520280572
79.9079 0.980647756679
80.1082 1.11323957736
80.3084 1.14181549223
80.5087 1.2439637353
80.7089 1.095750592
80.9091 1.05108107906
81.1094 1.33033097868
81.3096 1.02577650311
81.5099 1.19676927413
81.7101 1.02912978912
81.9104 0.930339182063
82.1106 1.0041573587
82.3108 1.20517091976
82.5111 0.896338362169
82.7113 1.04675451138
82.9116 1.00642859661
83.1118 0.60292845084
83.3121 0.890861857854
83.5123 1.15716749439
83.7126 0.747286091011
83.9128 1.0894397771
84.113 0.929267087069
84.3133 1.05290974208
84.5135 1.11913320153
84.7138 0.949613354774
84.914 0.92649212185
85.1143 0.607022264267
85.3145 0.940522248059
85.5148 0.886742643012
85.715 1.00730796736
85.9153 1.01731166694
86.1155 1.15983509595
86.3158 0.998491959731
86.516 0.937370559612
86.7163 1.087041905
86.9165 0.943023927501
87.1168 1.14341352624
87.317 0.958685813875
87.5173 0.918978928031
87.7175 1.12210777405
87.9178 1.04957815678
88.118 1.04319568029
88.3183 0.982507584199
88.5185 1.10522094434
88.7188 0.83405277888
88.919 0.845785150983
89.1193 1.03193630129
89.3195 0.981818199245
89.5198 1.02824929459
89.72 0.643084237556
89.9203 0.603447713331
90.1205 0.99251051925
90.3208 1.23977873807
90.521 0.968389969532
90.7213 0.799154137103
90.9216 0.917288691726
91.1218 1.21914043996
91.3221 1.06846235536
91.5223 0.973950624701
91.7226 0.800402264349
91.9228 0.718371872783
92.1231 1.02633677391
92.3233 0.872033216399
92.5236 1.34843508801
92.7239 1.31468430325
92.9241 0.858711223103
93.1244 0.594022502302
93.3246 1.08019628721
93.5249 0.862177906293
93.7252 1.10232490601
93.9254 0.806697508072
94.1257 1.04869926033
94.3259 0.862040552102
94.5262 0.730355488068
94.7264 1.0099722625
94.9267 1.18009218294
95.127 0.936264839418
95.3272 0.980651086971
95.5275 1.06834160619
95.7278 1.06441543348
95.928 0.87777609798
96.1283 0.71933173595
96.3285 0.946628733003
96.5288 0.699011534494
96.7291 0.805290416957
96.9293 0.618028541029
97.1296 1.04206302819
97.3298 1.13488598439
97.5301 1.27072203861
97.7304 0.591795803965
97.9306 1.00635664546
98.1309 0.999120380763
98.3312 1.12489002395
98.5314 1.06217233294
98.7317 1.28619344974
98.932 0.908549862955
99.1322 1.23692634874
99.3325 1.36947770169
99.5328 1.16821476532
99.733 0.919247077055
99.9333 0.935451435423
