-100.0 0.795806542569
-99.8 0.775272426184
-99.6 1.02009385861
-99.4 1.15152196242
-99.2 0.956730456554
-99.0 1.12167321517
-98.8 0.97101538745
-98.6 0.885721704517
-98.4 0.928427054414
-98.2 1.32137471487
-98.0 0.960486064809
-97.8 0.872476099779
-97.6 0.637668151964
-97.4 1.11466239139
-97.2 0.836550455814
-97.0 0.780566631934
-96.8 1.00454731507
-96.6 0.825153464535
-96.4 1.01225133033
-96.2 1.16242114214
-95.9999 0.978357901142
-95.7999 1.30772584685
-95.5999 1.14654246311
-95.3999 0.923699386524
-95.1999 1.10485683311
-94.9999 0.803105723164
-94.7999 1.06107763338
-94.5999 0.644817969409
-94.3999 1.00372575879
-94.1999 1.20540265928
-93.9999 0.94450819417
-93.7999 0.910465872444
-93.5999 0.933281058392
-93.3999 1.23974668629
-93.1999 1.0149785345
-92.9998 0.919270484793
-92.7998 1.04909285707
-92.5998 0.834282497807
-92.3998 1.09347176972
-92.1998 1.24091828144
-91.9998 1.21218717694
-91.7998 1.15570528757
-91.5998 1.07730602341
-91.3998 0.994296015465
-91.1997 1.15775887982
-90.9997 0.701051096418
-90.7997 1.1354866907
-90.5997 0.888779711947
-90.3997 1.05774925766
-90.1997 0.999257594918
-89.9997 1.10392478292
-89.7997 1.11333686768
-89.5996 0.984478301266
-89.3996 1.13815228363
-89.1996 0.86019575763
-88.9996 0.937358011421
-88.7996 1.12334476297
-88.5996 0.866529433429
-88.3996 1.13579602081
-88.1995 1.17464945263
-87.9995 0.894392165418
-87.7995 0.958352355258
-87.5995 0.983972051485
-87.3995 0.925338447006
-87.1995 1.00492962962
-86.9994 1.07204134017
-86.7994 1.02232441919
-86.5994 0.973121220178
-86.3994 0.750168544357
-86.1994 0.912337245351
-85.9994 0.995678095632
-85.7993 0.939205009664
-85.5993 1.19493352798
-85.3993 0.982758610142
-85.1993 0.990978370687
-84.9993 0.936088319817
-84.7992 1.05174322916
-84.5992 1.14652187848
-84.3992 0.690693116856
-84.1992 0.864993856537
-83.9991 0.884960793324
-83.7991 1.08079110933
-83.5991 0.928983948812
-83.3991 1.16528938378
-83.1991 1.07419292172
-82.999 1.25337293597
-82.799 1.00319491013
-82.599 1.14249549684
-82.399 0.825232262465
-82.1989 1.00677290319
-81.9989 0.916550671765
-81.7989 1.01707596319
-81.5989 0.795572019795
-81.3988 0.680122691412
-81.1988 0.751221255421
-80.9988 0.986610604843
-80.7988 0.700335645009
-80.5987 1.04404687651
-80.3987 0.912561979325
-80.1987 1.08588367535
-79.9987 1.23315641674
-79.7986 1.31678711885
-79.5986 1.04320447621
-79.3986 1.10835320155
-79.1986 1.01724958516
-78.9985 1.34249087364
-78.7985 0.807762560164
-78.5985 0.905214460002
-78.3984 1.04915478704
-78.1984 1.02141059151
-77.9984 0.825688452294
-77.7984 0.783989786398
-77.5983 0.94792280514
-77.3983 1.15732728527
-77.1983 1.05825484698
-76.9982 0.962230689212
-76.7982 1.20488294015
-76.5982 0.999478171794
-76.3981 1.13165954201
-76.1981 0.793649605239
-75.9981 1.07239483791
-75.798 1.01931461626
-75.598 1.15821836437
-75.398 0.784504258869
-75.198 0.99007707198
-74.9979 0.688642162172
-74.7979 0.803397007471
-74.5978 0.807628864829
-74.3978 1.15200652251
-74.1978 0.871245132069
-73.9977 1.03547959214
-73.7977 0.893207323156
-73.5977 1.16412256239
-73.3976 0.901893162862
-73.1976 1.08015830455
-72.9976 1.12970785563
-72.7975 1.1600493962
-72.5975 1.02570378106
-72.3975 1.2527809719
-72.1974 1.21965371865
-71.9974 0.739403663841
-71.7973 0.82660616131
-71.5973 0.693305860089
-71.3973 1.13461555908
-71.1972 1.14461172898
-70.9972 1.42638268086
-70.7972 1.54048410529
-70.5971 0.881955664931
-70.3971 1.03575386585
-70.197 1.03766516596
-69.997 1.18679693219
-69.797 0.63352461726
-69.5969 1.04861175489
-69.3969 0.996581914913
-69.1968 0.969991597739
-68.9968 1.16292759879
-68.7968 1.05539901777
-68.5967 0.699684827708
-68.3967 0.97355084554
-68.1966 0.923504745996
-67.9966 0.976889577015
-67.7965 0.622172997074
-67.5965 1.11030145631
-67.3965 1.03367330971
-67.1964 1.11898792176
-66.9964 0.929802225975
-66.7963 0.965496937092
-66.5963 1.05023280961
-66.3962 1.03420455469
-66.1962 0.743487008913
-65.9961 1.13916520269
-65.7961 0.848647124747
-65.5961 1.08105707059
-65.396 0.755466855355
-65.196 1.32099494605
-64.9959 1.11955134997
-64.7959 1.15415608359
-64.5958 1.29889512398
-64.3958 1.08850519613
-64.1957 0.910197248567
-63.9957 1.0782595081
-63.7956 1.02647374061
-63.5956 0.910607999198
-63.3955 1.06019275231
-63.1955 0.961719852905
-62.9954 1.028326126
-62.7954 0.944503728583
-62.5953 1.05453181195
-62.3953 1.30191480934
-62.1952 1.0741322677
-61.9952 0.788103368818
-61.7951 0.950301809069
-61.5951 0.985910155676
-61.395 0.853424794964
-61.195 0.944614769162
-60.9949 1.03622457955
-60.7949 1.14493168814
-60.5948 1.1329597306
-60.3948 0.926485926751
-60.1947 1.04500446505
-59.9947 0.970812654415
-59.7946 0.823551260987
-59.5946 0.926008337336
-59.3945 1.17505744762
-59.1944 1.00883765963
-58.9944 0.979389196221
-58.7943 0.93880392535
-58.5943 1.20823839602
-58.3942 0.959519782881
-58.1942 0.89625031305
-57.9941 0.839325506673
-57.7941 1.14974082238
-57.594 1.08168085381
-57.3939 1.10498395449
-57.1939 0.824299613822
-56.9938 0.762782740559
-56.7938 0.941902488148
-56.5937 1.19420574765
-56.3937 1.35299916845
-56.1936 0.942150834592
-55.9935 1.2554770549
-55.7935 0.998798936504
-55.5934 1.00132576698
-55.3934 1.26454148533
-55.1933 1.2855732328
-54.9932 0.855659035157
-54.7932 0.776522372525
-54.5931 0.937691422106
-54.3931 0.688871841837
-54.193 0.928017196948
-53.9929 0.910344993548
-53.7929 0.877912417404
-53.5928 1.14403131763
-53.3928 0.960303747427
-53.1927 1.03297142018
-52.9926 1.2089409906
-52.7926 1.04433417357
-52.5925 1.14788748589
-52.3924 1.29801250261
-52.1924 1.17634958037
-51.9923 0.947879174211
-51.7922 0.833417676351
-51.5922 0.815363153143
-51.3921 0.996248151751
-51.1921 1.14009914182
-50.992 0.606694298813
-50.7919 0.787391782344
-50.5919 1.02177678614
-50.3918 0.651347141624
-50.1917 0.908784041748
-49.9917 0.957419748831
-49.7916 0.74959481223
-49.5915 0.715050997216
-49.3915 0.799455612563
-49.1914 0.629062249531
-48.9913 1.04852397123
-48.7913 1.15912376529
-48.5912 1.03662048935
-48.3911 0.997230323612
-48.191 0.936945151191
-47.991 0.9290006823
-47.7909 0.95759279078
-47.5908 0.98847175394
-47.3908 1.1707546798
-47.1907 0.853496332108
-46.9906 1.1053521697
-46.7906 0.864227886485
-46.5905 1.28429980255
-46.3904 1.0327972853
-46.1903 1.30227854715
-45.9903 1.03915781819
-45.7902 1.05658515587
-45.5901 1.22076202696
-45.3901 1.33158424663
-45.19 1.0680819051
-44.9899 1.21956226339
-44.7898 1.2107756169
-44.5898 1.04555146025
-44.3897 0.793570195665
-44.1896 0.908412980208
-43.9895 1.34106088132
-43.7895 0.762000403205
-43.5894 0.845165101404
-43.3893 0.994617010899
-43.1892 0.983966099854
-42.9892 0.908907563765
-42.7891 0.932713429777
-42.589 0.797536790309
-42.3889 0.887695892798
-42.1889 1.08334863991
-41.9888 1.19939782204
-41.7887 1.01720126567
-41.5886 1.27285776572
-41.3885 1.41280041591
-41.1885 0.844284069843
-40.9884 0.886814751166
-40.7883 0.899171368471
-40.5882 0.912774337037
-40.3881 0.944084769897
-40.1881 1.05891562631
-39.988 0.797949705992
-39.7879 1.08363473057
-39.5878 0.88704840919
-39.3877 0.720471790438
-39.1877 1.09484988308
-38.9876 0.812055212512
-38.7875 0.948885515489
-38.5874 1.11932313282
-38.3873 0.999831897139
-38.1873 0.987005002488
-37.9872 1.15922049304
-37.7871 1.04962154878
-37.587 1.13980932888
-37.3869 0.872649925299
-37.1868 0.779293625121
-36.9868 0.847523985834
-36.7867 0.821574708787
-36.5866 0.67778693762
-36.3865 0.754787464131
-36.1864 0.879209960517
-35.9863 1.06220411999
-35.7862 0.949605362675
-35.5862 1.00599372911
-35.3861 1.24632476685
-35.186 1.08876939408
-34.9859 1.25981310899
-34.7858 1.0449971997
-34.5857 1.02975696676
-34.3856 0.957824020537
-34.1856 0.706201925097
-33.9855 0.992152990507
-33.7854 0.961501391188
-33.5853 0.968599333311
-33.3852 0.937454588113
-33.1851 1.06180028755
-32.985 1.03665126316
-32.7849 0.966646769528
-32.5848 1.15420024664
-32.3847 1.02945626752
-32.1847 1.00598696992
-31.9846 1.04737081249
-31.7845 1.17995559297
-31.5844 1.15255841989
-31.3843 0.958168440624
-31.1842 1.04669339243
-30.9841 1.2026293637
-30.784 0.678465177406
-30.5839 0.949997372078
-30.3838 1.01305669932
-30.1837 0.922352539144
-29.9836 1.33179696061
-29.7836 0.938782090665
-29.5835 0.698221435813
-29.3834 1.12485885157
-29.1833 1.00306731596
-28.9832 0.758875692304
-28.7831 1.17733935554
-28.583 1.23035899024
-28.3829 1.00343765298
-28.1828 1.27899051339
-27.9827 0.739301537378
-27.7826 0.749181327466
-27.5825 1.12880100066
-27.3824 0.724618841418
-27.1823 1.07956931584
-26.9822 1.22341020407
-26.7821 0.743416952406
-26.582 0.779136238346
-26.3819 1.02196737559
-26.1818 0.969254548726
-25.9817 0.985972417019
-25.7816 1.01898634719
-25.5815 1.03832277015
-25.3814 1.11760879801
-25.1813 1.12761721578
-24.9812 1.05684106369
-24.7811 1.38062952641
-24.581 0.934337470015
-24.3809 0.977463420758
-24.1808 1.05278291574
-23.9807 1.20008896097
-23.7806 1.05210362328
-23.5805 0.988993275433
-23.3804 0.868230717386
-23.1803 1.11927324092
-22.9802 0.856795976149
-22.7801 1.01583818486
-22.58 1.13962751699
-22.3799 1.12558322504
-22.1798 0.801541142725
-21.9797 1.0222087876
-21.7796 0.785711306636
-21.5795 0.919346223043
-21.3794 0.819756987396
-21.1793 1.23755446534
-20.9792 1.09144776341
-20.7791 1.34116023066
-20.579 1.05588556916
-20.3789 0.799464853798
-20.1787 0.845069503645
-19.9786 0.809586838224
-19.7785 0.821499939379
-19.5784 0.949488263721
-19.3783 0.754958216029
-19.1782 0.770662659915
-18.9781 1.03886823299
-18.778 0.971076050645
-18.5779 1.34618890346
-18.3778 0.96533768563
-18.1777 0.788185130585
-17.9776 0.799109271046
-17.7774 0.915296851677
-17.5773 0.928057684009
-17.3772 1.22294955393
-17.1771 1.15687690442
-16.977 1.17005174339
-16.7769 1.18045196798
-16.5768 0.789530357712
-16.3767 0.939753169127
-16.1766 0.947720670208
-15.9764 1.05913008225
-15.7763 0.918449740287
-15.5762 0.98692057447
-15.3761 0.941109506147
-15.176 1.16740066186
-14.9759 1.18677646313
-14.7758 1.05256730858
-14.5757 1.19406484817
-14.3755 1.14762125417
-14.1754 1.12641783544
-13.9753 1.12768832871
-13.7752 0.590656695409
-13.5751 0.963715617747
-13.375 1.17372431651
-13.1749 1.10009604578
-12.9747 1.02435548281
-12.7746 1.02530452248
-12.5745 0.977950218023
-12.3744 0.760377000334
-12.1743 1.21170427022
-11.9742 1.05207093252
-11.774 0.89413357005
-11.5739 0.507006182227
-11.3738 0.890813487586
-11.1737 0.862572695466
-10.9736 0.842626213433
-10.7734 0.606830240886
-10.5733 0.921797028232
-10.3732 0.825131027584
-10.1731 0.656367854089
-9.97296 0.801580939842
-9.77284 0.338912454614
-9.57272 0.380337971892
-9.3726 0.81548168111
-9.17248 0.635193643215
-8.97236 1.2785794003
-8.77224 0.510109161394
-8.57211 0.934989834084
-8.37199 0.637960111221
-8.17187 0.716726376043
-7.97175 0.243027504718
-7.77163 0.823006917472
-7.5715 0.352859340075
-7.37138 0.19629967303
-7.17125 0.282436524736
-6.97113 0.730874858478
-6.77101 0.497103152084
-6.57088 0.183401882985
-6.37076 0.928489459914
-6.17063 0.0941711452724
-5.97051 0.1372813837
-5.77038 0.253906509604
-5.57025 0.117014289341
-5.37013 0.636204804171
-5.17 0.208151957383
-4.96987 -0.0360848752617
-4.76975 0.748861592945
-4.56962 0.523218095804
-4.36949 0.0933453864134
-4.16937 0.0529493800875
-3.96924 0.10415326288
-3.76911 0.845513843075
-3.56898 0.941405309707
-3.36885 0.913816863658
-3.16872 0.122886508368
-2.96859 0.251774535719
-2.76846 0.746219493247
-2.56833 0.916623835597
-2.3682 0.201489846208
-2.16807 0.0137944474163
-1.96794 -0.0122548182077
-1.76781 0.308234784048
-1.56768 0.156967191239
-1.36755 0.233142889392
-1.16742 0.775793766129
-0.967284 0.600084200095
-0.767152 0.20092745861
-0.567019 0.162179226944
-0.366886 0.223797657147
-0.166753 0.0241004198422
0.0333802 0.232699895677
0.233514 0.430261758657
0.433648 0.261629286641
0.633782 0.591479434589
0.833917 0.230470289636
1.03405 1.12305666761
1.23419 0.936544389063
1.43432 0.481519376478
1.63446 0.524157007179
1.83459 0.577037214149
2.03473 0.00401254170783
2.23487 -0.100702980968
2.435 0.151139392422
2.63514 0.205714158604
2.83528 0.0956292749975
3.03541 0.161943055883
3.23555 0.0104936981528
3.43569 0.321982214687
3.63583 0.114365175051
3.83597 -0.032111729798
4.0361 0.0179739430094
4.23624 -0.0258358336275
4.43638 0.0366509337018
4.63652 0.0800891871442
4.83666 0.0279217514296
5.0368 0.230552580646
5.23694 0.1174933719
5.43708 0.0978128970874
5.63722 0.0401997864772
5.83737 0.254262054831
6.03751 -0.0575742727463
6.23765 0.0677704174769
6.43779 0.0904292231352
6.63793 0.10796292946
6.83808 0.0405359818686
7.03822 0.0307976305901
7.23836 0.172488208305
7.4385 0.169501536376
7.63865 -0.0616075366272
7.83879 0.0600798113191
8.03894 -0.0147039374968
8.23908 0.0647260641437
8.43923 0.10738146735
8.63937 0.163796049586
8.83951 -0.0031351411836
9.03966 0.126569497637
9.23981 -0.112487809248
9.43995 0.0886848406009
9.6401 0.215316978
9.84025 0.270551331524
10.0404 0.881371993701
10.2405 0.521948133919
10.4407 0.749091307582
10.6408 0.678785856562
10.841 0.749635696179
11.0411 0.966384148836
11.2413 0.783279087482
11.4414 0.424196116152
11.6416 0.976166782249
11.8417 0.65071120309
12.0419 0.934590410661
12.242 0.456371858067
12.4422 0.951031031114
12.6423 0.806959088709
12.8425 0.636603192165
13.0426 0.629627926035
13.2428 0.88535795027
13.4429 0.680845109778
13.6431 0.893457801921
13.8432 0.825467056794
14.0434 0.526408039433
14.2435 0.775202780474
14.4437 0.869145547052
14.6438 0.612036444564
14.844 0.559726128857
15.0441 1.17774831078
15.2443 0.652222704301
15.4445 1.38757133555
15.6446 1.31393562397
15.8448 1.16042452877
16.0449 1.250827606
16.2451 0.758673744498
16.4452 0.640364968783
16.6454 0.57381525852
16.8455 1.0322509218
17.0457 0.752981605329
17.2459 0.947204815725
17.446 0.945579455925
17.6462 0.993180299895
17.8463 1.15380746782
18.0465 0.929760046102
18.2466 0.923370375112
18.4468 1.13347830303
18.647 1.20705272245
18.8471 1.07780122502
19.0473 1.36729028828
19.2474 0.969269594929
19.4476 0.921489996923
19.6478 0.995815193495
19.8479 0.89179069973
20.0481 1.21114198113
20.2482 0.801200825406
20.4484 0.902119059734
20.6486 0.783794781311
20.8487 0.774610008737
21.0489 0.956401678728
21.249 1.00070516968
21.4492 0.938353458475
21.6494 1.05514555689
21.8495 0.66081842274
22.0497 0.838658206939
22.2498 0.69677825882
22.45 0.573736898057
22.6502 0.954086626758
22.8503 0.639248726795
23.0505 0.578403874824
23.2507 1.17514691222
23.4508 0.765706198856
23.651 0.656787032719
23.8512 0.985131647207
24.0513 0.952862065015
24.2515 1.03896322207
24.4517 0.673685072648
24.6518 0.781287538624
24.852 0.815589474902
25.0522 0.842381012386
25.2523 1.05145021896
25.4525 1.22131697558
25.6527 0.743402847443
25.8528 0.541372497922
26.053 0.92533898103
26.2532 0.769768881626
26.4533 0.557263097878
26.6535 0.693117100637
26.8537 0.662275534888
27.0538 0.956038887206
27.254 1.07684057475
27.4542 1.18524676138
27.6544 1.05364280026
27.8545 1.09708501884
28.0547 0.825217906069
28.2549 1.05426720452
28.455 0.928796980727
28.6552 1.02962654873
28.8554 0.864615620897
29.0556 0.982185825773
29.2557 0.67994480054
29.4559 0.852816345092
29.6561 0.915273062851
29.8562 0.781988286778
30.0564 0.874356113837
30.2566 1.00382554953
30.4568 0.661086117274
30.6569 1.26743489519
30.8571 1.17401364769
31.0573 1.11575193754
31.2575 0.991643782068
31.4576 0.690220671649
31.6578 0.780577450276
31.858 1.02105572053
32.0582 1.04038003553
32.2583 0.891787910026
32.4585 1.19762757472
32.6587 1.03539575877
32.8589 0.970034861877
33.0591 0.828129962219
33.2592 1.19020990172
33.4594 0.839013974953
33.6596 0.940294235864
33.8598 0.854955500948
34.0599 1.01105037811
34.2601 0.935692775548
34.4603 1.11626296183
34.6605 1.08132955158
34.8607 0.891019870904
35.0608 0.964346084237
35.261 0.984151318931
35.4612 1.06534682166
35.6614 0.866782076505
35.8616 0.995868811085
36.0617 1.02002469497
36.2619 0.993488628422
36.4621 0.795195502517
36.6623 1.16190556716
36.8625 0.930887154354
37.0627 0.905880846029
37.2628 1.22080901327
37.463 0.846598626629
37.6632 1.28314429105
37.8634 1.06672734532
38.0636 1.2654149554
38.2638 1.14525774032
38.4639 0.939689173181
38.6641 0.8945288779
38.8643 0.761819034936
39.0645 0.86113491447
39.2647 1.01123372934
39.4649 0.822995250063
39.6651 1.00802128079
39.8652 0.86703644776
40.0654 1.00249341744
40.2656 0.991720673208
40.4658 1.12917659819
40.666 1.07942352588
40.8662 0.674924247557
41.0664 0.885592273422
41.2666 1.2682660105
41.4668 1.13892164957
41.6669 1.12286773691
41.8671 0.793900778618
42.0673 0.709511479796
42.2675 0.724223876549
42.4677 1.12065826535
42.6679 0.813605547784
42.8681 0.983115196252
43.0683 0.820644833199
43.2685 0.723516352035
43.4687 1.02042681698
43.6688 1.03866094356
43.869 0.962854217385
44.0692 0.932167190352
44.2694 1.0903167513
44.4696 0.764496444288
44.6698 0.903307077903
44.87 0.893444795071
45.0702 0.820177245354
45.2704 0.891052439189
45.4706 1.05157070437
45.6708 0.884250373394
45.871 1.2680737199
46.0712 1.14815411687
46.2714 0.950908267572
46.4716 0.900285740672
46.6718 0.882270226548
46.8719 1.08099166791
47.0721 0.81889183873
47.2723 0.614147987543
47.4725 0.742334390723
47.6727 0.741323246027
47.8729 0.853196745882
48.0731 0.78586742474
48.2733 1.19170773419
48.4735 1.07843813704
48.6737 0.817031486132
48.8739 0.694707456448
49.0741 0.810982889842
49.2743 0.926850703303
49.4745 1.26682022767
49.6747 0.9262310518
49.8749 0.957555007681
50.0751 0.868188342503
50.2753 0.68915839545
50.4755 0.957162553345
50.6757 0.892246647103
50.8759 1.1964133241
51.0761 0.838833123422
51.2763 1.0982604506
51.4765 0.948499519491
51.6767 1.17927396428
51.8769 0.848967922189
52.0771 1.13093533228
52.2773 0.960190297134
52.4775 0.909317828775
52.6777 0.997362171951
52.8779 1.27803458979
53.0782 1.08290740008
53.2784 1.17235912186
53.4786 0.86948798541
53.6788 1.04014143668
53.879 1.01948886771
54.0792 1.11515399306
54.2794 0.91713185442
54.4796 0.98124583579
54.6798 0.664148985568
54.88 1.01807703244
55.0802 0.912427849369
55.2804 1.09802655321
55.4806 0.970454324945
55.6808 1.23020282603
55.881 1.08180402637
56.0812 0.983019256981
56.2815 1.25531433257
56.4817 1.06929180685
56.6819 1.05299911868
56.8821 1.07990932009
57.0823 0.844363842393
57.2825 1.25027144619
57.4827 0.897504647886
57.6829 1.04972499609
57.8831 0.951571978794
58.0833 1.13752570042
58.2836 1.00224354976
58.4838 1.09622752609
58.684 1.15830678083
58.8842 0.841217955007
59.0844 1.01360384779
59.2846 0.855535252488
59.4848 1.10563510128
59.685 0.9304376882
59.8853 1.01550299083
60.0855 1.02545673362
60.2857 1.10351302946
60.4859 0.92569150707
60.6861 1.2296014182
60.8863 1.03974829539
61.0865 0.98059070051
61.2868 1.21370836565
61.487 1.12532837954
61.6872 1.01407562362
61.8874 1.09448285333
62.0876 1.22074985443
62.2878 0.981564393955
62.4881 0.934505011689
62.6883 1.01162312141
62.8885 0.792458164104
63.0887 1.15417311822
63.2889 0.929923218329
63.4891 0.992324505339
63.6894 1.07880553607
63.8896 1.01810315117
64.0898 1.04768223627
64.29 1.07703926741
64.4902 1.10276615435
64.6905 0.894216056615
64.8907 0.780388770435
65.0909 0.847637768134
65.2911 0.843076633731
65.4913 1.08921916283
65.6916 0.962703460089
65.8918 0.790303420878
66.092 0.907739064921
66.2922 1.1014143295
66.4924 0.857748484431
66.6927 0.535147373439
66.8929 1.26702486619
67.0931 0.798868458262
67.2933 0.703408965671
67.4936 0.978329716449
67.6938 0.509297647724
67.894 0.681153718995
68.0942 0.878379169928
68.2945 0.66833350321
68.4947 1.00806504783
68.6949 0.903843691081
68.8951 0.892158760352
69.0954 1.07450178679
69.2956 1.15729993078
69.4958 0.563631391331
69.696 0.814246240474
69.8963 0.79279067636
70.0965 0.475830163792
70.2967 0.539478408708
70.4969 0.892521422595
70.6972 1.08223832447
70.8974 1.43975832196
71.0976 1.06334418119
71.2979 0.99087379946
71.4981 1.15151682301
71.6983 1.08169581917
71.8985 1.06572612167
72.0988 1.01027593385
72.299 1.23558071975
72.4992 0.808461625362
72.6995 0.797762615615
72.8997 1.2037166221
73.0999 0.974415774286
73.3002 1.07685129619
73.5004 0.921539680585
73.7006 0.869492117291
73.9009 1.25853611546
74.1011 1.13713249984
74.3013 1.20919857703
74.5016 0.880922832173
74.7018 0.648680686738
74.902 0.990075454689
75.1023 1.05040109483
75.3025 1.05887846963
75.5027 0.995208057719
75.703 1.22033814376
75.9032 0.94592493635
76.1034 1.2202286232
76.3037 0.935642669261
76.5039 1.01822075376
76.7041 0.829570912055
76.9044 1.08718009628
77.1046 1.25253082195
77.3048 1.10148687996
77.5051 0.811305611647
77.7053 1.09938395304
77.9056 0.875487896187
78.1058 0.695880615231
78.306 1.10514931405
78.5063 1.04003028985
78.7065 0.879232420124
78.9067 0.793844951792
79.107 1.06324629878
79.3072 0.866991817777
79.5075 0.9980947751
79.7077 1.07480928267
79.9079 1.12534962308
80.1082 1.07557989618
80.3084 0.922762133916
80.5087 0.850355178969
80.7089 0.965781238444
80.9091 1.13763821021
81.1094 0.982905288143
81.3096 0.847721721138
81.5099 0.79702711308
81.7101 0.980158644315
81.9104 0.992422259628
82.1106 1.22833346137
82.3108 1.12320734358
82.5111 0.81693880286
82.7113 0.940532336748
82.9116 1.27040598405
83.1118 0.967985071306
83.3121 1.21006068525
83.5123 1.10951172724
83.7126 0.999252335062
83.9128 1.05843019014
84.113 1.22291189755
84.3133 0.881246036845
84.5135 0.771644122022
84.7138 0.893092070627
84.914 0.932962475362
85.1143 1.32935594794
85.3145 1.02439002473
85.5148 0.987525312612
85.715 1.04961836644
85.9153 1.14832719182
86.1155 0.853333859443
86.3158 0.938829523919
86.516 0.895160526213
86.7163 1.20755276872
86.9165 1.05029307357
87.1168 1.2374900952
87.317 1.16582449912
87.5173 1.09076058111
87.7175 0.814250777843
87.9178 0.83267132603
88.118 0.922060704232
88.3183 1.34190618022
88.5185 1.21752516544
88.7188 0.946641749762
88.919 0.913148399439
89.1193 0.915308827548
89.3195 1.00552427382
89.5198 1.04704420257
89.72 1.1575050199
89.9203 1.28436696105
90.1205 1.12973783538
90.3208 1.17684064662
90.521 1.44951275513
90.7213 1.26976039102
90.9216 0.906973747954
91.1218 0.83588187219
91.3221 1.14959597832
91.5223 0.972128685262
91.7226 1.01587758856
91.9228 0.817004236952
92.1231 0.90434779918
92.3233 0.861852709997
92.5236 0.79563541903
92.7239 1.06663360766
92.9241 0.708150941559
93.1244 0.93491013336
93.3246 0.900200312064
93.5249 1.11365340886
93.7252 1.19651383642
93.9254 1.25297862523
94.1257 1.12837050071
94.3259 0.927796642965
94.5262 0.966327562013
94.7264 1.02871203746
94.9267 1.31899446857
95.127 0.856292346785
95.3272 0.879949979462
95.5275 0.910884244596
95.7278 0.949351731187
95.928 1.10863010963
96.1283 0.806605597801
96.3285 1.18562262132
96.5288 0.98353317585
96.7291 0.795849546807
96.9293 1.18718916448
97.1296 1.10403408995
97.3298 1.00019574309
97.5301 0.791431085725
97.7304 0.945783856526
97.9306 1.28021320491
98.1309 0.798515938968
98.3312 1.04823978479
98.5314 1.47945615827
98.7317 0.89483508901
98.932 0.907855128276
99.1322 0.971108071265
99.3325 1.14808619148
99.5328 1.00040957406
99.733 0.964536922644
99.9333 1.03399668385
