-100.0 0.957650423973
-99.8 1.1193038378
-99.6 1.13587344967
-99.4 0.966579958564
-99.2 1.09642155279
-99.0 1.00438235996
-98.8 1.09394977901
-98.6 1.05725112801
-98.4 1.03112006505
-98.2 1.10298323126
-98.0 1.07450688855
-97.8 0.993035284323
-97.6 1.05938101077
-97.4 1.07853860191
-97.2 0.955814623017
-97.0 1.19394502721
-96.8 1.0814951254
-96.6 1.06490619942
-96.4 1.09842633419
-96.2 1.07490006205
-95.9999 0.927397701774
-95.7999 1.00976087134
-95.5999 1.02420854652
-95.3999 1.05807510989
-95.1999 1.06573123233
-94.9999 1.08341407423
-94.7999 1.04601629112
-94.5999 1.0032458772
-94.3999 0.957002098339
-94.1999 1.1921275691
-93.9999 0.971680741335
-93.7999 0.805070598303
-93.5999 0.947402522397
-93.3999 1.06483091331
-93.1999 0.851168568398
-92.9998 1.07024949523
-92.7998 0.963881185796
-92.5998 0.972929309582
-92.3998 0.874001528672
-92.1998 1.05268343609
-91.9998 0.868758712033
-91.7998 0.785740342402
-91.5998 1.20543657994
-91.3998 1.02682237932
-91.1997 0.999073911843
-90.9997 1.01685069671
-90.7997 1.09419212431
-90.5997 0.966325492065
-90.3997 0.719151937734
-90.1997 1.0007181854
-89.9997 0.87852277654
-89.7997 1.02819273348
-89.5996 0.885135364925
-89.3996 0.865577868329
-89.1996 0.891198234707
-88.9996 0.920895502029
-88.7996 1.07233144947
-88.5996 0.932170007117
-88.3996 0.935966712159
-88.1995 0.847644375188
-87.9995 1.00248538581
-87.7995 0.978088190548
-87.5995 0.953966291718
-87.3995 1.0542772371
-87.1995 0.944529976006
-86.9994 0.994150112794
-86.7994 1.18680519117
-86.5994 1.1991487074
-86.3994 1.03700396516
-86.1994 0.686999931399
-85.9994 0.806950615268
-85.7993 0.891525922453
-85.5993 0.822113358833
-85.3993 0.788745228554
-85.1993 0.98172467151
-84.9993 1.02720034155
-84.7992 0.977116158661
-84.5992 0.924122442879
-84.3992 0.779735710167
-84.1992 0.982905655448
-83.9991 0.871864099772
-83.7991 1.19465880517
-83.5991 0.89202682571
-83.3991 0.962754774202
-83.1991 0.922158909294
-82.999 0.945101730153
-82.799 0.898759367567
-82.599 0.99151643238
-82.399 0.964278539181
-82.1989 1.00570088937
-81.9989 1.10654945214
-81.7989 1.2036003921
-81.5989 0.9751739185
-81.3988 1.11494411775
-81.1988 0.975862363568
-80.9988 1.04746281974
-80.7988 1.15622191966
-80.5987 0.938261599092
-80.3987 1.09123737215
-80.1987 1.11957899668
-79.9987 0.84811346418
-79.7986 0.88296063125
-79.5986 1.16400730118
-79.3986 1.14853391956
-79.1986 0.928507266206
-78.9985 0.917947983749
-78.7985 1.05044228632
-78.5985 0.822080675322
-78.3984 0.95840353144
-78.1984 1.13288354569
-77.9984 0.991347894519
-77.7984 1.16175444379
-77.5983 1.04785946073
-77.3983 0.943427832028
-77.1983 0.91524216036
-76.9982 1.12668965344
-76.7982 1.25038101544
-76.5982 0.90034874445
-76.3981 0.791607627424
-76.1981 0.994982773272
-75.9981 0.971019127141
-75.798 0.993358976688
-75.598 0.690752876006
-75.398 0.985819488083
-75.198 0.817270034041
-74.9979 0.734141763957
-74.7979 1.02843398622
-74.5978 1.04497783903
-74.3978 1.06848558254
-74.1978 1.14480982631
-73.9977 1.15028330473
-73.7977 0.868742964678
-73.5977 1.01341356525
-73.3976 1.15068967825
-73.1976 1.07665873588
-72.9976 1.16225166253
-72.7975 1.01292181366
-72.5975 0.892773038948
-72.3975 1.27324281408
-72.1974 0.809696092809
-71.9974 0.902841600316
-71.7973 0.995551769904
-71.5973 0.815505663163
-71.3973 1.09373892784
-71.1972 1.10551645492
-70.9972 1.01622979805
-70.7972 0.972038294113
-70.5971 0.970769702295
-70.3971 0.875428097242
-70.197 1.21615426545
-69.997 1.23455629864
-69.797 1.00660946425
-69.5969 1.24880207176
-69.3969 1.09042661935
-69.1968 0.972187137801
-68.9968 1.05044981343
-68.7968 1.03796348002
-68.5967 0.89203493869
-68.3967 0.956762549686
-68.1966 1.03352176048
-67.9966 1.04687034711
-67.7965 1.06560720749
-67.5965 0.939571819956
-67.3965 0.991341510957
-67.1964 0.779601605428
-66.9964 0.939663184287
-66.7963 1.06765303072
-66.5963 1.11801036086
-66.3962 0.903482131443
-66.1962 1.27553350191
-65.9961 0.980914150572
-65.7961 0.927259833798
-65.5961 1.05105269673
-65.396 1.12745540592
-65.196 0.932136009063
-64.9959 1.02495719356
-64.7959 0.917344696981
-64.5958 0.951388640829
-64.3958 0.859430280243
-64.1957 0.870315727229
-63.9957 1.08895310704
-63.7956 0.965995606276
-63.5956 0.954251971843
-63.3955 1.02233990166
-63.1955 1.03505070334
-62.9954 1.21996674691
-62.7954 0.83895123132
-62.5953 0.787144105779
-62.3953 1.09030235489
-62.1952 1.04131460583
-61.9952 1.23343318747
-61.7951 1.08878525272
-61.5951 1.08388429919
-61.395 0.957448542723
-61.195 1.14566472493
-60.9949 0.797804305137
-60.7949 1.12369420035
-60.5948 0.929724911344
-60.3948 0.957496010242
-60.1947 0.980343461227
-59.9947 1.33344816389
-59.7946 0.817122554361
-59.5946 1.01411854355
-59.3945 0.976180135608
-59.1944 0.842970905539
-58.9944 0.972408036322
-58.7943 1.08708656495
-58.5943 0.897785132579
-58.3942 1.15030556803
-58.1942 1.16044587594
-57.9941 1.23473920624
-57.7941 1.23008732945
-57.594 0.995510678079
-57.3939 1.15716919177
-57.1939 0.860880153431
-56.9938 0.753945634714
-56.7938 0.888878120837
-56.5937 0.910033831189
-56.3937 0.993161058861
-56.1936 1.23623335903
-55.9935 1.14876793875
-55.7935 0.885165795344
-55.5934 0.938242599044
-55.3934 1.27841507492
-55.1933 0.964481512636
-54.9932 0.811331391653
-54.7932 0.991060135728
-54.5931 0.949814528662
-54.3931 0.84363385947
-54.193 1.16062554029
-53.9929 0.96341971843
-53.7929 1.10323188789
-53.5928 1.14248050206
-53.3928 0.848840857992
-53.1927 1.11249434602
-52.9926 0.973320185099
-52.7926 1.04459468523
-52.5925 0.974926946836
-52.3924 0.981156159446
-52.1924 0.937810128751
-51.9923 1.08034045737
-51.7922 0.982098323119
-51.5922 1.01318982
-51.3921 0.934418413666
-51.1921 0.958994318593
-50.992 1.0907069946
-50.7919 1.02942526968
-50.5919 1.15719408234
-50.3918 0.878541291045
-50.1917 1.18442951855
-49.9917 1.14477678557
-49.7916 1.02591836613
-49.5915 0.795235013152
-49.3915 0.996685426558
-49.1914 0.804054676645
-48.9913 1.01872350843
-48.7913 1.0695773061
-48.5912 1.1390290262
-48.3911 1.13796099982
-48.191 0.91288592208
-47.991 1.10744326166
-47.7909 1.12178395437
-47.5908 0.932020652067
-47.3908 0.738755791171
-47.1907 1.17565796189
-46.9906 1.17849773305
-46.7906 1.00883813902
-46.5905 1.1622747991
-46.3904 1.03246096163
-46.1903 1.10111100863
-45.9903 1.06772719908
-45.7902 1.02941984405
-45.5901 0.929203130195
-45.3901 1.00878297699
-45.19 1.14488268783
-44.9899 0.844914680552
-44.7898 0.769989437832
-44.5898 0.973355542511
-44.3897 0.950348204184
-44.1896 1.0069697744
-43.9895 1.04350503025
-43.7895 0.80100970448
-43.5894 1.1301935256
-43.3893 1.03352582584
-43.1892 1.03713357793
-42.9892 0.954546338608
-42.7891 1.09027257436
-42.589 0.976265986568
-42.3889 1.0506934035
-42.1889 1.04979735741
-41.9888 1.0697564267
-41.7887 1.0599997382
-41.5886 1.09222625951
-41.3885 0.919566335646
-41.1885 1.05740267656
-40.9884 1.06219011911
-40.7883 1.06983741203
-40.5882 1.13411735446
-40.3881 0.800072350604
-40.1881 1.2125577005
-39.988 1.12677759959
-39.7879 1.1228079466
-39.5878 0.893191799453
-39.3877 0.963085022253
-39.1877 0.892566261246
-38.9876 1.1772106034
-38.7875 0.990378036654
-38.5874 1.0482136019
-38.3873 1.02453891371
-38.1873 0.935175619052
-37.9872 1.17449378604
-37.7871 1.24771614567
-37.587 1.20551495964
-37.3869 1.11178584483
-37.1868 0.965940695187
-36.9868 0.83362915638
-36.7867 1.11553257136
-36.5866 1.17705771142
-36.3865 0.741458807778
-36.1864 0.750403709879
-35.9863 0.893767910294
-35.7862 0.94223236496
-35.5862 0.987070100479
-35.3861 1.08522954902
-35.186 1.01293305832
-34.9859 1.02947719496
-34.7858 0.816077202784
-34.5857 1.07486929009
-34.3856 1.20870741142
-34.1856 1.1075710518
-33.9855 1.12065201977
-33.7854 1.07743497828
-33.5853 1.0693559878
-33.3852 0.94477397814
-33.1851 0.981059410048
-32.985 0.87317071446
-32.7849 0.941015085755
-32.5848 1.00276979896
-32.3847 0.93398450776
-32.1847 1.12202334657
-31.9846 1.01848206747
-31.7845 1.0898535049
-31.5844 1.05900655964
-31.3843 0.868391384416
-31.1842 1.05678982827
-30.9841 0.988946584553
-30.784 0.897060408547
-30.5839 0.992721568667
-30.3838 0.899597214196
-30.1837 1.23375362992
-29.9836 0.937803804153
-29.7836 0.929266487957
-29.5835 0.979498701171
-29.3834 1.1186029844
-29.1833 1.04536739679
-28.9832 0.752078098196
-28.7831 0.776073435143
-28.583 0.899017946842
-28.3829 0.863942007056
-28.1828 1.11026526387
-27.9827 0.97149914571
-27.7826 1.06632726132
-27.5825 1.00891970444
-27.3824 1.04451580338
-27.1823 0.905915808635
-26.9822 0.639714529279
-26.7821 0.909503550848
-26.582 1.13246165305
-26.3819 1.1410796731
-26.1818 0.85330158701
-25.9817 0.876257788481
-25.7816 0.88963875795
-25.5815 1.12359183064
-25.3814 0.816376173436
-25.1813 1.05827532689
-24.9812 0.904011570957
-24.7811 0.907762588482
-24.581 0.923646516825
-24.3809 0.852727874421
-24.1808 1.07393180344
-23.9807 1.35751894918
-23.7806 0.922583527051
-23.5805 0.860737351442
-23.3804 1.10167773825
-23.1803 0.95920471967
-22.9802 0.824010798588
-22.7801 0.745643156946
-22.58 0.954681939438
-22.3799 0.932248577957
-22.1798 1.02949817457
-21.9797 0.955240415434
-21.7796 1.04334046744
-21.5795 0.862643482669
-21.3794 0.992208554153
-21.1793 0.74290395583
-20.9792 1.06527990523
-20.7791 1.07526910703
-20.579 1.18889058573
-20.3789 0.977103649628
-20.1787 0.781881827598
-19.9786 0.919026172336
-19.7785 0.872970571316
-19.5784 1.06512854351
-19.3783 0.938557125411
-19.1782 0.755325310573
-18.9781 1.11416665102
-18.778 1.01308991791
-18.5779 0.956293785427
-18.3778 0.890986342795
-18.1777 1.28839688523
-17.9776 0.909957013026
-17.7774 1.06222148574
-17.5773 0.930634022647
-17.3772 0.929163762559
-17.1771 0.990541059601
-16.977 0.933435174023
-16.7769 0.93079234617
-16.5768 1.04544338283
-16.3767 1.01686315579
-16.1766 0.969547282381
-15.9764 0.854730262871
-15.7763 1.30387050309
-15.5762 0.994454008568
-15.3761 0.95464962504
-15.176 0.924219934643
-14.9759 0.72375513918
-14.7758 1.15970995496
-14.5757 0.985860663299
-14.3755 1.0906172646
-14.1754 0.839170805028
-13.9753 0.813343363383
-13.7752 0.711592568782
-13.5751 0.851809233538
-13.375 1.10734798098
-13.1749 0.906163142912
-12.9747 0.861282071497
-12.7746 0.765149637555
-12.5745 0.883581464821
-12.3744 0.638380566728
-12.1743 1.07493724093
-11.9742 0.909761206583
-11.774 1.13747374534
-11.5739 0.717388553227
-11.3738 0.834651760544
-11.1737 1.27187604824
-10.9736 0.969627576438
-10.7734 0.923148747084
-10.5733 0.89411321073
-10.3732 1.09936531319
-10.1731 0.953641794942
-9.97296 0.710524680812
-9.77284 0.885546689372
-9.57272 0.685753720192
-9.3726 0.58325384728
-9.17248 0.783316524185
-8.97236 0.831898673366
-8.77224 1.36709457274
-8.57211 0.844950912961
-8.37199 0.788048747007
-8.17187 1.03582698156
-7.97175 1.05686562269
-7.77163 1.21564810586
-7.5715 1.57236049955
-7.37138 0.97329356301
-7.17125 0.717323759057
-6.97113 1.07374337477
-6.77101 0.673018532746
-6.57088 0.519201030857
-6.37076 0.898630048312
-6.17063 0.803600718951
-5.97051 1.27212769652
-5.77038 0.465297156895
-5.57025 0.958773185585
-5.37013 0.449716366014
-5.17 0.602101758054
-4.96987 0.890717051437
-4.76975 1.13824513093
-4.56962 0.794399127698
-4.36949 0.624342178385
-4.16937 0.202932710757
-3.96924 0.431082704767
-3.76911 0.150173819152
-3.56898 0.720543815311
-3.36885 0.627998571459
-3.16872 0.229019773495
-2.96859 0.466381905595
-2.76846 0.360386179131
-2.56833 0.381526365621
-2.3682 0.0115642369129
-2.16807 0.200595640176
-1.96794 0.114493402002
-1.76781 0.201981617255
-1.56768 0.11869728299
-1.36755 0.0940862259915
-1.16742 0.0222460599807
-0.967284 0.329218609068
-0.767152 0.0528167052869
-0.567019 0.316324529309
-0.366886 0.317238086866
-0.166753 0.191757391367
0.0333802 -0.107098696106
0.233514 0.113787667059
0.433648 0.0886369888308
0.633782 0.0140442896454
0.833917 0.135822215977
1.03405 0.446683262118
1.23419 0.168638410493
1.43432 -0.0396716373747
1.63446 0.0269247928421
1.83459 0.0545075389045
2.03473 -0.0476161550492
2.23487 -0.0447319696319
2.435 0.00899950693002
2.63514 0.229745074401
2.83528 0.235805733145
3.03541 -0.153890991816
3.23555 -0.148503287994
3.43569 0.011691745261
3.63583 -0.108632497189
3.83597 -0.017596564516
4.0361 0.134679500153
4.23624 -0.14828495957
4.43638 0.225340178033
4.63652 -0.0759464544683
4.83666 0.11321563737
5.0368 0.0214454479442
5.23694 0.0451355324806
5.43708 -0.114115202855
5.63722 0.0524910033957
5.83737 -0.0735618019105
6.03751 -0.00569238006349
6.23765 0.0164689117545
6.43779 0.075823557532
6.63793 -0.0616478528224
6.83808 -0.0303927587548
7.03822 0.0531517737375
7.23836 0.0534238200228
7.4385 -0.158888079885
7.63865 0.000274674359173
7.83879 0.131774169046
8.03894 0.116467138888
8.23908 -0.0285095588908
8.43923 0.251498333257
8.63937 0.211439047061
8.83951 0.58839654829
9.03966 0.182703374543
9.23981 0.339128059567
9.43995 0.217059722786
9.6401 0.547131753205
9.84025 0.11233292285
10.0404 0.581600455629
10.2405 0.129362892652
10.4407 0.589452786798
10.6408 0.905707853317
10.841 0.79694927839
11.0411 0.628159439657
11.2413 1.03838395856
11.4414 0.378529996724
11.6416 0.1843264091
11.8417 0.765617814057
12.0419 0.534829113436
12.242 0.477202074772
12.4422 0.713570137863
12.6423 1.11996031626
12.8425 0.73727386473
13.0426 0.554300793411
13.2428 0.655763400903
13.4429 0.684187700715
13.6431 0.777492223187
13.8432 0.495460397131
14.0434 0.624005312965
14.2435 0.444910906438
14.4437 0.461164568067
14.6438 0.820387925106
14.844 0.564653384298
15.0441 0.793889174126
15.2443 1.22851210825
15.4445 0.797075920876
15.6446 0.885656077349
15.8448 0.443703836564
16.0449 1.26383651849
16.2451 1.07429655074
16.4452 0.724601227162
16.6454 1.01975507359
16.8455 0.595035952698
17.0457 0.971248414925
17.2459 1.11096417576
17.446 0.820960749234
17.6462 0.911547803262
17.8463 0.645462963219
18.0465 0.8690908112
18.2466 0.946840823461
18.4468 0.92501230289
18.647 0.869808733767
18.8471 0.831627577292
19.0473 0.747391945318
19.2474 0.83337600729
19.4476 0.73968073774
19.6478 1.08060652919
19.8479 0.823548754211
20.0481 0.909109159377
20.2482 0.817939161235
20.4484 1.0585614111
20.6486 0.866896105534
20.8487 1.01335669233
21.0489 0.931469049267
21.249 0.668163688596
21.4492 1.18172279821
21.6494 0.734696805611
21.8495 0.681028292169
22.0497 1.19340372384
22.2498 1.02499158334
22.45 0.649694922794
22.6502 0.995367477439
22.8503 0.868742308631
23.0505 0.756894581944
23.2507 0.845334768414
23.4508 1.10848881035
23.651 0.643554495478
23.8512 0.981862083016
24.0513 0.973038784436
24.2515 0.86410088025
24.4517 0.893938347133
24.6518 0.931246201266
24.852 0.774232907096
25.0522 0.968225482284
25.2523 1.10396697445
25.4525 0.974647239748
25.6527 0.698619735734
25.8528 0.898837827486
26.053 1.00745408703
26.2532 0.985175327691
26.4533 1.11348425627
26.6535 0.937093469861
26.8537 0.847846184021
27.0538 0.763544856727
27.254 0.898823125113
27.4542 1.1496950312
27.6544 0.826453403571
27.8545 0.958702637528
28.0547 1.20641388123
28.2549 1.04184096288
28.455 0.814149602321
28.6552 0.87975070394
28.8554 0.743156719961
29.0556 0.896658964736
29.2557 0.821291732336
29.4559 0.981446135829
29.6561 0.919993531775
29.8562 0.84551328519
30.0564 1.01850851732
30.2566 0.7886633715
30.4568 1.04871295996
30.6569 1.07717932817
30.8571 1.10022402687
31.0573 0.968122605813
31.2575 1.1929425152
31.4576 1.17541727902
31.6578 0.937226751314
31.858 1.1389206446
32.0582 0.93891043541
32.2583 1.03962151914
32.4585 1.06970776862
32.6587 0.677603643695
32.8589 0.842339479457
33.0591 0.995061928712
33.2592 0.912276183986
33.4594 1.08156268049
33.6596 1.02872996551
33.8598 1.14825672569
34.0599 1.00442022772
34.2601 1.19491550269
34.4603 1.19219325416
34.6605 0.737694785259
34.8607 0.882649994908
35.0608 0.955919322992
35.261 0.916887392316
35.4612 0.967750503799
35.6614 1.27288693687
35.8616 0.968682172459
36.0617 0.956995877817
36.2619 0.765173872088
36.4621 0.967712199779
36.6623 1.05076924319
36.8625 0.974601489962
37.0627 0.969733206871
37.2628 0.933103688386
37.463 1.07065181112
37.6632 0.957072529891
37.8634 1.09476208819
38.0636 0.91622510684
38.2638 1.08738423392
38.4639 0.977957553513
38.6641 1.01735547846
38.8643 1.00028885968
39.0645 1.01836437071
39.2647 1.0516824171
39.4649 0.898956258166
39.6651 1.13783227734
39.8652 0.669776268877
40.0654 1.1482811501
40.2656 1.21519075886
40.4658 0.827695041573
40.666 1.26845056719
40.8662 0.925943937624
41.0664 0.789723316254
41.2666 1.11897512064
41.4668 1.05009242172
41.6669 1.16632051725
41.8671 0.97696806718
42.0673 0.897364805873
42.2675 1.00475379793
42.4677 1.03500869061
42.6679 0.913616731782
42.8681 1.20886187309
43.0683 1.07476738521
43.2685 1.17642796178
43.4687 1.13071431827
43.6688 1.00507448753
43.869 0.970662979633
44.0692 1.00545399047
44.2694 0.857429495361
44.4696 1.01071104905
44.6698 1.07931599903
44.87 1.13017639626
45.0702 1.08228353657
45.2704 0.831232641441
45.4706 0.885495041649
45.6708 1.15919361098
45.871 1.1458663631
46.0712 0.901253731958
46.2714 1.00000453668
46.4716 1.01715169308
46.6718 0.822039060499
46.8719 0.978703836779
47.0721 1.14018686284
47.2723 0.888084600573
47.4725 0.732880115366
47.6727 0.998492322162
47.8729 1.06222490221
48.0731 0.874903798313
48.2733 0.884760209964
48.4735 0.724834672954
48.6737 0.84155893039
48.8739 0.855462749241
49.0741 1.14059622149
49.2743 1.1609145592
49.4745 1.00415368737
49.6747 1.1420825772
49.8749 0.907547927431
50.0751 1.06691960635
50.2753 0.871785131454
50.4755 0.835442150836
50.6757 1.17840664844
50.8759 1.15447336401
51.0761 0.942386428639
51.2763 1.01467707338
51.4765 1.17613191696
51.6767 1.08959513132
51.8769 0.884482029506
52.0771 1.13216133545
52.2773 0.919250369169
52.4775 0.958988964185
52.6777 0.985190260379
52.8779 1.05900915554
53.0782 1.12582229524
53.2784 0.999867238713
53.4786 0.800268122688
53.6788 1.10771335536
53.879 0.978213286443
54.0792 1.23033480698
54.2794 1.10930940271
54.4796 1.1366729163
54.6798 1.19731565839
54.88 1.1731222174
55.0802 0.928185656697
55.2804 1.23692791323
55.4806 1.1163592953
55.6808 0.994148948966
55.881 1.18495331299
56.0812 1.15331193671
56.2815 1.18609583218
56.4817 0.961444382239
56.6819 1.0531259228
56.8821 0.897946936523
57.0823 0.746587399234
57.2825 0.845747787383
57.4827 0.967132571873
57.6829 0.935249369837
57.8831 1.01451703982
58.0833 1.11732080015
58.2836 1.18626926055
58.4838 0.799030470629
58.684 0.993623975736
58.8842 1.26670715353
59.0844 1.07199528057
59.2846 1.07304550946
59.4848 1.27883421054
59.685 0.958948538194
59.8853 1.02019591539
60.0855 0.85989863329
60.2857 0.98364319986
60.4859 0.938000315319
60.6861 0.9362592692
60.8863 1.12308555503
61.0865 1.12001828861
61.2868 1.06969714493
61.487 0.824276688532
61.6872 0.882472084046
61.8874 0.900661560403
62.0876 1.00467338289
62.2878 0.944316844024
62.4881 1.0324040534
62.6883 1.26802260607
62.8885 1.14206513671
63.0887 1.05785300265
63.2889 1.03426680566
63.4891 1.01058451054
63.6894 0.924286071236
63.8896 1.02794704757
64.0898 1.11535321695
64.29 0.938084684452
64.4902 0.832935058872
64.6905 0.825152113961
64.8907 1.07921525157
65.0909 0.943898513698
65.2911 0.908477683153
65.4913 0.979427404297
65.6916 1.00399289901
65.8918 0.946841208664
66.092 1.09358090381
66.2922 0.866347207986
66.4924 0.855077932125
66.6927 0.908311051587
66.8929 1.0615578545
67.0931 0.741821602767
67.2933 0.803501801709
67.4936 0.998244642707
67.6938 0.952048722616
67.894 1.01301081445
68.0942 0.964737319207
68.2945 0.904888026311
68.4947 0.879505088305
68.6949 1.28601489754
68.8951 0.944718537905
69.0954 1.04919640477
69.2956 1.18068494122
69.4958 1.17792672662
69.696 1.03916276348
69.8963 1.11301483168
70.0965 1.17870885076
70.2967 0.792356853946
70.4969 0.892332431026
70.6972 1.0478315611
70.8974 1.13255911117
71.0976 1.09665975666
71.2979 0.955488658723
71.4981 1.03326691621
71.6983 1.04688202296
71.8985 0.987565085008
72.0988 0.994577813264
72.299 1.16196588214
72.4992 1.15346377595
72.6995 1.08831935576
72.8997 1.08880668662
73.0999 1.04479419382
73.3002 0.942680730579
73.5004 0.900477297176
73.7006 1.11563542562
73.9009 1.05512930001
74.1011 0.896377522594
74.3013 1.05227539628
74.5016 0.958214855823
74.7018 1.02761190801
74.902 0.954179775111
75.1023 1.04889328058
75.3025 0.938597241607
75.5027 1.01166297832
75.703 1.04985525588
75.9032 1.19795640918
76.1034 0.915092369077
76.3037 1.08272817893
76.5039 1.08951425135
76.7041 1.1597461285
76.9044 1.0396286249
77.1046 0.868703192499
77.3048 0.918735447549
77.5051 0.786838131132
77.7053 0.884901447272
77.9056 0.928699762678
78.1058 0.953584440327
78.306 0.995798686369
78.5063 1.20466954613
78.7065 0.839944025901
78.9067 1.00607940824
79.107 0.961952156027
79.3072 1.03896667175
79.5075 0.836845524041
79.7077 1.05082238781
79.9079 1.20369746115
80.1082 1.00085748065
80.3084 0.954071123076
80.5087 1.02038124941
80.7089 0.844708006706
80.9091 1.11508158522
81.1094 1.03345483837
81.3096 0.903653080524
81.5099 0.965751686542
81.7101 1.01345026783
81.9104 1.04303057654
82.1106 1.02326432848
82.3108 0.943425952224
82.5111 1.01461141457
82.7113 0.84153251404
82.9116 1.07128111304
83.1118 1.28287194235
83.3121 0.962367921631
83.5123 1.02769327333
83.7126 1.40153824958
83.9128 1.09043745901
84.113 0.946895974521
84.3133 1.09023431034
84.5135 1.02348033906
84.7138 0.878019804349
84.914 1.13452536312
85.1143 1.00961285678
85.3145 0.997033570395
85.5148 1.04690495223
85.715 0.976988050742
85.9153 1.0642057345
86.1155 0.938819358719
86.3158 0.936212085506
86.516 0.905897232089
86.7163 1.10695808909
86.9165 1.1170284084
87.1168 0.960496868005
87.317 1.07904614033
87.5173 0.831326925195
87.7175 1.03964766465
87.9178 1.01060148624
88.118 0.90239432511
88.3183 1.13200791603
88.5185 0.999290110557
88.7188 0.851966542954
88.919 1.08088400842
89.1193 0.958574945035
89.3195 1.05256819452
89.5198 0.933346043952
89.72 1.2538764559
89.9203 0.977809864326
90.1205 1.0264478951
90.3208 0.7268718512
90.521 0.890579717177
90.7213 1.09974637354
90.9216 1.10517442232
91.1218 0.946975906677
91.3221 0.963114971687
91.5223 0.8194203025
91.7226 0.84762094159
91.9228 0.966305475933
92.1231 0.987993852157
92.3233 0.918234117524
92.5236 0.990085943579
92.7239 0.989337187294
92.9241 1.1165425252
93.1244 0.851405418519
93.3246 0.992013622579
93.5249 1.11637873409
93.7252 1.01874181648
93.9254 1.02049014224
94.1257 1.12158969704
94.3259 0.943547534309
94.5262 1.1802230035
94.7264 0.93759978548
94.9267 1.09311542411
95.127 1.04543751513
95.3272 1.02799217934
95.5275 0.834065374255
95.7278 0.792864589179
95.928 0.932714158561
96.1283 0.908160050729
96.3285 1.08638838365
96.5288 1.15590351106
96.7291 1.08264515204
96.9293 0.816071591973
97.1296 0.918185569802
97.3298 1.24673137367
97.5301 0.899351433618
97.7304 1.11877870313
97.9306 1.11210631965
98.1309 1.0399406538
98.3312 0.925158409211
98.5314 0.692186398812
98.7317 0.961003830891
98.932 1.1419635665
99.1322 0.766012942863
99.3325 0.792572308993
99.5328 1.10204803787
99.733 1.1793274588
99.9333 0.873627180397
