-100.0 0.83598513428
-99.8 0.869877180609
-99.6 1.00472598348
-99.4 0.949928210057
-99.2 0.709691325963
-99.0 1.56606256788
-98.8 0.567103127272
-98.6 0.717058660233
-98.4 1.25706577753
-98.2 1.29773857426
-98.0 0.789152187891
-97.8 0.73192451815
-97.6 0.727295232639
-97.4 0.828882318816
-97.2 1.23685341945
-97.0 0.918072945683
-96.8 1.26835596252
-96.6 1.05976487978
-96.4 1.09540855918
-96.2 0.369750458634
-95.9999 0.886109037228
-95.7999 1.26096190357
-95.5999 0.581495897455
-95.3999 0.957990192674
-95.1999 1.10865419156
-94.9999 0.612169351272
-94.7999 0.696188367539
-94.5999 1.12923487824
-94.3999 0.81755646065
-94.1999 0.950818320283
-93.9999 1.27038670482
-93.7999 1.49566409795
-93.5999 1.15857753379
-93.3999 1.17825387046
-93.1999 0.866857072848
-92.9998 0.985675360107
-92.7998 1.14466939595
-92.5998 0.871125399469
-92.3998 1.17284519718
-92.1998 1.225672223
-91.9998 1.15669682772
-91.7998 1.46907921625
-91.5998 1.60906322936
-91.3998 0.968105256927
-91.1997 0.675775313904
-90.9997 0.814115725097
-90.7997 1.54166277114
-90.5997 1.26064870086
-90.3997 1.23685786563
-90.1997 1.1322055584
-89.9997 0.823404701634
-89.7997 0.90528209482
-89.5996 1.11914600699
-89.3996 1.22212287596
-89.1996 1.1145389624
-88.9996 0.890837045796
-88.7996 1.06883505907
-88.5996 0.986245133978
-88.3996 0.820310544063
-88.1995 0.764706567131
-87.9995 0.998625392046
-87.7995 1.47825890538
-87.5995 1.2762374718
-87.3995 1.1083593981
-87.1995 1.05623199447
-86.9994 1.21909862297
-86.7994 0.963060303525
-86.5994 0.906149002929
-86.3994 0.505108216953
-86.1994 0.997536780731
-85.9994 0.822177748484
-85.7993 0.590565299595
-85.5993 1.45944143932
-85.3993 1.09478331517
-85.1993 1.1180748837
-84.9993 0.786434824627
-84.7992 0.741970916859
-84.5992 0.945585419127
-84.3992 1.71084685331
-84.1992 0.72900741302
-83.9991 1.22501633024
-83.7991 1.11633968358
-83.5991 1.29193803392
-83.3991 1.31544222779
-83.1991 1.15655546898
-82.999 0.871808697693
-82.799 0.983174798107
-82.599 1.02882100914
-82.399 0.515644849557
-82.1989 0.954129332744
-81.9989 0.599841954162
-81.7989 0.902189248256
-81.5989 0.96529383897
-81.3988 1.11968479578
-81.1988 0.831688657649
-80.9988 0.667634239752
-80.7988 1.16277078443
-80.5987 0.774342641748
-80.3987 0.832799583466
-80.1987 0.734157760005
-79.9987 1.07005478892
-79.7986 1.00040388709
-79.5986 1.10678571825
-79.3986 1.18239678607
-79.1986 0.936953534823
-78.9985 1.09524342619
-78.7985 1.27729396695
-78.5985 0.731541496121
-78.3984 1.2599961328
-78.1984 0.979855756682
-77.9984 1.17638160546
-77.7984 1.67709653926
-77.5983 0.934998947109
-77.3983 0.788600521535
-77.1983 1.31537347648
-76.9982 1.09045210808
-76.7982 0.920825409039
-76.5982 1.40660167959
-76.3981 0.651257673387
-76.1981 1.06682289345
-75.9981 1.02179408213
-75.798 0.505301619968
-75.598 0.832797659015
-75.398 1.53027764988
-75.198 1.47184246979
-74.9979 0.862913939103
-74.7979 0.98882433847
-74.5978 0.8517907513
-74.3978 0.835276299878
-74.1978 1.23035084787
-73.9977 1.00204758486
-73.7977 1.20509469806
-73.5977 0.940672076284
-73.3976 0.955430526383
-73.1976 0.843026404291
-72.9976 0.592987665633
-72.7975 0.69552388668
-72.5975 0.604028202883
-72.3975 1.5685346277
-72.1974 0.855587528125
-71.9974 1.21559463974
-71.7973 0.821197442311
-71.5973 0.993252793084
-71.3973 0.907535259845
-71.1972 0.728226314086
-70.9972 1.28961928032
-70.7972 0.941931503796
-70.5971 0.937366507051
-70.3971 1.14766156983
-70.197 1.0636919592
-69.997 0.978068729733
-69.797 1.18716098999
-69.5969 1.15367860268
-69.3969 0.987180622167
-69.1968 1.33381661558
-68.9968 0.667282943512
-68.7968 0.874839299251
-68.5967 1.03685924094
-68.3967 0.437955079143
-68.1966 0.804291136998
-67.9966 0.939940365198
-67.7965 0.860177379069
-67.5965 1.26718583719
-67.3965 0.909496895909
-67.1964 1.05631520182
-66.9964 0.93908606786
-66.7963 1.16783845251
-66.5963 1.23244358823
-66.3962 0.71817017378
-66.1962 1.18456823302
-65.9961 1.11915895406
-65.7961 0.644750141045
-65.5961 0.828763053678
-65.396 1.06235804903
-65.196 1.1585698437
-64.9959 0.751335388386
-64.7959 1.38411342899
-64.5958 1.08310741308
-64.3958 0.806344850194
-64.1957 0.641978925266
-63.9957 0.840783523137
-63.7956 0.882725468091
-63.5956 1.38299052226
-63.3955 0.846438917631
-63.1955 1.04035385832
-62.9954 0.91385426228
-62.7954 0.467975003005
-62.5953 0.779535046783
-62.3953 1.19010043518
-62.1952 1.31542370576
-61.9952 0.874252972181
-61.7951 1.28667171259
-61.5951 1.02082663062
-61.395 1.14791586589
-61.195 0.731587040483
-60.9949 0.716213677116
-60.7949 0.73643954929
-60.5948 0.98237561747
-60.3948 1.1687456614
-60.1947 0.845631158636
-59.9947 0.989745777257
-59.7946 0.814031211587
-59.5946 1.24432453522
-59.3945 1.0931242732
-59.1944 0.838189795664
-58.9944 0.75983517067
-58.7943 1.17537539549
-58.5943 1.11160640331
-58.3942 1.0211436716
-58.1942 1.12121522733
-57.9941 1.00049171657
-57.7941 0.970611314656
-57.594 0.542424904181
-57.3939 1.12863390742
-57.1939 0.598803954587
-56.9938 1.01467518674
-56.7938 1.17715920788
-56.5937 0.990565800902
-56.3937 0.930637296233
-56.1936 0.783807664656
-55.9935 0.943213448854
-55.7935 1.21050107851
-55.5934 0.942544169077
-55.3934 0.934502250445
-55.1933 0.956772281134
-54.9932 1.66213831333
-54.7932 1.12006036359
-54.5931 1.0500179426
-54.3931 1.11557718622
-54.193 1.13178322922
-53.9929 0.925832796887
-53.7929 0.539805614031
-53.5928 0.983323048607
-53.3928 1.1367605663
-53.1927 0.445677353615
-52.9926 0.902204448137
-52.7926 0.983509572014
-52.5925 1.29082864084
-52.3924 0.733401285531
-52.1924 0.855013563859
-51.9923 1.0103757697
-51.7922 1.07058828495
-51.5922 0.89084881486
-51.3921 1.09667237431
-51.1921 1.21620952385
-50.992 1.19452607726
-50.7919 1.04176995432
-50.5919 0.860272836345
-50.3918 0.934710892596
-50.1917 0.753497613225
-49.9917 0.310502871607
-49.7916 0.774954450208
-49.5915 0.831976179913
-49.3915 0.977426790702
-49.1914 0.644394808768
-48.9913 0.959276372452
-48.7913 0.918421230542
-48.5912 0.877928401979
-48.3911 0.808078031177
-48.191 0.605220831706
-47.991 0.717850549904
-47.7909 0.897596833198
-47.5908 1.06960816878
-47.3908 1.17881594386
-47.1907 1.37233979925
-46.9906 0.716030639025
-46.7906 1.65377291457
-46.5905 1.06765878762
-46.3904 1.00462564684
-46.1903 1.13454821444
-45.9903 0.908158025548
-45.7902 0.779920648264
-45.5901 0.573621564157
-45.3901 0.701796892396
-45.19 1.12171372844
-44.9899 0.476165710379
-44.7898 1.16715069978
-44.5898 1.48548562347
-44.3897 1.02346632363
-44.1896 0.908958960999
-43.9895 0.819034414192
-43.7895 0.926927768741
-43.5894 0.94635823188
-43.3893 1.16763253533
-43.1892 1.30195301721
-42.9892 0.761290083825
-42.7891 0.866152520281
-42.589 0.38488363605
-42.3889 1.07958451349
-42.1889 0.717344621272
-41.9888 0.812763423604
-41.7887 1.16568873879
-41.5886 0.99091487528
-41.3885 0.676459817059
-41.1885 1.09962022354
-40.9884 1.45049484535
-40.7883 1.33769243714
-40.5882 1.24817214629
-40.3881 1.23777789416
-40.1881 1.07509110371
-39.988 0.868123163356
-39.7879 0.888910686734
-39.5878 0.918455380886
-39.3877 0.802992631182
-39.1877 0.983900643505
-38.9876 1.21570310995
-38.7875 0.766962441704
-38.5874 0.490836177039
-38.3873 1.00970927427
-38.1873 1.20798843473
-37.9872 1.00831040565
-37.7871 0.991674168965
-37.587 1.2752991102
-37.3869 1.05372083671
-37.1868 1.06198178401
-36.9868 1.29995733733
-36.7867 1.24147739808
-36.5866 1.14699050302
-36.3865 0.419314386946
-36.1864 0.819443773939
-35.9863 0.779819545402
-35.7862 0.764179274056
-35.5862 1.02150547703
-35.3861 1.26091443097
-35.186 0.308675165288
-34.9859 0.984209412744
-34.7858 0.668411484156
-34.5857 0.743128419953
-34.3856 0.895299280985
-34.1856 1.19575140852
-33.9855 0.858445395732
-33.7854 1.48571395955
-33.5853 0.798517322548
-33.3852 0.860893633367
-33.1851 0.665288541124
-32.985 0.257446521298
-32.7849 0.72630261256
-32.5848 0.834872917372
-32.3847 0.515466406373
-32.1847 0.465568029534
-31.9846 0.347253178292
-31.7845 1.39968979553
-31.5844 0.726942368411
-31.3843 0.627583127392
-31.1842 0.75418865323
-30.9841 0.835684834219
-30.784 1.23086322793
-30.5839 0.91920159281
-30.3838 0.917064990471
-30.1837 0.861387033877
-29.9836 0.848733297054
-29.7836 1.02103758417
-29.5835 1.09215206954
-29.3834 0.877599082559
-29.1833 0.790738209641
-28.9832 0.549303115159
-28.7831 1.10963616311
-28.583 1.15017004043
-28.3829 0.862780940059
-28.1828 1.28993524627
-27.9827 0.756382281211
-27.7826 1.10300196995
-27.5825 1.10687613477
-27.3824 0.785881409777
-27.1823 1.11558378691
-26.9822 1.24576541074
-26.7821 1.81669956488
-26.582 0.0885471340775
-26.3819 0.992610029754
-26.1818 0.312668187092
-25.9817 0.976986776244
-25.7816 1.06953459272
-25.5815 0.917501702059
-25.3814 1.19235959967
-25.1813 0.890433203558
-24.9812 0.832788874853
-24.7811 0.300083385104
-24.581 0.327216347802
-24.3809 0.506209485495
-24.1808 0.977577586496
-23.9807 0.9435011455
-23.7806 0.919380920906
-23.5805 0.95718221362
-23.3804 1.52556009921
-23.1803 1.14077913622
-22.9802 0.784332507597
-22.7801 0.396614415897
-22.58 0.441309375921
-22.3799 1.00379930223
-22.1798 1.02552777202
-21.9797 1.06431733159
-21.7796 0.12704263814
-21.5795 0.970404726234
-21.3794 0.989436938291
-21.1793 0.260776626122
-20.9792 0.102261352696
-20.7791 0.166250594055
-20.579 0.964865762477
-20.3789 0.902361364741
-20.1787 0.555072899461
-19.9786 0.950221428329
-19.7785 0.508493419638
-19.5784 0.957030269045
-19.3783 0.568594328282
-19.1782 0.825841922105
-18.9781 0.562121187951
-18.778 0.598565788194
-18.5779 0.634243078538
-18.3778 0.936019992342
-18.1777 1.03986627395
-17.9776 1.15726538812
-17.7774 0.156124521164
-17.5773 0.703186456192
-17.3772 0.873814306581
-17.1771 0.948118193408
-16.977 0.559214846302
-16.7769 1.05096072123
-16.5768 0.531436827429
-16.3767 0.066636403669
-16.1766 0.0128699420526
-15.9764 0.450317898508
-15.7763 0.1082307215
-15.5762 0.298068179487
-15.3761 0.931881029883
-15.176 0.528494368619
-14.9759 0.774181064718
-14.7758 0.238077958288
-14.5757 0.438115390239
-14.3755 1.28771085528
-14.1754 0.153087417581
-13.9753 0.547454613874
-13.7752 0.363469621334
-13.5751 0.854859856552
-13.375 0.190945306604
-13.1749 0.143602867487
-12.9747 0.172975133748
-12.7746 0.0375601172843
-12.5745 0.240325979309
-12.3744 0.283439524012
-12.1743 0.592106752224
-11.9742 1.08059236894
-11.774 0.166458303297
-11.5739 0.568268080145
-11.3738 0.511004023097
-11.1737 0.366060471085
-10.9736 0.141040566772
-10.7734 0.319445709056
-10.5733 0.386899670489
-10.3732 0.691057736189
-10.1731 1.15963348038
-9.97296 0.249731107045
-9.77284 0.133408863833
-9.57272 -0.118767833315
-9.3726 -0.103600342557
-9.17248 0.153803091246
-8.97236 0.191482498098
-8.77224 0.685281742937
-8.57211 -0.0695957605684
-8.37199 0.186227921943
-8.17187 0.0454716477828
-7.97175 -0.287278204794
-7.77163 0.0301780034448
-7.5715 0.827007315519
-7.37138 -0.162297192041
-7.17125 -0.248020785213
-6.97113 -0.0913965085923
-6.77101 0.0108318124816
-6.57088 -0.0752390950171
-6.37076 -0.0407418943543
-6.17063 -0.0191684169147
-5.97051 -0.0742789458691
-5.77038 -0.0475974130992
-5.57025 0.0167365507063
-5.37013 0.0581565757638
-5.17 0.0189735362098
-4.96987 0.023407006265
-4.76975 -0.0260204002105
-4.56962 0.0435963922492
-4.36949 -0.207206441004
-4.16937 0.330550371979
-3.96924 -0.115563506846
-3.76911 0.203348866473
-3.56898 0.62127172651
-3.36885 0.0560696551602
-3.16872 -0.0620418185688
-2.96859 0.276716167346
-2.76846 0.0157833569963
-2.56833 -0.0247387496577
-2.3682 0.259417688112
-2.16807 0.270103066631
-1.96794 -0.201528714408
-1.76781 -0.0988492825979
-1.56768 0.0274880856527
-1.36755 0.362390982349
-1.16742 0.258688356257
-0.967284 0.59182943681
-0.767152 -0.25132238353
-0.567019 -0.164845296529
-0.366886 0.0522870886779
-0.166753 0.100156402779
0.0333802 -0.0940794751397
0.233514 -0.248897241664
0.433648 0.489375569994
0.633782 -0.225212606013
0.833917 0.432535740983
1.03405 -0.226170207376
1.23419 0.52484659512
1.43432 -0.315056564493
1.63446 0.131260994723
1.83459 1.01010595849
2.03473 0.255022873012
2.23487 0.117369966154
2.435 0.23294104876
2.63514 -0.0438415725388
2.83528 0.581439769798
3.03541 0.352500295683
3.23555 -0.0726036248538
3.43569 -0.012856174067
3.63583 0.138212381098
3.83597 0.349402101528
4.0361 -0.108707267371
4.23624 0.0447504893832
4.43638 -0.0805196807223
4.63652 -0.0113908393459
4.83666 0.0774091727388
5.0368 -0.0501428031588
5.23694 -0.179972416252
5.43708 0.0472860279694
5.63722 0.139457352592
5.83737 -0.0497469076239
6.03751 -0.0608530433754
6.23765 -0.174161139679
6.43779 0.272838563757
6.63793 0.666110924456
6.83808 0.725516715819
7.03822 0.432114448139
7.23836 -0.175137187645
7.4385 -0.0735257332946
7.63865 -0.156058267698
7.83879 0.230246259215
8.03894 0.44146903773
8.23908 0.313181907589
8.43923 0.942155004873
8.63937 0.586486241194
8.83951 1.1844058528
9.03966 0.174417890551
9.23981 0.283999264611
9.43995 0.85286960401
9.6401 0.990618737166
9.84025 0.548325110234
10.0404 -0.0060633751682
10.2405 1.39407389185
10.4407 0.605840362819
10.6408 1.11850177665
10.841 0.807954683428
11.0411 1.18895942917
11.2413 0.10312829141
11.4414 0.595188186583
11.6416 1.09963418461
11.8417 1.01012918812
12.0419 0.844936396377
12.242 0.356200288173
12.4422 0.59720949481
12.6423 0.980509101394
12.8425 0.354471289043
13.0426 0.00813791623848
13.2428 0.325354586404
13.4429 0.875296681695
13.6431 0.945766017699
13.8432 0.536371890845
14.0434 0.215478146385
14.2435 0.295816761965
14.4437 0.518174384994
14.6438 0.861910633477
14.844 0.699085580889
15.0441 0.530015094774
15.2443 1.045113367
15.4445 1.2214050458
15.6446 1.81857998172
15.8448 1.40881957009
16.0449 0.68403232063
16.2451 1.0017095469
16.4452 1.24098954664
16.6454 1.08628015048
16.8455 0.820497043565
17.0457 1.36259667775
17.2459 0.193587922389
17.446 0.789084377423
17.6462 1.30729391481
17.8463 1.33051166976
18.0465 0.521848465331
18.2466 1.00990570257
18.4468 1.18383913671
18.647 0.85489123987
18.8471 0.730743232439
19.0473 0.345694582355
19.2474 0.333493824228
19.4476 1.39465018088
19.6478 0.324303172879
19.8479 0.542189030449
20.0481 0.549192621731
20.2482 1.03182908886
20.4484 0.751765548894
20.6486 1.02247242321
20.8487 1.12917068726
21.0489 1.45354401849
21.249 1.3237821213
21.4492 0.95632344204
21.6494 1.0493387362
21.8495 0.988377891583
22.0497 0.908028378257
22.2498 1.61059956983
22.45 0.569336553055
22.6502 0.932074247805
22.8503 1.09820880371
23.0505 0.894692644477
23.2507 0.504263438977
23.4508 0.863898697266
23.651 0.771832275593
23.8512 0.993972749637
24.0513 0.537917753813
24.2515 0.622573790569
24.4517 0.659518991845
24.6518 1.2798733477
24.852 0.914382106685
25.0522 1.38961751599
25.2523 0.419479897226
25.4525 1.45503573014
25.6527 1.08032701402
25.8528 1.17554749084
26.053 1.15544424447
26.2532 1.07001571567
26.4533 1.5697341978
26.6535 0.638287636394
26.8537 0.349557246961
27.0538 0.635758328853
27.254 0.435689406602
27.4542 1.05512169962
27.6544 0.985981307623
27.8545 1.12795566182
28.0547 0.344485471942
28.2549 1.36302642185
28.455 1.08550098782
28.6552 0.663911072957
28.8554 0.554386557608
29.0556 1.04239739978
29.2557 1.12413333633
29.4559 0.921120404062
29.6561 0.516398524465
29.8562 0.807375184732
30.0564 0.805232673424
30.2566 0.695474080421
30.4568 1.59462314383
30.6569 0.393693842331
30.8571 0.72782742487
31.0573 0.627726691548
31.2575 1.21496543281
31.4576 1.5261156883
31.6578 0.746184327372
31.858 1.39352057635
32.0582 1.08379649011
32.2583 0.926985387477
32.4585 0.953949621133
32.6587 0.437938708312
32.8589 0.692092851853
33.0591 0.989849332859
33.2592 0.672275908373
33.4594 0.674367424257
33.6596 1.33887562373
33.8598 0.735385347287
34.0599 1.0843039521
34.2601 1.20040428086
34.4603 1.25765012335
34.6605 0.870294890533
34.8607 0.476486387048
35.0608 0.613876002185
35.261 1.24965573651
35.4612 0.499693291707
35.6614 0.959437421397
35.8616 1.20363956673
36.0617 0.981145794083
36.2619 0.857095463073
36.4621 1.18501869212
36.6623 0.999442599565
36.8625 0.898534506029
37.0627 0.787337445128
37.2628 0.795210487853
37.463 1.36207491174
37.6632 1.02882941413
37.8634 1.04633095032
38.0636 1.03832993646
38.2638 0.964412499175
38.4639 0.274705261528
38.6641 1.09260673349
38.8643 0.861025794665
39.0645 1.18622542926
39.2647 0.713007239693
39.4649 0.943855700668
39.6651 0.86247453605
39.8652 1.02037030275
40.0654 0.801516800648
40.2656 1.24866220689
40.4658 1.19446410852
40.666 0.347266285781
40.8662 0.778437627159
41.0664 0.641518258276
41.2666 0.828205338523
41.4668 1.35250412097
41.6669 0.681958786908
41.8671 0.893749356126
42.0673 0.931842185143
42.2675 0.885587650445
42.4677 1.1966974177
42.6679 0.971934410823
42.8681 0.896635260795
43.0683 0.907418469755
43.2685 1.19912623603
43.4687 0.474037426739
43.6688 0.656098686983
43.869 1.20325165247
44.0692 1.20238988178
44.2694 0.91287077754
44.4696 0.98776471068
44.6698 1.12027208611
44.87 1.21967000747
45.0702 0.804730083226
45.2704 0.705713606254
45.4706 1.09330901375
45.6708 1.22901000232
45.871 0.687533161682
46.0712 0.723529395104
46.2714 0.734990976037
46.4716 0.85971479388
46.6718 0.585288262614
46.8719 0.834615935753
47.0721 1.04740187649
47.2723 0.97118965757
47.4725 1.18085175123
47.6727 0.728412843003
47.8729 1.46680728746
48.0731 1.23359175569
48.2733 1.38321225387
48.4735 0.695630885776
48.6737 1.10745557012
48.8739 0.488872646362
49.0741 0.884894196528
49.2743 1.05617691843
49.4745 0.976771547724
49.6747 0.794050019623
49.8749 1.16582595007
50.0751 0.652598971548
50.2753 1.01874024097
50.4755 1.18056236116
50.6757 0.808058237944
50.8759 1.45115042179
51.0761 1.15254814123
51.2763 0.79809010841
51.4765 1.15222445184
51.6767 1.17531107232
51.8769 0.751039124006
52.0771 1.3329734038
52.2773 1.42521700854
52.4775 0.944126402604
52.6777 0.517667879054
52.8779 0.606415469362
53.0782 1.12705228436
53.2784 0.796580458478
53.4786 1.09525031748
53.6788 1.42067793286
53.879 0.954903430279
54.0792 1.26007077494
54.2794 0.877395250387
54.4796 1.08918480742
54.6798 1.12342616059
54.88 1.01764314552
55.0802 1.16791269184
55.2804 1.04605757875
55.4806 0.795069537582
55.6808 0.725783544048
55.881 0.990787530672
56.0812 0.750535739235
56.2815 0.836270831478
56.4817 0.87915009464
56.6819 0.832247760519
56.8821 1.1818239576
57.0823 0.866820232587
57.2825 0.808442045346
57.4827 0.274065348941
57.6829 0.583298407915
57.8831 1.04489740056
58.0833 0.931522929482
58.2836 0.843064717835
58.4838 0.898892161233
58.684 0.927545548789
58.8842 0.834747228823
59.0844 1.26928764652
59.2846 1.05196566173
59.4848 0.676947757117
59.685 1.14316997435
59.8853 1.06280963436
60.0855 0.97242769267
60.2857 1.04811941609
60.4859 0.929935550517
60.6861 0.922814772649
60.8863 1.14092932067
61.0865 0.892509931902
61.2868 0.914973765843
61.487 0.580401875515
61.6872 1.29960774416
61.8874 0.924688887928
62.0876 1.42364551745
62.2878 0.955617265406
62.4881 1.13299243464
62.6883 1.23544413437
62.8885 1.44436392974
63.0887 1.01576871457
63.2889 1.26700467507
63.4891 0.868199294732
63.6894 0.75288208603
63.8896 0.735339453852
64.0898 0.993742463835
64.29 1.52683298828
64.4902 0.975839670427
64.6905 1.40824361641
64.8907 1.51198744563
65.0909 1.04556376361
65.2911 1.36871882211
65.4913 0.95103500566
65.6916 1.0032780811
65.8918 0.884170480733
66.092 0.67497187964
66.2922 1.04348803456
66.4924 1.2373346203
66.6927 1.01539864703
66.8929 0.928219649546
67.0931 1.03926635228
67.2933 1.06819863386
67.4936 1.15274390123
67.6938 1.07507352426
67.894 1.26485689993
68.0942 1.3236318846
68.2945 1.3916965678
68.4947 1.14927704302
68.6949 1.03108560873
68.8951 0.981101857342
69.0954 0.680406088557
69.2956 0.68460190623
69.4958 0.72703264882
69.696 0.753907420786
69.8963 1.18060241735
70.0965 1.05014460584
70.2967 1.03304648056
70.4969 0.683592417611
70.6972 1.33257501307
70.8974 1.08619955736
71.0976 0.698686278799
71.2979 1.19484028454
71.4981 0.535984479709
71.6983 0.459916144269
71.8985 1.16808725732
72.0988 1.36140691948
72.299 0.904408029025
72.4992 0.727576783196
72.6995 0.951279163308
72.8997 0.617928181418
73.0999 0.760031171075
73.3002 1.01727646979
73.5004 0.984555045677
73.7006 1.40023443535
73.9009 0.501705155603
74.1011 1.32109565244
74.3013 0.5248434926
74.5016 0.910246040479
74.7018 0.721615548705
74.902 1.04517309414
75.1023 0.53930509033
75.3025 1.45132986607
75.5027 1.0962640828
75.703 0.824652836109
75.9032 0.934962781004
76.1034 1.28322732363
76.3037 1.35446001048
76.5039 0.68690684991
76.7041 0.676442687159
76.9044 0.75106309408
77.1046 0.793141499554
77.3048 0.833509582794
77.5051 1.09382716969
77.7053 1.42821280229
77.9056 1.32568870193
78.1058 1.07058515485
78.306 0.778349887638
78.5063 1.37039124461
78.7065 0.895429660905
78.9067 0.627432737374
79.107 0.786619426074
79.3072 0.648187481468
79.5075 1.21354639615
79.7077 1.06689112742
79.9079 0.750013361737
80.1082 0.706212483729
80.3084 1.23243342965
80.5087 0.654585763946
80.7089 0.770160157955
80.9091 0.86993606608
81.1094 0.705057520949
81.3096 1.15935114142
81.5099 1.29800116466
81.7101 1.31177268289
81.9104 1.16715299699
82.1106 0.782196145214
82.3108 0.819145677339
82.5111 0.762709312342
82.7113 1.11144602996
82.9116 1.07470517832
83.1118 0.636823882411
83.3121 0.980906746896
83.5123 0.820584546998
83.7126 0.761179605088
83.9128 0.448951096198
84.113 1.69588647682
84.3133 0.931028406829
84.5135 1.33555006901
84.7138 1.18983450825
84.914 0.618810109627
85.1143 0.558910043516
85.3145 0.944629931641
85.5148 1.19482309652
85.715 1.15145616311
85.9153 1.03231415618
86.1155 1.07902218391
86.3158 1.44630663909
86.516 0.871965718927
86.7163 1.32468287349
86.9165 0.90189097012
87.1168 1.38096362728
87.317 0.361555797885
87.5173 0.885421557
87.7175 0.375443398755
87.9178 0.981590144448
88.118 1.08759788795
88.3183 1.02073346082
88.5185 0.72062289708
88.7188 1.43188110283
88.919 0.953490414759
89.1193 1.37467626202
89.3195 0.779362459281
89.5198 1.13116290453
89.72 0.529974927404
89.9203 1.0437508018
90.1205 1.14457100761
90.3208 0.583028428848
90.521 0.847714272959
90.7213 1.33905259923
90.9216 0.977818398048
91.1218 0.99912973516
91.3221 0.930225210834
91.5223 0.705217253264
91.7226 1.03131442952
91.9228 1.23974911893
92.1231 0.846010365464
92.3233 1.36009682156
92.5236 1.21896103975
92.7239 0.999244179732
92.9241 1.23301782819
93.1244 0.816125697834
93.3246 1.32993917036
93.5249 1.00099445431
93.7252 0.894157002918
93.9254 0.866619431133
94.1257 0.628579962857
94.3259 0.939465335224
94.5262 1.21070097498
94.7264 0.999529902823
94.9267 1.56534898592
95.127 1.62464827429
95.3272 1.46722733881
95.5275 0.880117614877
95.7278 0.8838109919
95.928 1.01315185592
96.1283 0.854577243718
96.3285 1.06255350683
96.5288 1.15362308185
96.7291 1.68951782279
96.9293 1.28578508305
97.1296 1.13581889082
97.3298 0.910701135863
97.5301 0.873036722322
97.7304 0.98749565619
97.9306 0.761938176399
98.1309 1.00708591031
98.3312 0.84230236483
98.5314 0.798929175584
98.7317 0.93092193876
98.932 1.0675046022
99.1322 0.808586523672
99.3325 1.29410964503
99.5328 1.07074536519
99.733 0.900959953608
99.9333 0.972333656299
