-100.0 0.926800881605
-99.8 0.935570918164
-99.6 0.933934191108
-99.4 1.03248660584
-99.2 1.04169212562
-99.0 1.08865877104
-98.8 0.944986901692
-98.6 1.04405317381
-98.4 1.09304106013
-98.2 1.07421551163
-98.0 1.12386586495
-97.8 1.02896665972
-97.6 1.04890688897
-97.4 1.10967910733
-97.2 1.0111130058
-97.0 0.92350534347
-96.8 1.04770170853
-96.6 1.00329432084
-96.4 0.936752294518
-96.2 0.915366995386
-95.9999 1.09394289301
-95.7999 1.21148156637
-95.5999 1.02423855082
-95.3999 1.01394108316
-95.1999 0.960524991018
-94.9999 0.96321556882
-94.7999 1.05081349488
-94.5999 1.02304613152
-94.3999 0.983911519174
-94.1999 1.0279176017
-93.9999 0.965011340595
-93.7999 1.10414965513
-93.5999 0.945374665437
-93.3999 1.01026672032
-93.1999 0.994663351568
-92.9998 0.860747189178
-92.7998 0.951324972092
-92.5998 0.891475457484
-92.3998 1.04485847912
-92.1998 1.00904659088
-91.9998 0.885354153377
-91.7998 1.0784656246
-91.5998 0.983239898074
-91.3998 0.872985226088
-91.1997 0.908318005293
-90.9997 0.99176907526
-90.7997 1.06014811176
-90.5997 0.915769692919
-90.3997 0.97292230135
-90.1997 0.862814164684
-89.9997 0.962274501417
-89.7997 1.0971633408
-89.5996 0.915860890121
-89.3996 1.07590073554
-89.1996 0.979865683591
-88.9996 1.00449232517
-88.7996 0.964548798375
-88.5996 1.11031153531
-88.3996 1.01480048439
-88.1995 0.961524376789
-87.9995 0.982314497894
-87.7995 1.08533488688
-87.5995 0.939783897736
-87.3995 1.09839869426
-87.1995 1.04506577132
-86.9994 0.936456411233
-86.7994 1.13330833339
-86.5994 1.08181485301
-86.3994 1.08238269877
-86.1994 1.0033633311
-85.9994 0.943998929527
-85.7993 0.992669177763
-85.5993 1.00987892147
-85.3993 1.10548378674
-85.1993 1.04690422853
-84.9993 1.02999360319
-84.7992 1.0289126676
-84.5992 0.991145099541
-84.3992 0.996612187475
-84.1992 0.953172773087
-83.9991 1.05922155008
-83.7991 1.03067362962
-83.5991 1.07167424125
-83.3991 0.982047457089
-83.1991 1.01635015123
-82.999 0.846646986116
-82.799 0.989974369003
-82.599 1.06205230823
-82.399 0.947306397036
-82.1989 0.867103012873
-81.9989 1.0225443012
-81.7989 0.999198466669
-81.5989 1.03636127975
-81.3988 1.05518112587
-81.1988 1.02536949714
-80.9988 1.14415178719
-80.7988 1.10312949013
-80.5987 0.923710887572
-80.3987 0.900537777831
-80.1987 0.984201103295
-79.9987 0.990114175774
-79.7986 1.04735774412
-79.5986 1.0781554297
-79.3986 1.00999505482
-79.1986 1.13302598722
-78.9985 1.00292945333
-78.7985 1.09598982794
-78.5985 0.97687122806
-78.3984 0.995368492585
-78.1984 1.01519623603
-77.9984 0.898582187933
-77.7984 1.050293372
-77.5983 1.04012594326
-77.3983 1.06332803141
-77.1983 0.791464237358
-76.9982 1.11399245531
-76.7982 1.1079140361
-76.5982 0.93835324235
-76.3981 1.04043731466
-76.1981 0.977065976878
-75.9981 0.95800254298
-75.798 1.00810513426
-75.598 1.09564163613
-75.398 1.24247416959
-75.198 0.975346043405
-74.9979 0.99721407868
-74.7979 0.970652900285
-74.5978 0.847708489932
-74.3978 1.03015769798
-74.1978 0.985235810346
-73.9977 1.04854009009
-73.7977 0.971396269376
-73.5977 1.00782268712
-73.3976 0.906518249972
-73.1976 1.09474317517
-72.9976 0.971735805955
-72.7975 0.965046160868
-72.5975 0.94721686628
-72.3975 0.876438279769
-72.1974 0.974536183078
-71.9974 1.00424951048
-71.7973 0.992546477146
-71.5973 1.04759287608
-71.3973 0.963491145714
-71.1972 0.96664790193
-70.9972 1.06317687489
-70.7972 1.05519085481
-70.5971 0.87422353625
-70.3971 1.01632477243
-70.197 1.0464056707
-69.997 1.01204535579
-69.797 1.07508686884
-69.5969 0.97507358903
-69.3969 0.98245071853
-69.1968 1.13963545389
-68.9968 0.942835287159
-68.7968 1.06190130245
-68.5967 0.954815714695
-68.3967 0.920110753036
-68.1966 0.880332467174
-67.9966 0.920842749646
-67.7965 1.04361423331
-67.5965 1.0596173038
-67.3965 1.03369852564
-67.1964 0.944777559538
-66.9964 1.04821584088
-66.7963 0.883743031167
-66.5963 0.983808197269
-66.3962 1.01251465022
-66.1962 1.1117491022
-65.9961 1.0242547262
-65.7961 0.901262391177
-65.5961 1.07392621732
-65.396 0.937371632907
-65.196 0.879149058875
-64.9959 1.11796206151
-64.7959 1.05190250678
-64.5958 0.917710369606
-64.3958 1.0793789354
-64.1957 0.958244838339
-63.9957 0.840839708789
-63.7956 0.939966193895
-63.5956 0.992502335279
-63.3955 1.06467733434
-63.1955 0.919444273496
-62.9954 0.944760276389
-62.7954 0.922448735181
-62.5953 0.938211176631
-62.3953 0.967927011422
-62.1952 0.969051269985
-61.9952 1.00883597694
-61.7951 0.92373961793
-61.5951 1.03622827731
-61.395 0.89934274142
-61.195 0.930422656034
-60.9949 0.879818999773
-60.7949 0.961153460255
-60.5948 0.956129249084
-60.3948 1.06474164962
-60.1947 1.04540015511
-59.9947 1.01942356523
-59.7946 1.07308229973
-59.5946 1.01292614006
-59.3945 1.0361027853
-59.1944 0.951697929673
-58.9944 0.860227623584
-58.7943 1.09918497044
-58.5943 1.05753080396
-58.3942 1.05833725564
-58.1942 1.15415914679
-57.9941 0.997750699416
-57.7941 1.0374354068
-57.594 0.922724015894
-57.3939 0.901596322605
-57.1939 1.17215315677
-56.9938 1.05172029786
-56.7938 0.989754551924
-56.5937 0.90123576725
-56.3937 1.05429603923
-56.1936 1.06621406348
-55.9935 0.986867382312
-55.7935 0.951224901974
-55.5934 0.94040153975
-55.3934 0.891898615205
-55.1933 0.968432894227
-54.9932 0.869562858578
-54.7932 0.968810098503
-54.5931 0.909562540721
-54.3931 1.08884977184
-54.193 0.896925301978
-53.9929 1.08188275198
-53.7929 1.09497907212
-53.5928 1.00097133809
-53.3928 1.12004106287
-53.1927 1.05695604563
-52.9926 0.900331620427
-52.7926 1.03929144718
-52.5925 1.0173527425
-52.3924 0.891467764028
-52.1924 1.09354867894
-51.9923 0.878573140693
-51.7922 0.959656438631
-51.5922 0.809864455239
-51.3921 0.95273890038
-51.1921 1.03840537193
-50.992 1.00518887862
-50.7919 1.00243936001
-50.5919 1.02546359567
-50.3918 1.08540249706
-50.1917 1.00193766022
-49.9917 0.965988527358
-49.7916 1.04845784604
-49.5915 0.962575271062
-49.3915 0.960423212514
-49.1914 0.971914014694
-48.9913 0.987206034727
-48.7913 1.07882002787
-48.5912 1.03504545661
-48.3911 0.91843422946
-48.191 1.0323647865
-47.991 0.891634281921
-47.7909 1.03780659141
-47.5908 1.08385119536
-47.3908 1.04056261562
-47.1907 0.967596258143
-46.9906 1.06466868705
-46.7906 1.12965905234
-46.5905 0.935851006326
-46.3904 1.07171824678
-46.1903 1.13953378476
-45.9903 1.0620978802
-45.7902 1.00769813611
-45.5901 1.0751517739
-45.3901 1.07758128129
-45.19 1.0500988847
-44.9899 1.15742555637
-44.7898 1.02095011695
-44.5898 1.00753477713
-44.3897 0.927629530989
-44.1896 1.01200461761
-43.9895 0.969000582358
-43.7895 0.938181003249
-43.5894 1.10117428657
-43.3893 1.01948598824
-43.1892 0.92801379732
-42.9892 0.960667754614
-42.7891 1.0907434207
-42.589 1.08257532105
-42.3889 1.02777852916
-42.1889 1.00036446593
-41.9888 0.889931705977
-41.7887 1.17350917907
-41.5886 1.15251123271
-41.3885 1.02492198059
-41.1885 1.1286814526
-40.9884 0.976218910947
-40.7883 0.877791256765
-40.5882 1.0250748136
-40.3881 0.942347700328
-40.1881 0.954947697576
-39.988 0.887073269232
-39.7879 1.0757258253
-39.5878 1.02187411483
-39.3877 0.958331939123
-39.1877 1.10772677677
-38.9876 1.14027336586
-38.7875 1.12605813813
-38.5874 1.08317208
-38.3873 0.939258147915
-38.1873 1.06219666995
-37.9872 0.840708125541
-37.7871 0.992045171743
-37.587 1.01952708848
-37.3869 0.911634602778
-37.1868 0.975924898931
-36.9868 0.888726737214
-36.7867 0.921241252777
-36.5866 1.02443053034
-36.3865 0.985425743821
-36.1864 1.07258490272
-35.9863 1.03167751339
-35.7862 0.938123015486
-35.5862 1.07803056017
-35.3861 1.04705480933
-35.186 0.907606810796
-34.9859 1.00397412985
-34.7858 0.917889322384
-34.5857 1.00688142838
-34.3856 0.892625832401
-34.1856 0.97108017327
-33.9855 0.943506585969
-33.7854 0.937223633536
-33.5853 1.0170296643
-33.3852 1.00356287716
-33.1851 1.02641788341
-32.985 1.06861590511
-32.7849 0.958681109945
-32.5848 0.966026037059
-32.3847 0.965743494129
-32.1847 0.797741596433
-31.9846 0.940728962064
-31.7845 0.9574550238
-31.5844 1.01993657232
-31.3843 1.02392329861
-31.1842 0.858003865314
-30.9841 0.866114109453
-30.784 0.92731114656
-30.5839 1.02620036336
-30.3838 0.972854398318
-30.1837 1.02268542364
-29.9836 0.949252731597
-29.7836 1.13914515678
-29.5835 1.06047612734
-29.3834 0.943249931764
-29.1833 0.927146484915
-28.9832 1.03747234563
-28.7831 0.902799349247
-28.583 0.942921663427
-28.3829 1.13132103057
-28.1828 0.947398119003
-27.9827 0.947002870147
-27.7826 0.93870508353
-27.5825 1.04526940086
-27.3824 0.983035905658
-27.1823 0.993131748197
-26.9822 0.913642708663
-26.7821 1.0025882151
-26.582 1.01991374578
-26.3819 1.03376993722
-26.1818 1.11131694763
-25.9817 1.03655383834
-25.7816 0.959973616001
-25.5815 0.939003530311
-25.3814 0.859824891488
-25.1813 0.934289601205
-24.9812 1.07144419137
-24.7811 0.964127733177
-24.581 1.02525747282
-24.3809 0.928412996523
-24.1808 1.03394348843
-23.9807 0.977024880762
-23.7806 0.940566427835
-23.5805 1.11921724775
-23.3804 1.0799976269
-23.1803 1.02650620134
-22.9802 1.00013820302
-22.7801 1.01595947529
-22.58 0.849489982431
-22.3799 0.970595134898
-22.1798 0.973800335664
-21.9797 0.898145682776
-21.7796 1.03710187281
-21.5795 1.09148066794
-21.3794 0.932706704206
-21.1793 0.925658410359
-20.9792 0.979213578446
-20.7791 1.13172480849
-20.579 0.996566680355
-20.3789 1.10843870508
-20.1787 1.07880995072
-19.9786 0.869059915191
-19.7785 1.10312673996
-19.5784 1.0378585587
-19.3783 1.00488846654
-19.1782 1.00817318384
-18.9781 1.00363234051
-18.778 1.1204946105
-18.5779 0.940995676679
-18.3778 0.969338499124
-18.1777 0.998162519301
-17.9776 1.04995489022
-17.7774 1.22820655659
-17.5773 0.919735987155
-17.3772 1.00963992578
-17.1771 0.946570767175
-16.977 0.915099885565
-16.7769 1.08369531208
-16.5768 0.880069516447
-16.3767 1.02560025133
-16.1766 0.975288240109
-15.9764 0.834447964585
-15.7763 1.0642149592
-15.5762 1.07297072881
-15.3761 0.853890413365
-15.176 1.08055604913
-14.9759 1.00818488885
-14.7758 0.912051753055
-14.5757 0.975139048198
-14.3755 0.682820967906
-14.1754 0.893076743135
-13.9753 0.90173907132
-13.7752 0.940907979732
-13.5751 0.888291854123
-13.375 0.873216058859
-13.1749 0.926309093819
-12.9747 1.08323190116
-12.7746 0.904988440671
-12.5745 0.826968439106
-12.3744 0.98409075164
-12.1743 1.1266630549
-11.9742 0.811613621003
-11.774 1.04048375696
-11.5739 1.02375157726
-11.3738 0.770010335593
-11.1737 0.96806401903
-10.9736 0.886992042104
-10.7734 0.984583385339
-10.5733 1.0942620777
-10.3732 0.934305023133
-10.1731 0.857022235574
-9.97296 0.982828621363
-9.77284 0.934139940807
-9.57272 0.814086024322
-9.3726 0.806256317262
-9.17248 0.949868777893
-8.97236 0.80945308062
-8.77224 0.884456499596
-8.57211 0.936902057263
-8.37199 0.830278065462
-8.17187 1.01823460211
-7.97175 1.08726485228
-7.77163 0.952768499781
-7.5715 0.679039275825
-7.37138 0.741333539438
-7.17125 0.926942523897
-6.97113 0.71295435995
-6.77101 0.894629820332
-6.57088 0.8304412693
-6.37076 1.13367025321
-6.17063 0.781088261221
-5.97051 0.596838811964
-5.77038 0.751613171439
-5.57025 0.895390855237
-5.37013 0.885943669817
-5.17 0.781913976083
-4.96987 0.814325874486
-4.76975 0.819998456142
-4.56962 0.708504987844
-4.36949 0.859653868664
-4.16937 0.724346037081
-3.96924 0.288830869295
-3.76911 0.724496044699
-3.56898 0.280498392151
-3.36885 0.426402225126
-3.16872 0.688560906293
-2.96859 0.0933383356085
-2.76846 0.46390481633
-2.56833 0.0471251472833
-2.3682 0.29308541458
-2.16807 0.0443830615772
-1.96794 0.0419673477977
-1.76781 0.034357932869
-1.56768 0.0430559817475
-1.36755 0.457271583711
-1.16742 0.56741458135
-0.967284 0.0807132518459
-0.767152 0.462073511755
-0.567019 0.0425759724014
-0.366886 0.101925464898
-0.166753 0.18304554303
0.0333802 0.527040141179
0.233514 0.121068002534
0.433648 0.0303573387282
0.633782 0.253668939769
0.833917 0.0258963648567
1.03405 0.0667475641124
1.23419 0.089608254681
1.43432 0.0449664779368
1.63446 -0.0101926863241
1.83459 -0.0159121203885
2.03473 0.0351566558707
2.23487 0.0128877368444
2.435 -0.0214006820631
2.63514 0.0042105833396
2.83528 -0.0334443470965
3.03541 0.0255118342547
3.23555 -0.00745217613827
3.43569 0.0450557338858
3.63583 -0.0429117212465
3.83597 0.0512078105174
4.0361 0.0238919461679
4.23624 -0.00693281128682
4.43638 -0.0280391381681
4.63652 0.0936343746611
4.83666 0.00882236270422
5.0368 -0.00289587399873
5.23694 0.021264199205
5.43708 0.0548734291384
5.63722 0.0563321543415
5.83737 0.132337259754
6.03751 0.127480514469
6.23765 0.160543924577
6.43779 -0.00848905425451
6.63793 -0.0126061299313
6.83808 0.0375307551937
7.03822 0.0419458461023
7.23836 0.0750462195313
7.4385 0.0562232518364
7.63865 0.325623031348
7.83879 0.215481609247
8.03894 0.497275676668
8.23908 0.62967954401
8.43923 0.324411518315
8.63937 0.456556229753
8.83951 0.451496916985
9.03966 0.650992190966
9.23981 0.792709823733
9.43995 0.397838642405
9.6401 0.865124600947
9.84025 0.777883004333
10.0404 0.550001282792
10.2405 0.0218512075198
10.4407 0.40402206949
10.6408 0.577732665846
10.841 0.607603594194
11.0411 0.65900130979
11.2413 0.568197474162
11.4414 0.645605489887
11.6416 0.407596836621
11.8417 0.462426003473
12.0419 0.101245674923
12.242 0.221378549734
12.4422 0.316792868848
12.6423 0.659475162098
12.8425 0.521140919078
13.0426 0.360529404542
13.2428 0.607791800452
13.4429 0.744370720125
13.6431 0.593637801289
13.8432 0.398361625823
14.0434 0.48398045097
14.2435 0.587270268063
14.4437 0.837712182188
14.6438 0.671261060764
14.844 0.79559102033
15.0441 0.926641926476
15.2443 0.470159446526
15.4445 0.570541262422
15.6446 0.708445463458
15.8448 0.509861294414
16.0449 1.15247306455
16.2451 0.758988623914
16.4452 0.975765039842
16.6454 1.15309222716
16.8455 0.832440430977
17.0457 1.1399373146
17.2459 0.610080979337
17.446 0.682501346227
17.6462 0.976599102624
17.8463 1.0166351684
18.0465 0.997527902866
18.2466 0.798179777297
18.4468 0.800831525331
18.647 0.791254289026
18.8471 0.902206444852
19.0473 1.21464629817
19.2474 0.779181183628
19.4476 0.952407110093
19.6478 1.05890627924
19.8479 1.01572643694
20.0481 0.919866410935
20.2482 0.962979731513
20.4484 0.934623769713
20.6486 0.768602347266
20.8487 0.774458769007
21.0489 0.872192332111
21.249 0.898686433517
21.4492 0.780169972319
21.6494 0.933503670167
21.8495 0.91738655509
22.0497 0.961564518841
22.2498 1.07086121437
22.45 1.00989231504
22.6502 0.953596017031
22.8503 0.968428788676
23.0505 1.10511558988
23.2507 0.921358970288
23.4508 1.08163716954
23.651 1.02157563586
23.8512 1.09200813526
24.0513 1.02509006078
24.2515 0.838161766918
24.4517 1.17584747979
24.6518 0.788838390855
24.852 0.946188154756
25.0522 1.05750546917
25.2523 0.902490993518
25.4525 1.10898354504
25.6527 0.957987972047
25.8528 0.879473586672
26.053 1.04770290026
26.2532 1.04957354463
26.4533 1.15574582363
26.6535 1.33317339218
26.8537 1.15127365287
27.0538 1.12387099574
27.254 0.878179637421
27.4542 1.03781546637
27.6544 1.03633982748
27.8545 1.09455541629
28.0547 1.10167390526
28.2549 0.991273036319
28.455 1.0029297655
28.6552 1.04951211431
28.8554 1.07977634489
29.0556 1.04586693051
29.2557 1.0430682737
29.4559 0.917906208466
29.6561 0.93676586851
29.8562 0.873113764656
30.0564 0.9382657799
30.2566 0.942220836022
30.4568 1.12887243712
30.6569 0.956353552687
30.8571 1.01519575095
31.0573 0.932174550434
31.2575 0.97099653552
31.4576 1.05483792672
31.6578 0.944679994113
31.858 0.912799762949
32.0582 0.980153230467
32.2583 1.06556549053
32.4585 1.03716301134
32.6587 1.11109985367
32.8589 0.941863862854
33.0591 1.03389014
33.2592 0.848474220843
33.4594 1.09654423625
33.6596 0.995819567878
33.8598 0.933398476455
34.0599 0.968398137828
34.2601 0.988793246219
34.4603 0.936324304162
34.6605 1.19691595488
34.8607 1.03282465573
35.0608 0.950354780803
35.261 1.03484424358
35.4612 1.02506058851
35.6614 0.945155565599
35.8616 1.03723429372
36.0617 0.915235549546
36.2619 0.926668482232
36.4621 1.07405603324
36.6623 0.947849117877
36.8625 1.02753911178
37.0627 0.935866957534
37.2628 1.17935986345
37.463 0.870107397583
37.6632 1.05254307156
37.8634 1.08774195222
38.0636 1.06242078896
38.2638 1.01133785276
38.4639 0.92078181025
38.6641 0.993034550583
38.8643 0.931070279953
39.0645 1.05195618556
39.2647 1.03217766538
39.4649 1.04272538702
39.6651 1.1159565233
39.8652 1.02950510843
40.0654 0.981158934614
40.2656 1.04330435082
40.4658 0.990677083227
40.666 0.914000368252
40.8662 0.961343516635
41.0664 0.994397042197
41.2666 0.930998980125
41.4668 1.01380762812
41.6669 0.989977582917
41.8671 1.1698687375
42.0673 1.09321434119
42.2675 1.02394851121
42.4677 0.926140453792
42.6679 0.889571802757
42.8681 1.03270379459
43.0683 1.00580570617
43.2685 0.923373201825
43.4687 1.03494789509
43.6688 1.06423409082
43.869 1.01136861702
44.0692 1.00646197806
44.2694 1.03357597455
44.4696 0.975150223828
44.6698 0.99359606997
44.87 1.0278635683
45.0702 1.19468165106
45.2704 1.16519436404
45.4706 1.12339241171
45.6708 0.884257167768
45.871 1.14543090179
46.0712 1.08903996619
46.2714 1.11496447597
46.4716 0.843231938679
46.6718 0.912365298705
46.8719 0.928793697989
47.0721 0.936114504952
47.2723 1.07954497557
47.4725 0.937657324584
47.6727 1.05621392824
47.8729 1.00144732024
48.0731 0.92636000203
48.2733 0.99277073535
48.4735 1.11005114956
48.6737 1.07847770289
48.8739 0.911572695826
49.0741 0.980352464624
49.2743 1.05528932599
49.4745 0.926701627456
49.6747 0.976042889115
49.8749 0.975543173668
50.0751 1.07318559091
50.2753 1.07454281138
50.4755 0.940331553347
50.6757 0.900216033537
50.8759 0.981788558008
51.0761 1.07798286941
51.2763 0.969939124046
51.4765 0.913366670132
51.6767 0.956274346796
51.8769 0.948762012276
52.0771 1.02911292871
52.2773 1.06806585491
52.4775 1.22068303731
52.6777 0.97619523079
52.8779 0.864419133955
53.0782 0.941939268755
53.2784 1.02758745121
53.4786 0.990334822425
53.6788 0.817214829416
53.879 1.03162739413
54.0792 1.10050168081
54.2794 0.951724382549
54.4796 0.987408369509
54.6798 1.06945953505
54.88 0.969384792203
55.0802 1.00964256443
55.2804 0.966220328187
55.4806 0.866910463302
55.6808 1.03127586824
55.881 0.965120845051
56.0812 1.01834494275
56.2815 1.12088749431
56.4817 0.976721449072
56.6819 1.00899307278
56.8821 0.937274000629
57.0823 0.971885404225
57.2825 1.12603963022
57.4827 1.05874125276
57.6829 1.1428386627
57.8831 1.02953874515
58.0833 0.996531866169
58.2836 0.990099167173
58.4838 0.851833656423
58.684 0.970851302829
58.8842 1.02652166993
59.0844 0.973708417006
59.2846 1.01565341005
59.4848 0.941458083999
59.685 0.921615186037
59.8853 0.939710127556
60.0855 1.00536113859
60.2857 0.986792772554
60.4859 0.90276589336
60.6861 0.899465641469
60.8863 0.969793055816
61.0865 1.0120071542
61.2868 0.915658556575
61.487 0.831600738245
61.6872 1.06038544222
61.8874 1.18792700463
62.0876 1.04157009215
62.2878 0.974843858976
62.4881 0.944118278922
62.6883 0.992028340161
62.8885 0.946194134114
63.0887 1.00187385163
63.2889 0.992204118026
63.4891 0.871681489983
63.6894 1.02712067278
63.8896 0.946853973368
64.0898 0.9578369403
64.29 0.930640398114
64.4902 0.996051279652
64.6905 1.01572987403
64.8907 1.09189466008
65.0909 0.952541256965
65.2911 1.0584109164
65.4913 0.986145065046
65.6916 1.0458489805
65.8918 1.08824644445
66.092 1.0723210079
66.2922 1.00830456066
66.4924 0.972707123319
66.6927 0.939137792631
66.8929 1.03824632789
67.0931 0.995655406551
67.2933 1.01897096648
67.4936 1.01367583244
67.6938 0.928345061812
67.894 0.979484428437
68.0942 0.923603166351
68.2945 0.941650625933
68.4947 0.958567355261
68.6949 1.08614490447
68.8951 0.897512947783
69.0954 1.0838994017
69.2956 0.982869180539
69.4958 0.884417552621
69.696 1.05492167549
69.8963 0.999096074196
70.0965 1.05584980247
70.2967 1.02897221853
70.4969 1.03509289986
70.6972 0.732924770944
70.8974 0.962083460072
71.0976 0.978276727941
71.2979 1.06243688062
71.4981 0.958044185701
71.6983 0.966118776784
71.8985 0.991601666795
72.0988 1.07869502364
72.299 1.05490682959
72.4992 1.01471726446
72.6995 0.969832259997
72.8997 1.0015167365
73.0999 0.812913177375
73.3002 0.990218638772
73.5004 0.86345860821
73.7006 1.03805384018
73.9009 1.06615106255
74.1011 0.954815341311
74.3013 1.03786820311
74.5016 1.0816940387
74.7018 0.956447219579
74.902 1.17688068938
75.1023 0.974644288471
75.3025 0.92583379453
75.5027 0.937987999043
75.703 0.97440449089
75.9032 1.0296892406
76.1034 0.988933432369
76.3037 0.978331976541
76.5039 1.22181585941
76.7041 0.917021431425
76.9044 1.04601367782
77.1046 1.0457335155
77.3048 1.06509765733
77.5051 1.03731465213
77.7053 0.909437036766
77.9056 0.941646432432
78.1058 1.02522230297
78.306 1.08196822189
78.5063 0.901348235409
78.7065 1.00173292724
78.9067 0.987304671671
79.107 0.994605182652
79.3072 0.945331722514
79.5075 1.07317828969
79.7077 0.96981260203
79.9079 1.03343254271
80.1082 0.834162119103
80.3084 0.925901204645
80.5087 0.925629571416
80.7089 1.11228976947
80.9091 0.916635720651
81.1094 0.953525610932
81.3096 0.968917297433
81.5099 1.06501336469
81.7101 1.11045402195
81.9104 0.928596828275
82.1106 0.845088964842
82.3108 1.13328877854
82.5111 0.899647970572
82.7113 1.09009512316
82.9116 0.964463347062
83.1118 0.858253910391
83.3121 0.966010893319
83.5123 1.01363160041
83.7126 0.935866969671
83.9128 1.04195494812
84.113 1.01651280355
84.3133 0.895744135092
84.5135 1.12844131787
84.7138 1.13813191643
84.914 1.14949071984
85.1143 1.06371682551
85.3145 1.03631654524
85.5148 0.981945917363
85.715 1.07242487229
85.9153 1.00413215165
86.1155 0.826856261336
86.3158 1.11716264713
86.516 1.05024059167
86.7163 0.943864531412
86.9165 1.13947310823
87.1168 1.02583554425
87.317 1.11645239426
87.5173 1.04150359371
87.7175 1.08359925624
87.9178 1.06787569572
88.118 1.06419033663
88.3183 1.00669232405
88.5185 1.09394212677
88.7188 1.00289320878
88.919 1.16596889068
89.1193 1.0209723472
89.3195 0.997765729651
89.5198 0.959459725633
89.72 0.982368945059
89.9203 1.1191061897
90.1205 1.02291245526
90.3208 0.892403737759
90.521 1.04013219038
90.7213 1.08537491298
90.9216 1.0506508507
91.1218 0.950226138578
91.3221 1.03357825658
91.5223 0.974576574869
91.7226 1.10500986486
91.9228 1.06680872994
92.1231 0.973728733043
92.3233 0.989596278592
92.5236 0.984061269107
92.7239 1.09557301991
92.9241 0.964587970955
93.1244 0.908143792448
93.3246 0.974845285748
93.5249 1.08758919745
93.7252 1.07398837295
93.9254 1.00852785734
94.1257 0.958770141715
94.3259 0.986161671522
94.5262 0.856066861271
94.7264 0.869692804048
94.9267 0.977257036072
95.127 1.11013282572
95.3272 1.17693595034
95.5275 0.919793930329
95.7278 1.03356787257
95.928 0.917587519259
96.1283 0.82950394292
96.3285 1.0058213357
96.5288 1.08505233757
96.7291 0.982455164706
96.9293 1.02256119508
97.1296 0.992681404086
97.3298 0.851084515217
97.5301 0.916970375816
97.7304 1.01072011832
97.9306 1.06443941449
98.1309 1.12096679126
98.3312 1.05512236872
98.5314 1.00893620262
98.7317 1.00842835961
98.932 0.997160885369
99.1322 0.963607443977
99.3325 0.983560652528
99.5328 0.948937622687
99.733 1.02122533067
99.9333 0.977349711688
