-100.0 0.936550871249
-99.8 0.852596893254
-99.6 1.01705997744
-99.4 1.01151599829
-99.2 0.896960477663
-99.0 0.929638859557
-98.8 1.10847208197
-98.6 1.03404063351
-98.4 1.0340931779
-98.2 0.966764834589
-98.0 1.26638704683
-97.8 1.0515288158
-97.6 1.15652435737
-97.4 0.951053089936
-97.2 0.950176967735
-97.0 0.934899134527
-96.8 1.08337146396
-96.6 1.01926788257
-96.4 0.843545284226
-96.2 1.08078732112
-95.9999 0.96535229431
-95.7999 1.10920392999
-95.5999 1.1794641116
-95.3999 0.909938778084
-95.1999 0.923889918756
-94.9999 0.831544598654
-94.7999 0.992512079464
-94.5999 1.10593979891
-94.3999 1.04380882201
-94.1999 1.06406050845
-93.9999 0.800831135112
-93.7999 1.0133019766
-93.5999 1.01395185155
-93.3999 0.839563579833
-93.1999 0.988572162783
-92.9998 1.0383824657
-92.7998 0.879745854261
-92.5998 1.08680829405
-92.3998 1.07407548342
-92.1998 1.10819368055
-91.9998 1.20749497461
-91.7998 1.21552365901
-91.5998 0.775961202916
-91.3998 1.08465846082
-91.1997 0.931283002852
-90.9997 1.05447198411
-90.7997 0.975433488588
-90.5997 1.01812612277
-90.3997 0.882138235878
-90.1997 0.854914399392
-89.9997 0.836136562994
-89.7997 0.967930033087
-89.5996 1.01135674947
-89.3996 1.10783407588
-89.1996 1.04336221473
-88.9996 1.10213659177
-88.7996 1.05743640462
-88.5996 1.11062015841
-88.3996 1.0223911714
-88.1995 0.937778112701
-87.9995 1.02104874623
-87.7995 0.802061726794
-87.5995 0.975531245875
-87.3995 1.14100546911
-87.1995 1.16789862471
-86.9994 0.871561580473
-86.7994 0.780468941268
-86.5994 1.10663263492
-86.3994 0.931632398722
-86.1994 1.09022762173
-85.9994 0.845948306491
-85.7993 1.1153664835
-85.5993 0.85034400764
-85.3993 1.02715062292
-85.1993 0.844772276699
-84.9993 0.995849645143
-84.7992 0.959916582998
-84.5992 1.1154837369
-84.3992 1.13866004909
-84.1992 0.976333906549
-83.9991 1.08603837214
-83.7991 1.06118993551
-83.5991 0.834079843636
-83.3991 0.897530512406
-83.1991 0.880208511135
-82.999 1.0229417714
-82.799 0.88901214965
-82.599 1.09827683554
-82.399 1.00740140064
-82.1989 1.11246855596
-81.9989 0.843954110091
-81.7989 0.988310992532
-81.5989 1.0665960512
-81.3988 0.9199543364
-81.1988 0.937663839926
-80.9988 1.02561469598
-80.7988 1.00974750091
-80.5987 1.04291444082
-80.3987 1.0228998079
-80.1987 0.910762531997
-79.9987 0.844684036073
-79.7986 0.987705829924
-79.5986 0.983996005864
-79.3986 1.04812595426
-79.1986 1.09147246743
-78.9985 1.17853937216
-78.7985 1.01015245424
-78.5985 1.01173949833
-78.3984 0.978074356238
-78.1984 1.03869884914
-77.9984 0.99166863112
-77.7984 1.09235753909
-77.5983 0.944979906676
-77.3983 1.04686720059
-77.1983 1.06236320569
-76.9982 1.01949418132
-76.7982 1.02750456343
-76.5982 0.95123534953
-76.3981 1.10274375975
-76.1981 0.930785541512
-75.9981 0.862431153336
-75.798 1.08686926988
-75.598 1.04928666927
-75.398 1.02510924536
-75.198 0.987532760843
-74.9979 0.951018075714
-74.7979 0.878706753273
-74.5978 1.04951929347
-74.3978 1.09339875975
-74.1978 1.10959901186
-73.9977 1.07557922228
-73.7977 1.28874340126
-73.5977 0.894118830692
-73.3976 0.853080049489
-73.1976 0.934775276951
-72.9976 0.983026885085
-72.7975 0.954254401012
-72.5975 1.09765858929
-72.3975 0.949066566911
-72.1974 0.840555689165
-71.9974 0.842149103432
-71.7973 0.798570049926
-71.5973 0.888091837949
-71.3973 1.07545940564
-71.1972 1.12006477142
-70.9972 0.966892598757
-70.7972 0.786463997745
-70.5971 1.04325279134
-70.3971 0.952094074474
-70.197 1.16573114387
-69.997 0.756578550215
-69.797 1.05815052541
-69.5969 1.11009975055
-69.3969 1.12126513985
-69.1968 1.03666833269
-68.9968 0.859132863462
-68.7968 1.21337181216
-68.5967 0.928286124211
-68.3967 0.815865840463
-68.1966 0.926254391277
-67.9966 1.08844497973
-67.7965 1.16981712662
-67.5965 1.05630728073
-67.3965 1.13311295016
-67.1964 1.19037970776
-66.9964 1.06629573853
-66.7963 0.77437315666
-66.5963 1.18002065966
-66.3962 1.06183137491
-66.1962 1.15703517384
-65.9961 0.881384886007
-65.7961 1.06181712224
-65.5961 0.851845035581
-65.396 0.946286952315
-65.196 1.11346959707
-64.9959 0.8920600913
-64.7959 0.987372672553
-64.5958 1.04103132918
-64.3958 0.863774359755
-64.1957 0.919118641659
-63.9957 0.787846346946
-63.7956 0.834296886914
-63.5956 1.21312293243
-63.3955 1.01256902882
-63.1955 1.1517038263
-62.9954 1.07179286724
-62.7954 1.09309416915
-62.5953 1.15910674667
-62.3953 1.02896645241
-62.1952 1.04034081485
-61.9952 1.1101370961
-61.7951 0.92347548843
-61.5951 0.927403228818
-61.395 1.01069773588
-61.195 0.889535734156
-60.9949 1.05559659196
-60.7949 0.987051033494
-60.5948 1.04337887523
-60.3948 0.990472512868
-60.1947 1.00029552967
-59.9947 0.786900584084
-59.7946 0.940055303441
-59.5946 1.0380795429
-59.3945 0.943546716971
-59.1944 0.869783831105
-58.9944 1.26731987809
-58.7943 1.12997967624
-58.5943 0.888289381441
-58.3942 1.21872135627
-58.1942 1.05797723367
-57.9941 1.0686063539
-57.7941 1.11708803731
-57.594 1.08590910904
-57.3939 0.827412733098
-57.1939 0.96830899826
-56.9938 1.13023639604
-56.7938 1.06949261218
-56.5937 0.899374631049
-56.3937 1.02792846911
-56.1936 1.05427470022
-55.9935 1.18599447142
-55.7935 0.972699624295
-55.5934 1.06538177319
-55.3934 0.757483438217
-55.1933 0.887009370883
-54.9932 1.13765702493
-54.7932 1.01021180097
-54.5931 0.948921882568
-54.3931 0.922692591603
-54.193 0.964499010094
-53.9929 1.19562206709
-53.7929 1.07750286684
-53.5928 0.994476181153
-53.3928 0.888389004634
-53.1927 0.999554926352
-52.9926 0.957328515337
-52.7926 1.01179215132
-52.5925 1.02420605921
-52.3924 0.9922429193
-52.1924 0.996512918289
-51.9923 0.775980548028
-51.7922 0.945095382277
-51.5922 0.918206942978
-51.3921 0.985888916962
-51.1921 1.11561426876
-50.992 0.977099477667
-50.7919 1.05418315809
-50.5919 1.25746996268
-50.3918 0.890223914564
-50.1917 1.0521264353
-49.9917 1.18313211191
-49.7916 1.06130798213
-49.5915 0.822031831763
-49.3915 1.00494802659
-49.1914 0.925051065332
-48.9913 1.07654198447
-48.7913 0.962996339066
-48.5912 0.682599712228
-48.3911 0.959133430261
-48.191 0.979814522245
-47.991 1.11844603155
-47.7909 0.840272678268
-47.5908 0.985238530751
-47.3908 1.05418478268
-47.1907 0.885951200844
-46.9906 0.99070238973
-46.7906 0.953348689351
-46.5905 0.974568125091
-46.3904 1.02194054745
-46.1903 0.974254047775
-45.9903 1.01786560425
-45.7902 1.00523575255
-45.5901 1.18053267293
-45.3901 0.969279957294
-45.19 0.905341771463
-44.9899 1.03426594358
-44.7898 1.00485866261
-44.5898 1.01707377893
-44.3897 0.839777960712
-44.1896 0.997727351338
-43.9895 1.06858194863
-43.7895 1.05330861794
-43.5894 0.859297019466
-43.3893 0.87546323332
-43.1892 1.11272497661
-42.9892 1.00939246984
-42.7891 0.945539598238
-42.589 0.945906746529
-42.3889 1.15303860206
-42.1889 1.09839142189
-41.9888 0.992267287004
-41.7887 0.772723915574
-41.5886 1.09587770196
-41.3885 0.978309986769
-41.1885 1.0272524956
-40.9884 1.10406191784
-40.7883 0.980162327464
-40.5882 1.08184929435
-40.3881 0.971753356692
-40.1881 1.00461933791
-39.988 0.999385415417
-39.7879 0.94748147509
-39.5878 1.21907405607
-39.3877 0.906799824251
-39.1877 0.999144877694
-38.9876 0.968889785416
-38.7875 0.949207315517
-38.5874 0.778893263085
-38.3873 0.923555068006
-38.1873 0.98290652322
-37.9872 1.09778850208
-37.7871 1.01502493189
-37.587 0.975203177803
-37.3869 1.03575783577
-37.1868 1.07422599663
-36.9868 0.870520454657
-36.7867 0.926104386671
-36.5866 0.937890736618
-36.3865 1.11157009091
-36.1864 0.914807333392
-35.9863 0.915845063757
-35.7862 0.888534325917
-35.5862 0.882350356666
-35.3861 0.919929164865
-35.186 1.13965031247
-34.9859 1.00647070444
-34.7858 0.980690545667
-34.5857 0.906748290565
-34.3856 0.961220487528
-34.1856 1.06803211259
-33.9855 0.866434093919
-33.7854 0.955882356563
-33.5853 1.02801515935
-33.3852 0.910686018012
-33.1851 1.10736279019
-32.985 0.967203528668
-32.7849 0.980374676134
-32.5848 0.958545299036
-32.3847 1.11292179407
-32.1847 1.1003847301
-31.9846 0.881110094896
-31.7845 0.857415297527
-31.5844 1.03451809445
-31.3843 0.833130647512
-31.1842 0.943995313162
-30.9841 0.839049323177
-30.784 1.15482278584
-30.5839 0.957958113358
-30.3838 0.927685750508
-30.1837 0.978201770243
-29.9836 1.07943698848
-29.7836 1.03710119879
-29.5835 1.20491268209
-29.3834 1.07807328062
-29.1833 1.03585427787
-28.9832 0.990483854773
-28.7831 1.01736558321
-28.583 1.12734315374
-28.3829 1.05731332948
-28.1828 0.900007440328
-27.9827 0.889130327892
-27.7826 1.17871848458
-27.5825 1.12391764893
-27.3824 1.02619854416
-27.1823 0.832542494443
-26.9822 0.972149117237
-26.7821 0.961777481568
-26.582 0.7607367306
-26.3819 1.12582863273
-26.1818 0.987108699559
-25.9817 0.852310052649
-25.7816 0.988026495833
-25.5815 1.14593784859
-25.3814 1.26249456957
-25.1813 0.846912558761
-24.9812 1.02708364675
-24.7811 0.856024625029
-24.581 0.900002748901
-24.3809 0.745469594065
-24.1808 0.858000596598
-23.9807 0.938114317133
-23.7806 1.11059973582
-23.5805 0.831187353075
-23.3804 0.925852710995
-23.1803 0.968105921136
-22.9802 1.05168581315
-22.7801 1.14750298138
-22.58 0.837236069634
-22.3799 0.994869952849
-22.1798 1.10362080182
-21.9797 0.887901839898
-21.7796 0.868220484622
-21.5795 0.851342886298
-21.3794 0.902976664404
-21.1793 0.870623883993
-20.9792 0.783676650174
-20.7791 1.19364303393
-20.579 0.992781191753
-20.3789 0.82672923384
-20.1787 0.867433025363
-19.9786 0.854954060775
-19.7785 1.09141165674
-19.5784 0.869733937351
-19.3783 0.74467226625
-19.1782 1.00569329328
-18.9781 0.963801159313
-18.778 1.0165590373
-18.5779 0.90208075801
-18.3778 0.965276371266
-18.1777 0.653431432519
-17.9776 0.999062916126
-17.7774 0.941143694947
-17.5773 0.944640319962
-17.3772 0.940330381514
-17.1771 0.883119301124
-16.977 0.936087699351
-16.7769 0.818142036448
-16.5768 0.855267696303
-16.3767 0.839277202655
-16.1766 0.967728450773
-15.9764 0.93492315304
-15.7763 0.955267775868
-15.5762 0.781552419088
-15.3761 0.981726211144
-15.176 0.990186726446
-14.9759 1.10259157561
-14.7758 0.977883877233
-14.5757 0.945423473427
-14.3755 0.961739543247
-14.1754 0.889225184822
-13.9753 0.922485409369
-13.7752 0.994962682761
-13.5751 1.15578608799
-13.375 1.10830880324
-13.1749 0.740934094554
-12.9747 1.05416533303
-12.7746 0.86261420712
-12.5745 0.775931234638
-12.3744 1.03825577195
-12.1743 0.783864831275
-11.9742 0.932326456701
-11.774 1.07266390047
-11.5739 0.787223687306
-11.3738 0.878943716195
-11.1737 0.79843060182
-10.9736 0.843252799235
-10.7734 0.963472436672
-10.5733 0.882973108575
-10.3732 0.730902682635
-10.1731 0.722904197036
-9.97296 0.834397931317
-9.77284 1.00021529462
-9.57272 0.945751781394
-9.3726 0.855537993521
-9.17248 1.0431974346
-8.97236 0.823004174954
-8.77224 0.792158249609
-8.57211 1.09259462584
-8.37199 0.996811055266
-8.17187 0.996167691463
-7.97175 1.05765168199
-7.77163 0.926656939412
-7.5715 0.868485235136
-7.37138 0.772258532957
-7.17125 0.897825537618
-6.97113 0.799397861084
-6.77101 0.760667670032
-6.57088 0.69960007919
-6.37076 1.18075526278
-6.17063 0.700982102773
-5.97051 0.657174546778
-5.77038 1.0510566583
-5.57025 0.822575652709
-5.37013 0.442826985053
-5.17 0.890571314722
-4.96987 0.654390663408
-4.76975 0.535060367686
-4.56962 1.00724861201
-4.36949 0.837008282887
-4.16937 0.573774273397
-3.96924 0.918833278076
-3.76911 0.596607959618
-3.56898 0.881267870439
-3.36885 0.531492052836
-3.16872 0.635419273802
-2.96859 0.574060669476
-2.76846 0.754355578278
-2.56833 0.764351220276
-2.3682 0.979749124326
-2.16807 0.908618379766
-1.96794 0.769982955218
-1.76781 0.895955105579
-1.56768 0.946595493656
-1.36755 0.686473689903
-1.16742 1.07202857403
-0.967284 0.553889495152
-0.767152 0.614697878383
-0.567019 0.709679948975
-0.366886 1.03553906348
-0.166753 0.629976544836
0.0333802 0.562396387982
0.233514 0.576111638125
0.433648 0.0594139277209
0.633782 0.242027664991
0.833917 0.138144526551
1.03405 0.309037189024
1.23419 0.0194925753139
1.43432 0.0842131251173
1.63446 0.0373581994113
1.83459 0.0749107926092
2.03473 0.30309749399
2.23487 0.0978734373939
2.435 0.0179525954559
2.63514 0.0151749633609
2.83528 0.137306292112
3.03541 0.112361158019
3.23555 0.0492872893236
3.43569 0.206951274067
3.63583 0.360102741885
3.83597 0.375923232247
4.0361 0.0378072335289
4.23624 0.0602675288118
4.43638 -0.000617622014715
4.63652 -0.030261105224
4.83666 0.0869789121243
5.0368 -0.0198187745165
5.23694 -0.0238518849705
5.43708 0.104701271688
5.63722 -0.0146410689011
5.83737 0.0892049934295
6.03751 -0.107626159021
6.23765 0.232452711845
6.43779 0.0354464452135
6.63793 0.29451322475
6.83808 0.0242016838202
7.03822 -0.0991359393929
7.23836 -0.0582327089309
7.4385 0.115174071225
7.63865 0.0194562247253
7.83879 0.104036851973
8.03894 0.0947751592368
8.23908 0.49286330501
8.43923 0.803832810775
8.63937 0.501923346403
8.83951 0.608002749005
9.03966 1.02904365736
9.23981 0.843655248579
9.43995 -0.00698290466318
9.6401 0.52193932695
9.84025 0.528929764924
10.0404 0.397022622716
10.2405 0.672976988469
10.4407 0.54465171479
10.6408 0.386412687095
10.841 0.46619596918
11.0411 0.33454706333
11.2413 0.654709797459
11.4414 0.0546166389937
11.6416 0.136539599991
11.8417 0.782851126766
12.0419 0.733401558202
12.242 0.751771115905
12.4422 0.810943647501
12.6423 0.299193656327
12.8425 0.00686689514789
13.0426 0.213740040367
13.2428 0.198780321059
13.4429 0.054886855918
13.6431 0.0919496926319
13.8432 0.112154452056
14.0434 0.0332528752628
14.2435 -0.04760812425
14.4437 0.400811558195
14.6438 0.417236643527
14.844 0.0742612760769
15.0441 -0.0103086742369
15.2443 0.156513845895
15.4445 0.148932608038
15.6446 0.405043263557
15.8448 0.252280325209
16.0449 0.0712411300167
16.2451 0.333100981408
16.4452 0.0789369464092
16.6454 0.0644589721791
16.8455 0.0582691137374
17.0457 0.160290398577
17.2459 0.795016180487
17.446 0.344416427862
17.6462 0.312823567685
17.8463 -0.029713209622
18.0465 0.0779464482885
18.2466 0.143607444494
18.4468 0.0416137586172
18.647 0.438712113727
18.8471 0.273696387769
19.0473 0.0998986225045
19.2474 0.229458378023
19.4476 0.541815954649
19.6478 0.567732781052
19.8479 0.857158835968
20.0481 0.741235224333
20.2482 1.00432294265
20.4484 1.01357151621
20.6486 1.18637019431
20.8487 0.774164507724
21.0489 0.953196848089
21.249 1.00750081568
21.4492 0.984312440464
21.6494 1.02208632205
21.8495 0.794373062459
22.0497 0.711489601698
22.2498 0.787221296452
22.45 0.926309374064
22.6502 0.921496915779
22.8503 0.780789048475
23.0505 1.03360238191
23.2507 0.941528227131
23.4508 0.940779845461
23.651 0.932528945085
23.8512 0.864288702458
24.0513 0.855497858483
24.2515 0.93972720497
24.4517 0.812808141835
24.6518 1.18939426312
24.852 0.944723427051
25.0522 0.993993600547
25.2523 1.04345519763
25.4525 0.724223329612
25.6527 0.770235247306
25.8528 0.920792039073
26.053 1.02432603913
26.2532 1.11064446511
26.4533 0.933386992014
26.6535 1.00987287899
26.8537 1.08967298728
27.0538 1.06310159766
27.254 0.981305536253
27.4542 1.08375612426
27.6544 0.956028163855
27.8545 1.0004179476
28.0547 0.99157904878
28.2549 0.937243950318
28.455 0.872977605759
28.6552 0.901185865755
28.8554 1.01173616569
29.0556 0.918208620712
29.2557 1.01271334261
29.4559 0.957621395107
29.6561 0.89530000065
29.8562 0.899147540593
30.0564 0.998483639503
30.2566 1.0643676273
30.4568 0.868826311473
30.6569 1.11371848289
30.8571 0.995919652245
31.0573 1.20038042934
31.2575 1.04542918458
31.4576 0.9857966404
31.6578 1.0311171886
31.858 0.873296248663
32.0582 1.07064255755
32.2583 1.12180007429
32.4585 1.11937309148
32.6587 1.0334985141
32.8589 0.904577548513
33.0591 0.918588687035
33.2592 0.816401706191
33.4594 0.945795521541
33.6596 1.17473053109
33.8598 0.858679631342
34.0599 0.972231498116
34.2601 0.958100836822
34.4603 0.872023912997
34.6605 0.957721282162
34.8607 0.918259517634
35.0608 0.958475438581
35.261 0.916356672222
35.4612 0.975966566531
35.6614 0.856646767117
35.8616 0.943912527409
36.0617 0.88153345136
36.2619 1.12756898284
36.4621 1.13782776316
36.6623 0.973148176502
36.8625 1.01368665922
37.0627 0.916495028246
37.2628 0.876336747889
37.463 0.944533508203
37.6632 1.04117537377
37.8634 1.19837859243
38.0636 0.961658801571
38.2638 1.11949944746
38.4639 1.08082358026
38.6641 0.806591760021
38.8643 1.03115311054
39.0645 0.899381044402
39.2647 0.93685580567
39.4649 1.03949633684
39.6651 1.11106747832
39.8652 1.00928349474
40.0654 1.08956410738
40.2656 0.951334753413
40.4658 1.14580720901
40.666 0.975398529859
40.8662 1.14404439721
41.0664 1.0306573786
41.2666 1.05150652058
41.4668 0.959125945421
41.6669 1.06239209547
41.8671 1.04371871343
42.0673 0.985457139092
42.2675 1.06267128045
42.4677 0.978193103591
42.6679 1.08106957924
42.8681 0.838404933321
43.0683 0.980602832764
43.2685 0.903988198226
43.4687 1.01943417654
43.6688 0.986915601481
43.869 1.1683581243
44.0692 1.00655906288
44.2694 0.803647279422
44.4696 0.910444468563
44.6698 0.946385497672
44.87 1.10997354136
45.0702 0.938928828881
45.2704 1.00631192748
45.4706 0.881363386198
45.6708 1.02414904808
45.871 1.04926474385
46.0712 1.0845047097
46.2714 0.925728181222
46.4716 1.16944326531
46.6718 1.17869378182
46.8719 1.02391118037
47.0721 1.00611173519
47.2723 1.02725429407
47.4725 1.0824923341
47.6727 0.951068154377
47.8729 1.04061669397
48.0731 0.968009971434
48.2733 0.970053858097
48.4735 1.00516337422
48.6737 1.11846732146
48.8739 1.06735459992
49.0741 0.917071716288
49.2743 0.992907423734
49.4745 1.01006914174
49.6747 1.13300651215
49.8749 1.05953545956
50.0751 1.17491371559
50.2753 1.21910085236
50.4755 1.08365481794
50.6757 1.07412949066
50.8759 1.24605236624
51.0761 0.72977458536
51.2763 0.862646495974
51.4765 0.903872654284
51.6767 0.792906409285
51.8769 0.986018635415
52.0771 1.01266781003
52.2773 0.933469108271
52.4775 0.998145215568
52.6777 0.892251268347
52.8779 1.05489145402
53.0782 1.1384707586
53.2784 0.972233116731
53.4786 0.930684053719
53.6788 0.940499252639
53.879 0.98250279722
54.0792 1.0126560254
54.2794 1.06563995982
54.4796 0.800153207687
54.6798 0.940957044439
54.88 0.874350249635
55.0802 0.961121366303
55.2804 0.857098502926
55.4806 0.988518887376
55.6808 1.06736398912
55.881 1.19986225091
56.0812 0.946440847142
56.2815 0.966277065592
56.4817 0.999356399167
56.6819 0.793590207391
56.8821 1.00942564246
57.0823 0.926002280067
57.2825 0.743608545578
57.4827 0.842627365762
57.6829 0.890277256226
57.8831 1.0008682279
58.0833 0.779341490416
58.2836 1.00933452161
58.4838 1.1226865955
58.684 0.913425424142
58.8842 0.783092433954
59.0844 1.06018249965
59.2846 0.924641348497
59.4848 1.09202856483
59.685 1.00781402323
59.8853 0.99081754233
60.0855 1.06629430453
60.2857 0.884860393265
60.4859 0.972614941069
60.6861 0.993100395484
60.8863 0.91772483169
61.0865 0.731557534796
61.2868 1.00252605477
61.487 1.13391202908
61.6872 0.875219752223
61.8874 1.00967308907
62.0876 0.891722265869
62.2878 0.90746730467
62.4881 0.839413567684
62.6883 0.844134284073
62.8885 1.03575018608
63.0887 0.890660115578
63.2889 1.0026718036
63.4891 0.943629978817
63.6894 0.891782911769
63.8896 1.19971352014
64.0898 0.783842314654
64.29 0.816317220533
64.4902 0.915134842381
64.6905 1.10509000533
64.8907 1.0567996964
65.0909 1.20461267768
65.2911 1.03398882805
65.4913 0.948629755438
65.6916 1.01710296698
65.8918 0.918943602571
66.092 0.967756424854
66.2922 1.01981176736
66.4924 1.16066253054
66.6927 1.06372339275
66.8929 1.06936986904
67.0931 1.12499638085
67.2933 1.15215822963
67.4936 0.93748685569
67.6938 0.928672136134
67.894 1.11053109281
68.0942 1.0254446588
68.2945 1.00388650891
68.4947 1.12062518181
68.6949 0.859797246668
68.8951 1.01298350774
69.0954 0.868957083576
69.2956 1.14260572959
69.4958 0.970734809475
69.696 1.02108532247
69.8963 1.02172630327
70.0965 1.07141924692
70.2967 1.015602338
70.4969 1.09921179249
70.6972 0.857381693108
70.8974 0.881431334932
71.0976 0.880417630371
71.2979 0.96141516757
71.4981 1.00736088703
71.6983 0.88835916533
71.8985 1.04210009141
72.0988 0.93171054923
72.299 1.0710951749
72.4992 0.993939358553
72.6995 1.00504702547
72.8997 0.943394221277
73.0999 0.92061228788
73.3002 0.889103021731
73.5004 1.0322175825
73.7006 0.903051078357
73.9009 0.871588048009
74.1011 0.88272692364
74.3013 0.991670818771
74.5016 1.14911119842
74.7018 0.977317554586
74.902 0.969031799026
75.1023 0.981293444917
75.3025 0.912929827822
75.5027 1.22422416557
75.703 0.974042294268
75.9032 1.10495435731
76.1034 0.996731004695
76.3037 0.950486352513
76.5039 1.00966685348
76.7041 0.90676429432
76.9044 1.01818333286
77.1046 1.06723894804
77.3048 1.17469594065
77.5051 0.926503535438
77.7053 1.10500380977
77.9056 0.86600247742
78.1058 0.951153805116
78.306 0.946554885332
78.5063 1.09842243388
78.7065 0.702664114563
78.9067 0.876028859079
79.107 1.01660324757
79.3072 1.08198118994
79.5075 1.14540487611
79.7077 0.974485769373
79.9079 1.07545554653
80.1082 1.1117595179
80.3084 0.996581050746
80.5087 1.1313492178
80.7089 1.0154205596
80.9091 1.04012398898
81.1094 0.971671812146
81.3096 0.785162737602
81.5099 0.86901970444
81.7101 0.813946170187
81.9104 1.01362285017
82.1106 0.933611054847
82.3108 1.10798166231
82.5111 1.21965054745
82.7113 1.06681540501
82.9116 0.972373763352
83.1118 0.942523198382
83.3121 1.0154406989
83.5123 1.07351161695
83.7126 1.18929260829
83.9128 0.920605032998
84.113 0.916584586847
84.3133 1.06190745396
84.5135 0.956503788723
84.7138 0.990741124484
84.914 1.04937376469
85.1143 0.976823573576
85.3145 0.918127439581
85.5148 0.982774762181
85.715 1.1140008388
85.9153 0.999265779319
86.1155 0.910276315311
86.3158 0.960624590874
86.516 1.10219029979
86.7163 1.09331913015
86.9165 1.10162228864
87.1168 1.05692963452
87.317 0.974823086684
87.5173 0.865467921979
87.7175 1.02103676228
87.9178 0.941241576195
88.118 0.873186616091
88.3183 0.88297537446
88.5185 1.02442320064
88.7188 0.891081384641
88.919 0.910266671901
89.1193 1.12575100289
89.3195 1.10963061948
89.5198 1.08028659939
89.72 1.30920382466
89.9203 1.0717137514
90.1205 0.872933944665
90.3208 1.02643654392
90.521 0.923036256491
90.7213 1.05605464783
90.9216 0.903159927576
91.1218 0.997168146761
91.3221 1.04366671723
91.5223 0.983380255112
91.7226 0.942349018137
91.9228 0.898229218506
92.1231 0.90160692669
92.3233 1.0362701672
92.5236 1.05238217437
92.7239 1.08136246794
92.9241 0.888825496926
93.1244 0.992419300265
93.3246 1.0388681316
93.5249 1.06188104573
93.7252 0.820103280169
93.9254 1.01098227056
94.1257 0.843944628516
94.3259 0.986822056276
94.5262 1.14341620405
94.7264 0.963822586497
94.9267 1.06750905853
95.127 1.22944295416
95.3272 1.00962557784
95.5275 1.24837028456
95.7278 1.0628764098
95.928 0.895899510666
96.1283 0.975284493874
96.3285 1.05525259215
96.5288 0.943948096219
96.7291 1.01199389313
96.9293 1.07543259021
97.1296 0.870067023233
97.3298 1.07064457244
97.5301 1.07395406114
97.7304 1.01293525019
97.9306 1.15356359077
98.1309 1.09229744882
98.3312 1.08862580522
98.5314 1.00750283134
98.7317 0.962687720972
98.932 0.799936170708
99.1322 0.897399266769
99.3325 1.0320599803
99.5328 1.17671572314
99.733 1.20126032878
99.9333 1.06584935655
