-100.0 1.40748178109
-99.8 0.81014499703
-99.6 0.867529961247
-99.4 1.14548331577
-99.2 1.06736772923
-99.0 1.25287226645
-98.8 1.04687197591
-98.6 1.04073741649
-98.4 0.756000690442
-98.2 1.00781340548
-98.0 0.852209313217
-97.8 0.885938962312
-97.6 0.865935070694
-97.4 1.17490244761
-97.2 0.861786219023
-97.0 1.43860768485
-96.8 0.906612468228
-96.6 0.911241524438
-96.4 0.831860890368
-96.2 0.923081014712
-95.9999 1.23772235324
-95.7999 0.855858726612
-95.5999 1.14846598182
-95.3999 1.18396228054
-95.1999 0.916803556204
-94.9999 1.29216259449
-94.7999 1.22524891114
-94.5999 1.03013368134
-94.3999 1.04523162821
-94.1999 0.952906923584
-93.9999 0.90284336099
-93.7999 0.788346761906
-93.5999 1.12206842968
-93.3999 0.976725901401
-93.1999 0.992901274619
-92.9998 0.969125907395
-92.7998 0.851365667313
-92.5998 0.799558600353
-92.3998 0.952677359629
-92.1998 1.23127737101
-91.9998 0.85069266166
-91.7998 1.22179811946
-91.5998 1.0325260027
-91.3998 1.05824470986
-91.1997 1.13548358573
-90.9997 0.835776931755
-90.7997 1.29148724032
-90.5997 0.889359736238
-90.3997 0.807214531211
-90.1997 0.837085092961
-89.9997 1.30971057071
-89.7997 1.01043831182
-89.5996 1.15287100192
-89.3996 0.838500905871
-89.1996 0.957489222477
-88.9996 0.856813911353
-88.7996 0.875015302799
-88.5996 1.22450279609
-88.3996 1.23567356495
-88.1995 1.13908230992
-87.9995 0.909985566464
-87.7995 1.0891595221
-87.5995 0.944347862917
-87.3995 0.935365539538
-87.1995 1.0439639037
-86.9994 0.981886259633
-86.7994 1.11438517968
-86.5994 1.14010604185
-86.3994 1.30665306066
-86.1994 1.27078649049
-85.9994 0.839764497028
-85.7993 1.06508668437
-85.5993 0.910819392602
-85.3993 0.533197367145
-85.1993 0.863818217643
-84.9993 1.09565426987
-84.7992 0.489160653536
-84.5992 0.723616740471
-84.3992 0.615306711291
-84.1992 0.931958760518
-83.9991 0.999602450378
-83.7991 0.838975367256
-83.5991 1.16958520721
-83.3991 0.895991778205
-83.1991 0.769864569986
-82.999 0.405273592482
-82.799 1.03291056767
-82.599 1.13520099297
-82.399 0.871343529277
-82.1989 0.995847555719
-81.9989 0.782994298276
-81.7989 0.849588426156
-81.5989 0.917899291506
-81.3988 0.849193293367
-81.1988 1.10909887864
-80.9988 0.909852371992
-80.7988 0.498411665819
-80.5987 0.717691884504
-80.3987 1.20203076478
-80.1987 0.957996424394
-79.9987 0.895813446706
-79.7986 1.0748905836
-79.5986 0.928932425952
-79.3986 0.870380995091
-79.1986 0.716712804566
-78.9985 0.626082449302
-78.7985 1.28765464261
-78.5985 0.870114050062
-78.3984 0.700324880283
-78.1984 1.04199810455
-77.9984 1.06904821431
-77.7984 0.761640129228
-77.5983 1.15494894306
-77.3983 1.1768114716
-77.1983 0.789667877153
-76.9982 1.16044422196
-76.7982 0.972423988024
-76.5982 0.904935518434
-76.3981 0.948405308508
-76.1981 0.980168725912
-75.9981 1.25286285204
-75.798 0.934902813155
-75.598 0.954059852551
-75.398 0.762470273166
-75.198 1.42954131155
-74.9979 0.708810293775
-74.7979 1.21736238488
-74.5978 1.25149141757
-74.3978 1.07023381416
-74.1978 0.821930558685
-73.9977 0.963784107885
-73.7977 1.19091714829
-73.5977 1.55731765147
-73.3976 0.87039762083
-73.1976 1.09152412549
-72.9976 0.874711763509
-72.7975 1.32126689729
-72.5975 1.43456960324
-72.3975 0.912018000827
-72.1974 1.12296537139
-71.9974 1.16469096537
-71.7973 1.06767185967
-71.5973 1.15469771126
-71.3973 1.27887027177
-71.1972 1.06116243213
-70.9972 0.764031950824
-70.7972 0.950721848124
-70.5971 0.879438436891
-70.3971 1.17636005558
-70.197 1.02882202095
-69.997 1.0790121647
-69.797 0.913619942162
-69.5969 0.7388623717
-69.3969 1.09937096344
-69.1968 0.976962732384
-68.9968 0.493410391742
-68.7968 1.01789557812
-68.5967 0.870476584752
-68.3967 1.02944535341
-68.1966 1.02978799029
-67.9966 0.845222906398
-67.7965 1.13877796108
-67.5965 1.22254760435
-67.3965 1.18309687873
-67.1964 0.693082618545
-66.9964 0.996593809524
-66.7963 1.4442720412
-66.5963 0.862413784769
-66.3962 1.19493288136
-66.1962 0.882231628394
-65.9961 1.11266365104
-65.7961 1.46087955181
-65.5961 1.45653270891
-65.396 0.927305343062
-65.196 0.966920534539
-64.9959 0.780365534187
-64.7959 0.987179030077
-64.5958 1.28290947084
-64.3958 0.896946087843
-64.1957 1.19455909916
-63.9957 0.890533352884
-63.7956 0.998163997716
-63.5956 1.07287463679
-63.3955 1.06470656388
-63.1955 0.828180848529
-62.9954 0.866542890456
-62.7954 0.976283749385
-62.5953 1.09878542831
-62.3953 0.805202528993
-62.1952 1.14524606239
-61.9952 1.15939636303
-61.7951 0.562557655487
-61.5951 1.05673566644
-61.395 1.02294100156
-61.195 1.19753840354
-60.9949 0.775917296322
-60.7949 1.04963170877
-60.5948 1.22604122843
-60.3948 1.1948507904
-60.1947 1.13203079554
-59.9947 0.864943589349
-59.7946 0.526759373683
-59.5946 1.06751817949
-59.3945 1.05435154322
-59.1944 0.889759368246
-58.9944 1.06588620738
-58.7943 0.864357161602
-58.5943 0.847254511425
-58.3942 1.33985901581
-58.1942 0.784594012125
-57.9941 0.896228295013
-57.7941 1.10725939595
-57.594 0.855423972845
-57.3939 0.98992012656
-57.1939 1.07629732304
-56.9938 0.637192183718
-56.7938 1.02915523782
-56.5937 1.21426355351
-56.3937 1.07333475867
-56.1936 0.973923056456
-55.9935 0.655941488692
-55.7935 1.41196532441
-55.5934 1.06832027276
-55.3934 1.03697634955
-55.1933 0.786779641399
-54.9932 0.939983393365
-54.7932 0.642889694035
-54.5931 1.18785596699
-54.3931 0.581327920191
-54.193 0.962590749672
-53.9929 0.859010103167
-53.7929 0.776876825948
-53.5928 0.828770787616
-53.3928 0.914617253263
-53.1927 1.26164268612
-52.9926 1.49522899122
-52.7926 0.930173553922
-52.5925 0.891635770612
-52.3924 0.891530266573
-52.1924 0.826392459531
-51.9923 0.880178162404
-51.7922 1.22924260868
-51.5922 1.02190478998
-51.3921 1.22784454258
-51.1921 0.572535955623
-50.992 1.25347996374
-50.7919 0.815202239955
-50.5919 1.04689896652
-50.3918 0.965338850561
-50.1917 1.1993567867
-49.9917 1.18426990007
-49.7916 0.801236753891
-49.5915 1.0701373739
-49.3915 0.977383532104
-49.1914 1.10932981532
-48.9913 1.18663356932
-48.7913 0.716215227932
-48.5912 1.17600052719
-48.3911 0.878687288031
-48.191 0.988459349015
-47.991 0.717320231549
-47.7909 1.02695486051
-47.5908 1.01442884934
-47.3908 1.2815604839
-47.1907 0.738062511778
-46.9906 0.893852251841
-46.7906 1.10965952599
-46.5905 0.902109181411
-46.3904 0.734073758909
-46.1903 0.921955511025
-45.9903 1.12114577576
-45.7902 0.915106174282
-45.5901 1.37600707495
-45.3901 1.39352291008
-45.19 1.3693568163
-44.9899 1.11030205933
-44.7898 0.678712330196
-44.5898 1.03193414881
-44.3897 1.21132931069
-44.1896 1.16910477398
-43.9895 0.824962740409
-43.7895 0.763952644692
-43.5894 0.982326540445
-43.3893 1.18809519233
-43.1892 0.777227465366
-42.9892 0.954940448378
-42.7891 1.13793607571
-42.589 1.05720143164
-42.3889 1.15641616983
-42.1889 0.800811283808
-41.9888 1.0775514677
-41.7887 1.06504660432
-41.5886 0.965426403963
-41.3885 0.672619993266
-41.1885 1.06755366052
-40.9884 1.40035766061
-40.7883 0.962759557129
-40.5882 0.732194674537
-40.3881 1.21972676253
-40.1881 1.22624593987
-39.988 1.15158214943
-39.7879 0.968285676391
-39.5878 1.14487490671
-39.3877 1.12200086383
-39.1877 1.14010099739
-38.9876 0.953894225504
-38.7875 0.888734646222
-38.5874 1.24948992494
-38.3873 1.21029397717
-38.1873 1.4994143838
-37.9872 1.03927638879
-37.7871 0.800042548023
-37.587 0.827123425878
-37.3869 1.08274478863
-37.1868 1.23586464621
-36.9868 0.869902679
-36.7867 1.03464482071
-36.5866 0.891639660469
-36.3865 0.980867395513
-36.1864 0.801173507406
-35.9863 0.856737856362
-35.7862 0.849730913766
-35.5862 0.907692436059
-35.3861 0.855312695492
-35.186 1.01125371489
-34.9859 1.12619209699
-34.7858 1.03994350724
-34.5857 1.06160757384
-34.3856 1.52287602357
-34.1856 0.877354170906
-33.9855 1.07945699316
-33.7854 1.44373196814
-33.5853 0.878565433999
-33.3852 0.68871190366
-33.1851 1.08892342362
-32.985 0.765833833518
-32.7849 0.985687237711
-32.5848 1.17806322066
-32.3847 0.804781910461
-32.1847 1.11348531218
-31.9846 1.06120983429
-31.7845 0.943704712992
-31.5844 0.984969849573
-31.3843 0.887858297325
-31.1842 0.833586173567
-30.9841 1.06203344075
-30.784 1.20740329452
-30.5839 0.733588630176
-30.3838 1.3112050753
-30.1837 1.32584624192
-29.9836 0.70560170011
-29.7836 0.814691887443
-29.5835 1.21186440616
-29.3834 0.994668302155
-29.1833 1.09595896444
-28.9832 1.11125143533
-28.7831 0.968592040165
-28.583 1.22482355567
-28.3829 1.00101131208
-28.1828 0.656018162914
-27.9827 1.01562603673
-27.7826 0.955011485176
-27.5825 0.935194981139
-27.3824 1.11854863141
-27.1823 1.46676202269
-26.9822 1.31032664683
-26.7821 1.276424534
-26.582 1.05239689786
-26.3819 0.779667687011
-26.1818 1.08518112603
-25.9817 0.936385137847
-25.7816 0.852036190531
-25.5815 0.922636695828
-25.3814 0.832750655337
-25.1813 1.12378040737
-24.9812 0.637070722396
-24.7811 0.52455593228
-24.581 0.861609043157
-24.3809 0.903689895306
-24.1808 1.50429362818
-23.9807 0.977488784121
-23.7806 1.28657104741
-23.5805 0.756168286716
-23.3804 0.954515871254
-23.1803 0.702263392157
-22.9802 0.828415592772
-22.7801 1.01485168852
-22.58 1.14846613495
-22.3799 0.819778061449
-22.1798 1.18938297629
-21.9797 0.666388529053
-21.7796 1.03755446619
-21.5795 1.25033103461
-21.3794 0.874617527132
-21.1793 0.736738399995
-20.9792 0.917906383361
-20.7791 0.942129017491
-20.579 0.844166114264
-20.3789 1.15671669522
-20.1787 0.872304327692
-19.9786 0.715946729368
-19.7785 1.03826455798
-19.5784 1.13963328866
-19.3783 0.975868800945
-19.1782 0.649960362095
-18.9781 0.830365084507
-18.778 1.18085491764
-18.5779 1.33957286499
-18.3778 1.11541841589
-18.1777 0.99563620275
-17.9776 1.18707081102
-17.7774 0.472685983586
-17.5773 0.703353042682
-17.3772 0.712197999063
-17.1771 0.559055031181
-16.977 0.966568019891
-16.7769 0.915758719041
-16.5768 0.997118804738
-16.3767 0.913782735421
-16.1766 1.01802302783
-15.9764 0.967215215522
-15.7763 0.895669939863
-15.5762 0.930663997507
-15.3761 0.973159518835
-15.176 0.76801524164
-14.9759 0.794812804115
-14.7758 0.918158741648
-14.5757 1.04204989237
-14.3755 1.11838370002
-14.1754 0.517785754624
-13.9753 1.42527467363
-13.7752 0.82379147317
-13.5751 0.9959702603
-13.375 0.928984516901
-13.1749 1.05566368073
-12.9747 0.763171554633
-12.7746 1.34575819116
-12.5745 0.809564245124
-12.3744 1.02447227809
-12.1743 0.966817934467
-11.9742 0.85047459865
-11.774 1.26706640479
-11.5739 0.565095593882
-11.3738 0.877593557137
-11.1737 1.14486346015
-10.9736 0.896733085518
-10.7734 1.15410487435
-10.5733 1.06920346043
-10.3732 0.5004351202
-10.1731 0.720549200492
-9.97296 0.7754560904
-9.77284 0.666710294088
-9.57272 0.604454085328
-9.3726 0.647087297043
-9.17248 0.491540141837
-8.97236 0.286704876868
-8.77224 1.00552131243
-8.57211 0.581739628391
-8.37199 0.521598451717
-8.17187 0.895895280956
-7.97175 1.04970263868
-7.77163 1.29760823506
-7.5715 0.777523709114
-7.37138 0.738079194216
-7.17125 0.585269216075
-6.97113 0.675358520715
-6.77101 0.98454432156
-6.57088 0.218716433326
-6.37076 1.35604857125
-6.17063 0.990277998569
-5.97051 0.197668572155
-5.77038 0.588780281155
-5.57025 0.715336089107
-5.37013 0.555034182494
-5.17 0.770782146821
-4.96987 0.255018488736
-4.76975 0.0443748042542
-4.56962 0.709051690352
-4.36949 0.479897895407
-4.16937 0.707000699838
-3.96924 0.15029619317
-3.76911 0.442906552431
-3.56898 0.405652154179
-3.36885 0.336633017744
-3.16872 0.241501046735
-2.96859 0.964505090585
-2.76846 0.756559096187
-2.56833 -0.0594626081021
-2.3682 0.520325615483
-2.16807 0.359075252801
-1.96794 0.34404303955
-1.76781 -0.0191771603807
-1.56768 -0.03514458779
-1.36755 0.195439238167
-1.16742 -0.0650837712117
-0.967284 0.608953587335
-0.767152 0.556124915507
-0.567019 0.222007624294
-0.366886 0.240512130775
-0.166753 0.0466818918209
0.0333802 -0.0718197249751
0.233514 0.0141060322186
0.433648 0.185986400877
0.633782 0.14772438911
0.833917 0.0737648248941
1.03405 0.0509882935807
1.23419 -0.0496896222134
1.43432 -0.0244810828062
1.63446 0.266563159735
1.83459 -0.0944354795943
2.03473 0.150216707671
2.23487 0.299720109035
2.435 0.149995602225
2.63514 -0.0466094809513
2.83528 -0.0265893894919
3.03541 -0.0972026993287
3.23555 0.182863529702
3.43569 0.0432994752785
3.63583 0.044998099651
3.83597 -0.0915174047063
4.0361 0.111077415517
4.23624 0.307337902614
4.43638 0.140324531846
4.63652 -0.0762526718257
4.83666 -0.0357306753049
5.0368 0.137296402579
5.23694 -0.0224944863696
5.43708 -0.027105332748
5.63722 -0.0358527501339
5.83737 0.166203908243
6.03751 0.132894042273
6.23765 -0.0735703083842
6.43779 0.118380876705
6.63793 0.139836193807
6.83808 0.223722191904
7.03822 0.0398959945415
7.23836 0.0571356245678
7.4385 0.455152948212
7.63865 -0.00531864217665
7.83879 -0.0744147292467
8.03894 0.122415278279
8.23908 -0.00720805183512
8.43923 0.143837715383
8.63937 0.137031497977
8.83951 -0.0585312803552
9.03966 0.267734158951
9.23981 0.226474960508
9.43995 0.360216880106
9.6401 0.243178450193
9.84025 0.543880905262
10.0404 0.316416471574
10.2405 0.247860648321
10.4407 0.0542106824344
10.6408 0.348859019187
10.841 0.475811696455
11.0411 0.107227671035
11.2413 0.309784904939
11.4414 0.439100396055
11.6416 0.305592555012
11.8417 0.33680239071
12.0419 0.935817301776
12.242 0.981327624635
12.4422 0.586160736404
12.6423 0.60259466061
12.8425 0.328740873198
13.0426 0.240388923179
13.2428 0.427141655291
13.4429 1.13087527158
13.6431 0.744570409695
13.8432 0.92198606196
14.0434 0.445755405608
14.2435 0.0518121027961
14.4437 0.92632835433
14.6438 1.11645704734
14.844 0.230017170713
15.0441 1.02733651345
15.2443 0.377895943595
15.4445 0.91099494202
15.6446 0.699941160025
15.8448 0.740073016054
16.0449 0.445602605394
16.2451 0.702002374362
16.4452 0.883101813836
16.6454 0.666717678855
16.8455 0.455878719082
17.0457 0.708280436857
17.2459 0.537158709261
17.446 0.941658395433
17.6462 0.845076440659
17.8463 0.519065287891
18.0465 0.801633149879
18.2466 0.47731594205
18.4468 0.697248038509
18.647 0.653084382912
18.8471 0.720419067992
19.0473 0.601769312
19.2474 0.730536098693
19.4476 0.857862832939
19.6478 0.896982275195
19.8479 1.08860196124
20.0481 0.328466093912
20.2482 0.30932102027
20.4484 1.14685138153
20.6486 0.6088407405
20.8487 0.863526504026
21.0489 0.562897534991
21.249 0.869985007608
21.4492 1.07869072768
21.6494 0.676984739425
21.8495 0.602555630109
22.0497 0.742945672897
22.2498 0.505915460293
22.45 0.626834307137
22.6502 0.652255446704
22.8503 1.13666605647
23.0505 0.563866160458
23.2507 0.654021082289
23.4508 0.769275446173
23.651 0.802881422938
23.8512 0.938129603266
24.0513 0.711233717424
24.2515 0.811419611732
24.4517 0.807508060114
24.6518 1.08866051613
24.852 0.831069001173
25.0522 1.04615573695
25.2523 0.813842481009
25.4525 0.947564493718
25.6527 1.03160102727
25.8528 0.910628744146
26.053 1.12129753409
26.2532 0.818632260758
26.4533 0.579769273542
26.6535 0.641675689046
26.8537 0.68937118929
27.0538 0.643579063043
27.254 0.833109405788
27.4542 1.30226227563
27.6544 0.706168731968
27.8545 0.840043508413
28.0547 0.745516885869
28.2549 1.25802381139
28.455 1.39294888295
28.6552 0.70443520463
28.8554 0.643287205734
29.0556 0.858110273802
29.2557 0.847669548143
29.4559 0.847124668592
29.6561 0.603189108846
29.8562 0.626733496709
30.0564 0.604179222443
30.2566 0.807515769516
30.4568 0.868874571035
30.6569 0.841375557318
30.8571 0.916409513951
31.0573 0.607333523794
31.2575 0.975578302786
31.4576 0.795287990272
31.6578 0.804274595105
31.858 0.875029506539
32.0582 0.85834844776
32.2583 0.943602619507
32.4585 1.25464998385
32.6587 1.25552877964
32.8589 0.515389570515
33.0591 0.55044249434
33.2592 0.754582209788
33.4594 0.916265542761
33.6596 1.06016925421
33.8598 0.602928833745
34.0599 1.07338825673
34.2601 1.26154148431
34.4603 0.862393797826
34.6605 0.970942333348
34.8607 1.13234242394
35.0608 1.06137441458
35.261 1.05155396573
35.4612 1.48300062164
35.6614 0.884832719973
35.8616 0.614836623632
36.0617 0.992888810234
36.2619 1.37987915643
36.4621 0.778758722493
36.6623 0.753147764093
36.8625 1.04466789445
37.0627 1.51202365892
37.2628 0.74932524783
37.463 1.3735975334
37.6632 0.953422363632
37.8634 0.880297129241
38.0636 0.727287485619
38.2638 0.601416426546
38.4639 0.974378690653
38.6641 0.986346160043
38.8643 0.663139680785
39.0645 1.05960933135
39.2647 0.596321790309
39.4649 1.14471121785
39.6651 1.14975690284
39.8652 0.96124665481
40.0654 0.92760304917
40.2656 1.11343485424
40.4658 1.11411674979
40.666 0.8105029368
40.8662 0.977296097853
41.0664 0.765805620957
41.2666 1.1805276206
41.4668 1.03787304489
41.6669 1.0829568228
41.8671 0.67981626528
42.0673 1.01797706405
42.2675 0.607695194836
42.4677 0.590395493823
42.6679 0.944281641762
42.8681 0.935518614885
43.0683 0.874982238028
43.2685 1.05274253875
43.4687 0.789802403628
43.6688 0.396662854946
43.869 1.02725222401
44.0692 0.863565486727
44.2694 1.20226822237
44.4696 0.947130924349
44.6698 0.783092656461
44.87 0.803130281191
45.0702 1.07603837483
45.2704 0.693767487581
45.4706 0.75944147696
45.6708 0.82299755199
45.871 1.17022237094
46.0712 1.10207182037
46.2714 0.91049990639
46.4716 1.03051232114
46.6718 0.786320570801
46.8719 1.00856252714
47.0721 1.03318942859
47.2723 0.950337856591
47.4725 1.19404725613
47.6727 1.07946295842
47.8729 1.42582909721
48.0731 0.647399730464
48.2733 0.927643620704
48.4735 0.921221655847
48.6737 0.345403464844
48.8739 1.08191773391
49.0741 1.13698596063
49.2743 0.883089375009
49.4745 1.12648592331
49.6747 0.877375456758
49.8749 1.13695932544
50.0751 1.00894380928
50.2753 1.31820804631
50.4755 0.903891088016
50.6757 1.14257144538
50.8759 0.689951772232
51.0761 1.11853758222
51.2763 0.717175217718
51.4765 0.994845636795
51.6767 1.02626566163
51.8769 0.838649945072
52.0771 1.17207866454
52.2773 1.20164356665
52.4775 0.88917981916
52.6777 1.2639908899
52.8779 1.23035644458
53.0782 1.10868033825
53.2784 0.853172109276
53.4786 0.595757195908
53.6788 0.894132372508
53.879 0.989549237815
54.0792 0.816989193305
54.2794 0.875160677276
54.4796 1.31379138963
54.6798 0.843833438423
54.88 1.19355094542
55.0802 1.53408418625
55.2804 1.17894380801
55.4806 1.18994635291
55.6808 1.17686173622
55.881 0.726555497305
56.0812 0.944946780265
56.2815 0.934166580777
56.4817 1.10572634309
56.6819 1.07227053944
56.8821 0.755996989044
57.0823 0.993592462322
57.2825 1.15838419378
57.4827 1.020633557
57.6829 1.0859099386
57.8831 0.951695804763
58.0833 0.985947219825
58.2836 0.976453227437
58.4838 1.02596838533
58.684 1.24322135507
58.8842 1.34190609367
59.0844 0.916922265368
59.2846 0.848650208533
59.4848 0.574145919717
59.685 0.730703492542
59.8853 1.24082899163
60.0855 1.06404653994
60.2857 0.995135473013
60.4859 1.20936727547
60.6861 1.23767917782
60.8863 1.07220252326
61.0865 0.631788172823
61.2868 1.14751454708
61.487 0.960471331366
61.6872 1.19607421498
61.8874 1.0742711851
62.0876 1.38170202509
62.2878 1.15484651465
62.4881 0.861775286703
62.6883 0.8266851274
62.8885 0.774889944604
63.0887 1.27944345813
63.2889 1.21376698897
63.4891 1.08335424849
63.6894 1.20899778409
63.8896 0.976059314351
64.0898 0.84903736527
64.29 0.967115854866
64.4902 1.18442445843
64.6905 0.947487134167
64.8907 0.88677718067
65.0909 0.98263420833
65.2911 0.960606939643
65.4913 0.8039125819
65.6916 1.4262654224
65.8918 1.00957321825
66.092 1.13527459142
66.2922 1.01442402448
66.4924 0.972987416036
66.6927 0.948436634387
66.8929 0.893582565017
67.0931 1.16995880219
67.2933 1.41694300362
67.4936 0.963935922997
67.6938 0.924533022634
67.894 0.71004112219
68.0942 0.915367600367
68.2945 0.871931855394
68.4947 0.60838211166
68.6949 0.852209117369
68.8951 1.09175618289
69.0954 0.945701404208
69.2956 1.09848253008
69.4958 1.07449095879
69.696 0.988495397315
69.8963 1.0421516953
70.0965 1.36513157501
70.2967 1.22255076308
70.4969 0.697929377425
70.6972 0.927361932465
70.8974 1.0371053336
71.0976 1.18652096528
71.2979 1.10078260026
71.4981 0.700568823928
71.6983 0.71771595146
71.8985 1.05610932067
72.0988 0.943882385651
72.299 0.918646886716
72.4992 1.22134989444
72.6995 1.13691968266
72.8997 0.914819876515
73.0999 0.955595339854
73.3002 0.632489322458
73.5004 1.19951481101
73.7006 1.2952807637
73.9009 1.3965783619
74.1011 0.822123486734
74.3013 0.770364470687
74.5016 0.968635588645
74.7018 0.864442627003
74.902 0.873599962105
75.1023 1.1890010872
75.3025 1.08935681167
75.5027 0.701517462374
75.703 1.16273807523
75.9032 1.03399491224
76.1034 1.23467934248
76.3037 0.947182101947
76.5039 0.561697536114
76.7041 1.04138230365
76.9044 0.940094652479
77.1046 0.921349836701
77.3048 1.03501972554
77.5051 0.907177062825
77.7053 1.04213959486
77.9056 0.890723609205
78.1058 1.55604771613
78.306 0.998110717424
78.5063 1.17294260301
78.7065 1.26204847734
78.9067 1.09955545146
79.107 0.4675557009
79.3072 1.10582931895
79.5075 0.897404452528
79.7077 0.597284305951
79.9079 1.06175711897
80.1082 0.618768680393
80.3084 0.904466321483
80.5087 0.76460052027
80.7089 1.14409810857
80.9091 1.42352409786
81.1094 1.34712768156
81.3096 0.831771378654
81.5099 0.891029863805
81.7101 0.947344587063
81.9104 1.17350150354
82.1106 1.05369591819
82.3108 1.06825002991
82.5111 1.28206166911
82.7113 1.16468290668
82.9116 0.96577674058
83.1118 0.904988742684
83.3121 1.10573833153
83.5123 0.920971190749
83.7126 0.939296649523
83.9128 0.844361181369
84.113 1.15561553985
84.3133 1.02546193199
84.5135 0.992797672642
84.7138 0.687011196211
84.914 0.946657401234
85.1143 1.05232903371
85.3145 0.894712874368
85.5148 0.880375381409
85.715 1.20916738507
85.9153 0.733087576971
86.1155 0.774510383618
86.3158 1.50952054435
86.516 0.662795876255
86.7163 1.0891615093
86.9165 1.12677463318
87.1168 0.921814241623
87.317 1.39186446938
87.5173 1.1997516096
87.7175 0.871309872639
87.9178 0.681696053294
88.118 0.817513064261
88.3183 1.14098822257
88.5185 1.23539270667
88.7188 1.42273792349
88.919 0.950996053471
89.1193 0.977520723678
89.3195 1.07826032623
89.5198 1.09517876087
89.72 0.873601387414
89.9203 1.16457740853
90.1205 1.00747920573
90.3208 1.28739722549
90.521 1.03624453944
90.7213 0.859738853765
90.9216 0.765338436341
91.1218 1.05802439891
91.3221 0.911679958517
91.5223 1.24994858931
91.7226 1.04710642575
91.9228 1.00337853697
92.1231 1.01766587713
92.3233 0.811829846253
92.5236 0.826842153511
92.7239 0.995567107415
92.9241 0.767377013079
93.1244 0.988502580523
93.3246 0.906762412023
93.5249 0.708394576582
93.7252 1.17084015147
93.9254 1.17212097405
94.1257 1.0037550477
94.3259 0.508368013048
94.5262 1.11794674616
94.7264 0.780657090899
94.9267 1.14170533145
95.127 1.04408745163
95.3272 0.862950694433
95.5275 0.999046942513
95.7278 0.845192452381
95.928 0.967629707394
96.1283 1.00696788223
96.3285 1.08605635025
96.5288 1.21607437004
96.7291 1.02535981858
96.9293 0.697283074679
97.1296 0.657620061181
97.3298 0.758289242829
97.5301 1.14604631339
97.7304 0.961272630888
97.9306 0.748940108148
98.1309 0.740368655776
98.3312 0.840086417465
98.5314 1.2110564898
98.7317 1.18202886946
98.932 1.16129195373
99.1322 1.03207595362
99.3325 0.859012644391
99.5328 1.43377460436
99.733 0.879915935553
99.9333 0.876586941152
