-100.0 0.505860753133
-99.8 0.362334854491
-99.6 0.482663951483
-99.4 1.37850947182
-99.2 1.04384025
-99.0 1.22568201558
-98.8 1.49419009344
-98.6 0.608602931537
-98.4 1.56301265502
-98.2 0.453265929944
-98.0 1.55980862264
-97.8 1.48087437916
-97.6 0.753282796817
-97.4 0.723629559789
-97.2 0.958513844206
-97.0 0.806303361727
-96.8 1.01264725323
-96.6 1.84373049158
-96.4 1.04890310042
-96.2 0.551457421912
-95.9999 1.25289593591
-95.7999 1.22794789849
-95.5999 0.518639797525
-95.3999 0.524323460473
-95.1999 1.32702519866
-94.9999 0.0433207665073
-94.7999 1.05092429091
-94.5999 0.214998626413
-94.3999 1.21052457658
-94.1999 1.56437877306
-93.9999 1.25121601028
-93.7999 0.618351808308
-93.5999 0.537649064455
-93.3999 1.38836488868
-93.1999 2.01558226245
-92.9998 0.764754853377
-92.7998 0.992911354915
-92.5998 1.17540289057
-92.3998 2.0830437408
-92.1998 1.76767616274
-91.9998 1.27100776346
-91.7998 0.191782233133
-91.5998 0.34300053998
-91.3998 0.486562741526
-91.1997 1.25702212675
-90.9997 0.739444372509
-90.7997 1.7893099436
-90.5997 1.50026697962
-90.3997 0.840609019041
-90.1997 0.601299988818
-89.9997 1.40064611384
-89.7997 1.49768116134
-89.5996 2.0721942677
-89.3996 1.73059771146
-89.1996 1.40144937453
-88.9996 0.948067984209
-88.7996 0.603858522298
-88.5996 0.500064438562
-88.3996 1.07533455835
-88.1995 1.05662201029
-87.9995 1.63209226809
-87.7995 0.827703175073
-87.5995 0.0969264771276
-87.3995 1.35274625905
-87.1995 0.666462175619
-86.9994 -0.0433581517632
-86.7994 1.35407404594
-86.5994 1.46174190448
-86.3994 0.461092503696
-86.1994 0.76694723082
-85.9994 0.716706028058
-85.7993 0.931626188777
-85.5993 1.37878673559
-85.3993 0.455738596375
-85.1993 0.811317485607
-84.9993 0.151274007771
-84.7992 0.576013424157
-84.5992 0.62162465707
-84.3992 0.856488750218
-84.1992 0.955299453033
-83.9991 0.97888782744
-83.7991 0.867013476467
-83.5991 0.219579693228
-83.3991 0.973504487839
-83.1991 0.290769057828
-82.999 1.37491272314
-82.799 1.33064085966
-82.599 0.859111720213
-82.399 0.792476304817
-82.1989 0.826466810017
-81.9989 1.63978172697
-81.7989 1.33889562386
-81.5989 1.44013068189
-81.3988 0.0270775899664
-81.1988 2.16866571754
-80.9988 1.83707940044
-80.7988 0.473127940378
-80.5987 1.35943709975
-80.3987 0.324105134091
-80.1987 0.409255397051
-79.9987 1.9729734034
-79.7986 1.52019902468
-79.5986 1.35719400352
-79.3986 0.702943469196
-79.1986 1.3910409955
-78.9985 0.31219368097
-78.7985 0.603357422283
-78.5985 1.82371422144
-78.3984 1.19874573781
-78.1984 0.677888020609
-77.9984 0.0522252207278
-77.7984 1.37667685103
-77.5983 1.85004781333
-77.3983 1.51407661327
-77.1983 1.86429619916
-76.9982 1.9696965428
-76.7982 0.205641339549
-76.5982 0.309035386125
-76.3981 0.539859801847
-76.1981 0.441792056716
-75.9981 0.743761332121
-75.798 0.891996673205
-75.598 0.360271646086
-75.398 0.974076129269
-75.198 0.56161828782
-74.9979 0.536904465433
-74.7979 1.15964240178
-74.5978 1.02559706482
-74.3978 0.957659676852
-74.1978 1.03390260445
-73.9977 0.621677626845
-73.7977 1.34523448528
-73.5977 1.08445310278
-73.3976 0.461924964018
-73.1976 1.33221718555
-72.9976 0.935138356941
-72.7975 0.70432463197
-72.5975 1.33228121683
-72.3975 1.73668482815
-72.1974 1.01239761587
-71.9974 0.73706510736
-71.7973 0.140649316791
-71.5973 1.89258947767
-71.3973 1.02048743243
-71.1972 1.91168697484
-70.9972 0.655002660599
-70.7972 0.330584609241
-70.5971 1.06873299407
-70.3971 1.46638045469
-70.197 1.84899759839
-69.997 0.672505602113
-69.797 1.60635982869
-69.5969 1.30648054793
-69.3969 1.64648898234
-69.1968 0.734584697093
-68.9968 0.592496942228
-68.7968 0.333011290176
-68.5967 1.75968208869
-68.3967 0.577559309596
-68.1966 0.461227853948
-67.9966 2.22568101751
-67.7965 0.0235277876022
-67.5965 0.372483935079
-67.3965 1.36930601256
-67.1964 0.374775558259
-66.9964 0.832463041492
-66.7963 1.238786633
-66.5963 1.24162633688
-66.3962 1.72249149235
-66.1962 1.38935224087
-65.9961 1.1972423071
-65.7961 1.17243088804
-65.5961 1.55314073852
-65.396 0.455724163174
-65.196 0.919327979652
-64.9959 1.14281436519
-64.7959 0.756442740495
-64.5958 0.616708625276
-64.3958 0.856679169462
-64.1957 0.757073207349
-63.9957 1.70596151358
-63.7956 0.671252175942
-63.5956 0.903205550054
-63.3955 0.0530742620498
-63.1955 0.0852305786024
-62.9954 1.09088625641
-62.7954 0.718574968984
-62.5953 1.01565785382
-62.3953 0.704815408691
-62.1952 1.2995867674
-61.9952 0.246664494876
-61.7951 1.07781367074
-61.5951 0.605463436164
-61.395 0.355550421659
-61.195 0.862184628362
-60.9949 1.17865636113
-60.7949 2.68364815503
-60.5948 1.7420424753
-60.3948 0.913795930159
-60.1947 1.7493240249
-59.9947 2.10414013592
-59.7946 1.578639142
-59.5946 0.905764531954
-59.3945 1.17108177613
-59.1944 0.138778803922
-58.9944 -0.0456408825133
-58.7943 0.977100834226
-58.5943 0.862179720003
-58.3942 1.23001258353
-58.1942 1.29141425069
-57.9941 0.384515323885
-57.7941 0.309380009777
-57.594 2.32594046667
-57.3939 0.177211664503
-57.1939 1.23964786073
-56.9938 1.29015458784
-56.7938 1.08867278344
-56.5937 1.31972468629
-56.3937 1.66637908018
-56.1936 0.144877346691
-55.9935 0.922708494549
-55.7935 0.760242468381
-55.5934 0.964004509515
-55.3934 0.606903862118
-55.1933 1.08502931315
-54.9932 1.04937555511
-54.7932 1.37182294535
-54.5931 0.712357321475
-54.3931 1.35752527733
-54.193 1.41546216279
-53.9929 1.86228913812
-53.7929 1.58413572483
-53.5928 1.37982321518
-53.3928 0.747362154137
-53.1927 0.940503971607
-52.9926 1.56357760762
-52.7926 0.308612371109
-52.5925 0.12653368362
-52.3924 0.0872273631557
-52.1924 1.62712415347
-51.9923 0.0924314035938
-51.7922 0.113790164022
-51.5922 1.07439928658
-51.3921 1.00355208336
-51.1921 1.37316350296
-50.992 2.34910198039
-50.7919 0.923327057325
-50.5919 1.45703351845
-50.3918 0.436710352901
-50.1917 0.344581382396
-49.9917 -0.0379346646973
-49.7916 0.061337393516
-49.5915 1.06851347252
-49.3915 1.47808698018
-49.1914 1.0687393719
-48.9913 0.0205064982682
-48.7913 0.25705862656
-48.5912 0.106775151695
-48.3911 1.23037968916
-48.191 2.05377071628
-47.991 0.512051952278
-47.7909 0.562474487931
-47.5908 0.897152771151
-47.3908 0.633558524785
-47.1907 0.838134836313
-46.9906 0.548902852579
-46.7906 1.35111047354
-46.5905 1.54231797792
-46.3904 0.868493452845
-46.1903 0.481884837871
-45.9903 2.19840813559
-45.7902 1.81913964332
-45.5901 1.06124126827
-45.3901 1.31570401665
-45.19 0.795826258519
-44.9899 1.03194227195
-44.7898 1.79164849643
-44.5898 0.991897062498
-44.3897 1.76655303958
-44.1896 1.34711029846
-43.9895 0.0841225325215
-43.7895 1.1815355577
-43.5894 0.232688485177
-43.3893 1.4687069855
-43.1892 1.9927202747
-42.9892 1.54266348786
-42.7891 1.41879328988
-42.589 1.20930770164
-42.3889 0.149670689097
-42.1889 0.809765403939
-41.9888 0.955716938057
-41.7887 0.762203101457
-41.5886 0.300112159312
-41.3885 0.934114322523
-41.1885 0.799352514307
-40.9884 0.481130595979
-40.7883 1.26006165879
-40.5882 0.62199843492
-40.3881 1.97414535954
-40.1881 0.555864844483
-39.988 1.03764030632
-39.7879 0.665609082693
-39.5878 0.778918182494
-39.3877 0.686873252014
-39.1877 1.99393567035
-38.9876 1.30772229571
-38.7875 0.819439489903
-38.5874 1.12146639675
-38.3873 0.481399088781
-38.1873 0.663560774103
-37.9872 1.09496846291
-37.7871 0.559989240486
-37.587 0.239338526893
-37.3869 1.01286005954
-37.1868 1.47389327245
-36.9868 0.49522231555
-36.7867 1.83527813345
-36.5866 0.0207430846892
-36.3865 0.498464051711
-36.1864 1.51340488373
-35.9863 0.472269517351
-35.7862 0.766354522168
-35.5862 0.499692840931
-35.3861 1.31154158047
-35.186 0.482145351759
-34.9859 1.56150338624
-34.7858 0.399885413887
-34.5857 1.22846182321
-34.3856 1.15209692679
-34.1856 0.0179766236338
-33.9855 2.00173510178
-33.7854 1.35090687784
-33.5853 0.569271205976
-33.3852 0.681009447172
-33.1851 3.17097601713
-32.985 0.87221803408
-32.7849 1.29036712249
-32.5848 1.22040861522
-32.3847 1.10509903133
-32.1847 1.00085662706
-31.9846 1.83341880377
-31.7845 1.17009209502
-31.5844 0.421415557135
-31.3843 2.06703901889
-31.1842 1.10240654903
-30.9841 1.98127969962
-30.784 0.349952625771
-30.5839 1.02678123281
-30.3838 0.290688530979
-30.1837 0.729989988627
-29.9836 1.04368202472
-29.7836 -0.0091563862057
-29.5835 0.603831390198
-29.3834 -0.110345434941
-29.1833 0.560075995325
-28.9832 0.289891855438
-28.7831 1.14776610549
-28.583 0.328908459077
-28.3829 0.280637085084
-28.1828 1.17964474627
-27.9827 1.6697300026
-27.7826 0.347240701047
-27.5825 0.459537888811
-27.3824 0.048467500174
-27.1823 0.195210670068
-26.9822 0.228468592153
-26.7821 0.28728818545
-26.582 0.628786359927
-26.3819 0.980658750269
-26.1818 0.276279255628
-25.9817 0.124947014861
-25.7816 0.86408468552
-25.5815 0.734462553512
-25.3814 0.442458636502
-25.1813 0.040352114305
-24.9812 1.35135312852
-24.7811 1.96936306838
-24.581 1.59149462491
-24.3809 1.26430219704
-24.1808 0.34548575149
-23.9807 1.75597854326
-23.7806 1.74324613645
-23.5805 0.724750491526
-23.3804 -0.152151884531
-23.1803 -0.124657663385
-22.9802 0.0981307786261
-22.7801 0.386535547515
-22.58 -0.211124604002
-22.3799 1.08686107644
-22.1798 1.51094571286
-21.9797 0.162477705399
-21.7796 1.52701512888
-21.5795 1.68023160696
-21.3794 1.38277586706
-21.1793 -0.00803154869555
-20.9792 1.63871995652
-20.7791 0.486099922514
-20.579 0.139790744966
-20.3789 1.74812862557
-20.1787 1.70135199012
-19.9786 0.108298062188
-19.7785 2.34460475289
-19.5784 1.25995723478
-19.3783 0.264492751968
-19.1782 0.224375166993
-18.9781 0.701126671985
-18.778 1.20981433831
-18.5779 -0.121798516422
-18.3778 0.207164159976
-18.1777 1.64979066233
-17.9776 0.137377743511
-17.7774 0.599215928296
-17.5773 -0.134059207004
-17.3772 0.560433122939
-17.1771 0.541385253876
-16.977 0.516963349953
-16.7769 0.229972456672
-16.5768 0.422616838467
-16.3767 0.425174278217
-16.1766 -0.0157621537449
-15.9764 0.772128792179
-15.7763 1.2217274224
-15.5762 1.61432845967
-15.3761 -0.198013780082
-15.176 1.15887668775
-14.9759 0.364659742849
-14.7758 0.260700335359
-14.5757 0.0827915382749
-14.3755 0.175825750639
-14.1754 0.0242618368975
-13.9753 0.670493715209
-13.7752 -0.10947833089
-13.5751 0.0105071910508
-13.375 0.449715584536
-13.1749 -0.0731892731169
-12.9747 0.185443256487
-12.7746 0.338811352723
-12.5745 0.0439684415084
-12.3744 -0.0548272941718
-12.1743 -0.111452851493
-11.9742 0.0770670400447
-11.774 -0.266835674851
-11.5739 0.445395514694
-11.3738 1.77808436436
-11.1737 0.10415508998
-10.9736 1.15766435535
-10.7734 0.104443333015
-10.5733 2.2716333802
-10.3732 0.771581487854
-10.1731 3.16508570152
-9.97296 0.905348042679
-9.77284 0.0238240727922
-9.57272 0.851621615182
-9.3726 0.906993919995
-9.17248 0.185882354979
-8.97236 0.110626322259
-8.77224 0.423025854867
-8.57211 0.492409873109
-8.37199 -0.246843278643
-8.17187 0.0425506234928
-7.97175 0.139159330665
-7.77163 1.27881772194
-7.5715 0.131653351162
-7.37138 1.19050719558
-7.17125 0.0974859048985
-6.97113 2.99247552773
-6.77101 -0.342451471632
-6.57088 0.167065849235
-6.37076 0.338885880402
-6.17063 0.362588122481
-5.97051 -0.0586591038413
-5.77038 0.298172285341
-5.57025 0.225016289415
-5.37013 0.0376238793036
-5.17 -0.215259354205
-4.96987 -0.0222549481151
-4.76975 1.3374337706
-4.56962 0.163296053376
-4.36949 0.0127209870897
-4.16937 0.167003727637
-3.96924 6.34420932952e-05
-3.76911 -0.181956914966
-3.56898 0.391491443398
-3.36885 0.136897198124
-3.16872 1.88749708209
-2.96859 0.4764465611
-2.76846 0.203700705912
-2.56833 -0.621752297068
-2.3682 0.065195839152
-2.16807 -0.472905998698
-1.96794 -0.0255896803522
-1.76781 0.564205074258
-1.56768 -0.333564877288
-1.36755 0.174141312417
-1.16742 0.284828152493
-0.967284 0.155115365597
-0.767152 0.0182834172431
-0.567019 0.191315577905
-0.366886 0.23187700211
-0.166753 -0.00964962291161
0.0333802 0.0957443874547
0.233514 0.102995832392
0.433648 0.00100173000624
0.633782 0.0607650336704
0.833917 -0.0699661533722
1.03405 0.387716501653
1.23419 0.835826132958
1.43432 0.203235814795
1.63446 0.181991649284
1.83459 0.0160000667492
2.03473 -0.0326626254667
2.23487 0.368614104746
2.435 0.121372284583
2.63514 -0.046873800318
2.83528 0.173796316377
3.03541 -0.0731619899297
3.23555 -0.23359259914
3.43569 -0.064473976657
3.63583 0.052372410309
3.83597 -0.178157604649
4.0361 -0.100861406149
4.23624 0.730528351495
4.43638 0.172771682481
4.63652 0.48311665496
4.83666 0.245393690721
5.0368 -0.00363688342315
5.23694 0.166394883093
5.43708 -0.25810782321
5.63722 -0.112372514662
5.83737 0.145435436436
6.03751 0.2782253742
6.23765 0.116024132779
6.43779 -0.032536949907
6.63793 -0.156965552864
6.83808 0.0864147905154
7.03822 -0.223623631433
7.23836 0.0675283824584
7.4385 0.0622884469195
7.63865 0.322200672235
7.83879 0.21823375525
8.03894 -0.141396660404
8.23908 0.375334842994
8.43923 0.397901039677
8.63937 0.91515019718
8.83951 0.30720684212
9.03966 0.335735953287
9.23981 -0.00704119114267
9.43995 0.105369622579
9.6401 0.0855775481044
9.84025 0.227444316397
10.0404 -0.0718812267647
10.2405 -0.0138949324436
10.4407 0.21112869384
10.6408 0.0420958615134
10.841 0.265742830488
11.0411 -0.186599646863
11.2413 0.0860300985551
11.4414 1.36723806612
11.6416 0.131626941093
11.8417 0.683678615546
12.0419 0.0641841394564
12.242 0.231863749209
12.4422 2.47974727072
12.6423 0.283564243386
12.8425 1.07573905385
13.0426 0.90019841039
13.2428 -0.110444263454
13.4429 0.279472211887
13.6431 0.737136606191
13.8432 1.24949845822
14.0434 1.09303676011
14.2435 0.412487145798
14.4437 1.01024012852
14.6438 0.0565397047015
14.844 0.0548304579553
15.0441 0.469188613898
15.2443 0.684768569117
15.4445 0.157719084294
15.6446 0.823333472896
15.8448 1.03549059477
16.0449 0.22416117022
16.2451 1.75607011152
16.4452 1.34523010198
16.6454 0.822116953441
16.8455 1.12647764766
17.0457 1.01159457342
17.2459 0.213363150099
17.446 1.75800348153
17.6462 0.158610873607
17.8463 0.209216287572
18.0465 0.563414687404
18.2466 0.936413376534
18.4468 0.333834454037
18.647 2.20014801021
18.8471 0.148395602351
19.0473 1.44456864938
19.2474 0.135806750498
19.4476 0.00300093125826
19.6478 -0.110439558888
19.8479 0.331504978502
20.0481 0.613796939039
20.2482 -0.0678301146145
20.4484 0.726496747217
20.6486 -0.0962105445131
20.8487 -0.0564603575547
21.0489 1.55352846089
21.249 0.261422910637
21.4492 1.37390760208
21.6494 0.574117119233
21.8495 0.287764921769
22.0497 0.391923815587
22.2498 0.694250671467
22.45 1.01928639914
22.6502 0.113363543004
22.8503 3.01299156606
23.0505 1.22270072459
23.2507 0.240183169355
23.4508 0.472370894165
23.651 1.19029819503
23.8512 0.305210962529
24.0513 0.209473809754
24.2515 0.173317488972
24.4517 0.671457364088
24.6518 0.958233853199
24.852 1.09455292153
25.0522 1.77056594991
25.2523 1.13672387819
25.4525 1.06862124926
25.6527 1.25962409045
25.8528 0.797138519033
26.053 0.159399576089
26.2532 0.952370931196
26.4533 0.523594503256
26.6535 -0.0187035754584
26.8537 1.03439274538
27.0538 1.22607756922
27.254 0.652962263648
27.4542 1.47833307099
27.6544 0.75972011532
27.8545 0.595343273444
28.0547 0.550776706432
28.2549 2.1098600076
28.455 1.10319518835
28.6552 1.43756823156
28.8554 1.18716055475
29.0556 0.504476363271
29.2557 1.32153668341
29.4559 1.13003657306
29.6561 0.758533323386
29.8562 0.714616920888
30.0564 0.55453855573
30.2566 0.247451877391
30.4568 0.762784685442
30.6569 0.82603596432
30.8571 0.050460288869
31.0573 0.930684064188
31.2575 0.0823193950399
31.4576 1.0939857676
31.6578 1.35310765761
31.858 0.213727243022
32.0582 0.0647409983247
32.2583 0.478637728039
32.4585 0.716114133698
32.6587 1.5519862933
32.8589 0.279873928623
33.0591 1.09106452453
33.2592 1.17004553185
33.4594 2.04906618261
33.6596 1.16770517794
33.8598 1.168107081
34.0599 0.529973170552
34.2601 1.00770712911
34.4603 0.91253788404
34.6605 1.20048397377
34.8607 0.454655425026
35.0608 1.21807048995
35.261 0.842466058143
35.4612 2.38546475948
35.6614 0.452789290103
35.8616 0.921272599956
36.0617 1.38175224286
36.2619 0.41553422651
36.4621 0.157796742725
36.6623 0.880723134854
36.8625 1.80336328936
37.0627 1.62676111243
37.2628 1.67614533345
37.463 1.83516574201
37.6632 0.22106243284
37.8634 1.51281064901
38.0636 1.30086510273
38.2638 0.90594735244
38.4639 1.37731167669
38.6641 1.96097957979
38.8643 0.94095780119
39.0645 1.31199325447
39.2647 1.09877552788
39.4649 1.64130780129
39.6651 2.12959887194
39.8652 1.86608898228
40.0654 0.894554073578
40.2656 1.188747202
40.4658 0.00811137713851
40.666 0.0598172273618
40.8662 0.729821398976
41.0664 0.442610190031
41.2666 0.607267374796
41.4668 0.480673350233
41.6669 1.20565232489
41.8671 0.207389372445
42.0673 1.64971980851
42.2675 2.98585458709
42.4677 1.32269810999
42.6679 0.202248087605
42.8681 0.601200237158
43.0683 1.27138781291
43.2685 0.31551939056
43.4687 0.867590168208
43.6688 0.652301634346
43.869 0.96882737097
44.0692 0.758785809168
44.2694 1.17375794028
44.4696 0.998515055245
44.6698 2.09182127833
44.87 1.31951465228
45.0702 1.22698578433
45.2704 1.59775083098
45.4706 0.782955252896
45.6708 0.649048042482
45.871 1.37770481437
46.0712 0.0990622052861
46.2714 1.14121090485
46.4716 1.04888396943
46.6718 1.00378409
46.8719 1.34587187546
47.0721 0.533019001641
47.2723 0.0948684078717
47.4725 0.147815818839
47.6727 0.927661252089
47.8729 0.0173955907005
48.0731 0.629143036676
48.2733 1.02371741069
48.4735 0.8110755728
48.6737 1.19953981952
48.8739 0.593715008812
49.0741 0.213660574876
49.2743 0.256684786171
49.4745 0.994903456876
49.6747 0.396492149415
49.8749 0.985051535185
50.0751 1.60361545152
50.2753 0.482978168713
50.4755 1.58632476256
50.6757 0.729434191603
50.8759 0.296610242206
51.0761 1.16711665202
51.2763 1.14031770111
51.4765 0.420851105609
51.6767 1.54832692451
51.8769 1.54003310991
52.0771 1.82635458164
52.2773 0.325728829202
52.4775 0.604821443877
52.6777 0.668264601296
52.8779 0.77302169893
53.0782 0.462266913591
53.2784 0.851986584201
53.4786 0.923608863545
53.6788 1.02386320445
53.879 0.830636708494
54.0792 1.21772286163
54.2794 0.456782252971
54.4796 1.97676949104
54.6798 0.507977457053
54.88 1.52893962088
55.0802 1.66153007911
55.2804 1.14806922163
55.4806 1.47590512292
55.6808 0.781226257701
55.881 1.57178476417
56.0812 1.39544460459
56.2815 1.64814206469
56.4817 2.18814446676
56.6819 1.68144443685
56.8821 1.14310727536
57.0823 1.34030979352
57.2825 0.020202589702
57.4827 1.15911892509
57.6829 1.37347729577
57.8831 0.702931829752
58.0833 -0.0491962713917
58.2836 0.777592534998
58.4838 0.525971587729
58.684 0.187394662705
58.8842 1.03505284254
59.0844 0.982807169943
59.2846 0.203914647259
59.4848 0.71661344324
59.685 1.58778502757
59.8853 0.997315950896
60.0855 0.891417836388
60.2857 0.21824188093
60.4859 0.626103169868
60.6861 0.984921709568
60.8863 0.510632959651
61.0865 0.826206089223
61.2868 2.14958742602
61.487 1.21745742914
61.6872 1.2442545043
61.8874 1.20315654793
62.0876 1.187632834
62.2878 1.43618452998
62.4881 0.95122439411
62.6883 0.517557003494
62.8885 0.0303138165945
63.0887 0.684672680787
63.2889 0.439462199028
63.4891 0.517309614241
63.6894 0.1960850389
63.8896 1.10452892343
64.0898 1.98466552933
64.29 0.180253718772
64.4902 0.133720629668
64.6905 1.45645302848
64.8907 1.87472223521
65.0909 1.1506110205
65.2911 -0.0111577924005
65.4913 0.97638980572
65.6916 0.820494816259
65.8918 1.23122368808
66.092 0.433334867773
66.2922 1.16285971141
66.4924 1.00499552482
66.6927 2.05274861494
66.8929 1.27868396345
67.0931 1.21288094919
67.2933 1.45586118004
67.4936 2.29980244312
67.6938 1.69494153405
67.894 0.962847877356
68.0942 1.01360427242
68.2945 0.407740723788
68.4947 0.862008339733
68.6949 0.181477531657
68.8951 0.966498159442
69.0954 1.38175146215
69.2956 1.14087727245
69.4958 1.57607388016
69.696 0.97884303298
69.8963 1.56181872116
70.0965 1.42143329219
70.2967 1.97269515521
70.4969 1.37144725116
70.6972 0.520203759865
70.8974 1.43940985823
71.0976 1.8304150774
71.2979 0.985467339831
71.4981 0.68028044889
71.6983 1.14002443955
71.8985 1.81876223891
72.0988 2.01656013765
72.299 0.760154604809
72.4992 0.543401716596
72.6995 2.27947108504
72.8997 1.0009569903
73.0999 0.351543401996
73.3002 0.214243826943
73.5004 1.25159379315
73.7006 1.05209889401
73.9009 0.335941592007
74.1011 0.688580494464
74.3013 1.22928878414
74.5016 2.00728842189
74.7018 0.426897576688
74.902 0.595495161765
75.1023 0.863097539532
75.3025 2.04067928522
75.5027 0.417454346866
75.703 1.05221458961
75.9032 0.952278046239
76.1034 0.684898936438
76.3037 1.52022414032
76.5039 1.38783226724
76.7041 1.60362079703
76.9044 1.52290100678
77.1046 0.433863326953
77.3048 0.601647767868
77.5051 0.806324690031
77.7053 0.804342069289
77.9056 1.67664976155
78.1058 1.501133461
78.306 0.698478503763
78.5063 0.463723632323
78.7065 0.468110383871
78.9067 0.60273001316
79.107 1.44351555709
79.3072 1.61051795917
79.5075 1.3981352559
79.7077 0.856539616261
79.9079 0.295434912122
80.1082 0.746124352583
80.3084 0.705890414437
80.5087 1.6704135551
80.7089 0.468851431024
80.9091 1.02109504253
81.1094 0.417915244426
81.3096 0.282823735434
81.5099 1.24782591958
81.7101 1.35314147685
81.9104 0.605386721952
82.1106 1.96570052357
82.3108 0.571464527302
82.5111 0.812238062
82.7113 0.369514864632
82.9116 1.97373445268
83.1118 1.35956880883
83.3121 1.96255750206
83.5123 1.87123612274
83.7126 1.65738101191
83.9128 0.297107447085
84.113 0.97508623408
84.3133 0.0899915257134
84.5135 1.70808513774
84.7138 0.850758914844
84.914 1.11381187086
85.1143 0.591826758513
85.3145 -0.0463225159708
85.5148 1.28159544463
85.715 0.711926664567
85.9153 1.20978460108
86.1155 1.38100161701
86.3158 1.02993870117
86.516 0.9503364818
86.7163 1.0056651637
86.9165 1.96821703337
87.1168 0.961479347614
87.317 1.26647220012
87.5173 1.22982466046
87.7175 0.800963759946
87.9178 0.627249482546
88.118 1.5037504153
88.3183 0.132150857121
88.5185 1.12569065824
88.7188 1.31213811366
88.919 0.879302956098
89.1193 1.05417773887
89.3195 1.19949756
89.5198 1.74635497155
89.72 1.00992544263
89.9203 0.603785057356
90.1205 1.30100753428
90.3208 1.44051222449
90.521 2.15404917199
90.7213 0.739238285443
90.9216 1.2069932119
91.1218 1.33277978142
91.3221 1.76376339994
91.5223 1.0630583929
91.7226 0.728432230274
91.9228 0.207756901628
92.1231 1.49569823173
92.3233 0.121407874953
92.5236 0.881666619927
92.7239 0.670765234639
92.9241 0.69919501997
93.1244 1.31822313338
93.3246 1.69049090716
93.5249 0.437200677264
93.7252 0.954693457464
93.9254 1.64358018805
94.1257 0.598961021583
94.3259 1.07648200568
94.5262 0.0853148251469
94.7264 0.346520144456
94.9267 0.674972804813
95.127 0.354872916168
95.3272 0.718810456225
95.5275 -0.00780721840648
95.7278 0.580604246128
95.928 0.637072979743
96.1283 0.807495386135
96.3285 0.261503357019
96.5288 0.396936239839
96.7291 0.409397772529
96.9293 0.57798732604
97.1296 0.973987173456
97.3298 0.612259765429
97.5301 1.6746777524
97.7304 1.67427820742
97.9306 1.26473845476
98.1309 0.629828501025
98.3312 1.28084576133
98.5314 0.688515107645
98.7317 1.05220976921
98.932 1.01758780556
99.1322 1.64952331425
99.3325 0.727203111714
99.5328 0.643392646842
99.733 1.18012228229
99.9333 0.525916691133
