-100.0 0.642365545166
-99.8 1.23675415526
-99.6 1.1141687137
-99.4 0.965646117608
-99.2 0.880663769949
-99.0 1.2658457449
-98.8 1.25860418459
-98.6 1.09554828445
-98.4 1.32982377286
-98.2 1.35236734876
-98.0 1.15099409079
-97.8 1.14092216931
-97.6 1.03293721926
-97.4 0.968547610156
-97.2 0.908804774092
-97.0 1.08535181876
-96.8 1.20709108419
-96.6 0.937691964668
-96.4 1.03274616577
-96.2 0.712280983218
-95.9999 1.33320025874
-95.7999 1.13266879997
-95.5999 1.13785696919
-95.3999 0.711750228432
-95.1999 0.949901258337
-94.9999 0.498242783113
-94.7999 0.709663530814
-94.5999 0.813165778774
-94.3999 1.23411806683
-94.1999 0.82119211133
-93.9999 0.932521846774
-93.7999 1.07439429445
-93.5999 1.1904787404
-93.3999 0.875829371245
-93.1999 0.701738124345
-92.9998 0.498027208897
-92.7998 1.17609830296
-92.5998 0.812485605021
-92.3998 0.753229667286
-92.1998 0.796564664448
-91.9998 1.34040356998
-91.7998 0.826642256534
-91.5998 1.53761012402
-91.3998 0.922325719505
-91.1997 0.706707230671
-90.9997 0.974535087679
-90.7997 0.985009771451
-90.5997 0.975835816314
-90.3997 0.879655993438
-90.1997 1.09421277674
-89.9997 1.03793767016
-89.7997 0.977884099356
-89.5996 0.746100856821
-89.3996 1.00741983768
-89.1996 0.847020255431
-88.9996 1.09448625564
-88.7996 1.00753510538
-88.5996 1.16991806333
-88.3996 1.0133318843
-88.1995 0.721039061193
-87.9995 0.74085146572
-87.7995 1.25555355112
-87.5995 1.23120508876
-87.3995 0.739837533174
-87.1995 1.26146291267
-86.9994 0.825550706841
-86.7994 1.4268798679
-86.5994 1.38548125011
-86.3994 1.02537368118
-86.1994 1.46073392074
-85.9994 1.34699147125
-85.7993 1.07524162006
-85.5993 1.03306467285
-85.3993 0.864772223936
-85.1993 1.10492564901
-84.9993 1.03501873051
-84.7992 1.25345299679
-84.5992 1.21492992381
-84.3992 0.848212132847
-84.1992 1.09167459604
-83.9991 1.28192663604
-83.7991 0.928337619205
-83.5991 1.27585486796
-83.3991 1.02102028174
-83.1991 1.50463690004
-82.999 0.782243407262
-82.799 1.02986213351
-82.599 0.873883432832
-82.399 0.925890932665
-82.1989 1.0988915212
-81.9989 0.968992731602
-81.7989 0.799844341651
-81.5989 0.866971363379
-81.3988 1.00898401707
-81.1988 0.99366252632
-80.9988 0.903583602582
-80.7988 1.08361789866
-80.5987 0.643248180292
-80.3987 1.15875667808
-80.1987 0.718218764584
-79.9987 0.764733983944
-79.7986 0.91367441036
-79.5986 1.00498153161
-79.3986 0.965680685813
-79.1986 1.44973399617
-78.9985 1.00179543446
-78.7985 0.745130106608
-78.5985 1.15338914161
-78.3984 1.12291942625
-78.1984 0.99950038996
-77.9984 1.22300429221
-77.7984 1.02663268821
-77.5983 0.667815912403
-77.3983 1.3852184235
-77.1983 1.04211628225
-76.9982 0.875658743678
-76.7982 1.32701699217
-76.5982 1.03984747232
-76.3981 0.626263280057
-76.1981 1.23844786914
-75.9981 0.516766009667
-75.798 1.09708169018
-75.598 0.871048935262
-75.398 0.854284257072
-75.198 0.889174774767
-74.9979 0.824337895658
-74.7979 0.987171451719
-74.5978 0.83992606065
-74.3978 1.08157112824
-74.1978 1.10194361726
-73.9977 0.897147620489
-73.7977 1.24553121185
-73.5977 1.3542778593
-73.3976 0.876105427368
-73.1976 0.995047359769
-72.9976 1.01750818575
-72.7975 0.970333427455
-72.5975 1.06928368533
-72.3975 0.985172035268
-72.1974 0.802910742973
-71.9974 1.04056208479
-71.7973 1.03108281443
-71.5973 1.10697069973
-71.3973 1.0063234858
-71.1972 0.969971690577
-70.9972 1.01912620352
-70.7972 0.969083522606
-70.5971 0.914197309201
-70.3971 0.972730385293
-70.197 1.04718311157
-69.997 1.07356780544
-69.797 0.841894765697
-69.5969 1.4796009922
-69.3969 0.845517575157
-69.1968 1.14999141126
-68.9968 0.788771812997
-68.7968 0.755123649373
-68.5967 1.03913778169
-68.3967 0.906328517432
-68.1966 1.12452715552
-67.9966 1.18689809852
-67.7965 0.892505574828
-67.5965 1.10452770094
-67.3965 0.711367177108
-67.1964 1.33248673059
-66.9964 0.820644836676
-66.7963 1.20167991618
-66.5963 0.980763820799
-66.3962 0.927658058848
-66.1962 1.13673300952
-65.9961 1.17963341332
-65.7961 1.02305999949
-65.5961 1.08583724703
-65.396 0.808708012547
-65.196 1.40475721883
-64.9959 0.981829908615
-64.7959 1.28192605044
-64.5958 1.09079951725
-64.3958 0.686812218553
-64.1957 0.957952229563
-63.9957 0.942466771578
-63.7956 1.00224396042
-63.5956 1.02514715903
-63.3955 0.889994999687
-63.1955 1.14430185031
-62.9954 0.410862394796
-62.7954 0.967626176904
-62.5953 0.97831881443
-62.3953 1.1261464947
-62.1952 0.880065754033
-61.9952 0.899954981663
-61.7951 0.96385028137
-61.5951 0.552361789246
-61.395 0.758666226965
-61.195 0.896463650604
-60.9949 1.03524568903
-60.7949 0.717271871343
-60.5948 0.859284703826
-60.3948 0.825334800477
-60.1947 0.572707252737
-59.9947 0.990412835162
-59.7946 0.676977851974
-59.5946 0.512546428004
-59.3945 1.2131577233
-59.1944 1.09733685845
-58.9944 1.06770778078
-58.7943 1.1051498729
-58.5943 1.4439785212
-58.3942 0.993126214961
-58.1942 1.04309580161
-57.9941 1.01321199669
-57.7941 1.05208833836
-57.594 0.921681156436
-57.3939 0.611128466553
-57.1939 0.851873369023
-56.9938 1.02925815751
-56.7938 0.681536427714
-56.5937 1.00532423155
-56.3937 1.05778929618
-56.1936 0.934233537059
-55.9935 0.734372913736
-55.7935 1.17249894009
-55.5934 0.944360170405
-55.3934 0.990415808774
-55.1933 1.37847798037
-54.9932 1.03522973281
-54.7932 1.13569704286
-54.5931 1.14014992766
-54.3931 1.14130333627
-54.193 1.27480803363
-53.9929 1.25064549484
-53.7929 1.47114654637
-53.5928 0.687198644302
-53.3928 0.853850613572
-53.1927 0.92875160553
-52.9926 0.994333177829
-52.7926 1.1473646658
-52.5925 1.04605589693
-52.3924 0.874075442802
-52.1924 0.98233636011
-51.9923 0.736857170637
-51.7922 0.972568478666
-51.5922 1.03785193872
-51.3921 0.917445500273
-51.1921 0.990418504065
-50.992 1.17517116592
-50.7919 1.2676118127
-50.5919 1.23848640302
-50.3918 1.03062311625
-50.1917 1.18361497569
-49.9917 0.687271899865
-49.7916 0.97526463352
-49.5915 0.714758421541
-49.3915 0.807415372208
-49.1914 0.592651692736
-48.9913 0.771040752717
-48.7913 0.956856929936
-48.5912 0.4481546631
-48.3911 0.888491530103
-48.191 1.11158208886
-47.991 0.77760392258
-47.7909 1.36562322741
-47.5908 1.05970369153
-47.3908 0.889105445082
-47.1907 1.0460156835
-46.9906 1.00918345117
-46.7906 0.95936470025
-46.5905 1.45812150475
-46.3904 1.05614645045
-46.1903 1.13111762756
-45.9903 0.825055388582
-45.7902 0.824231721427
-45.5901 1.14865989534
-45.3901 1.05676377227
-45.19 0.965229430711
-44.9899 1.01441037379
-44.7898 0.809908459924
-44.5898 0.791922967948
-44.3897 1.09642292245
-44.1896 0.649327136717
-43.9895 0.63430594843
-43.7895 0.994468653343
-43.5894 0.870120826655
-43.3893 0.898741471162
-43.1892 0.789195233462
-42.9892 1.09639262701
-42.7891 1.22286876164
-42.589 1.27896856472
-42.3889 0.596782337378
-42.1889 1.18463787409
-41.9888 1.12207903736
-41.7887 0.969191993815
-41.5886 0.791119672655
-41.3885 1.17532413198
-41.1885 0.610584659039
-40.9884 0.771394964563
-40.7883 0.550392554658
-40.5882 1.23201909483
-40.3881 1.08152824286
-40.1881 0.802746190799
-39.988 0.70772258271
-39.7879 0.797415623585
-39.5878 0.667962031058
-39.3877 0.732273350512
-39.1877 1.25503382591
-38.9876 0.744086350104
-38.7875 0.933694416908
-38.5874 0.747515762581
-38.3873 1.15264722309
-38.1873 1.00487264275
-37.9872 1.04489824347
-37.7871 1.09901053558
-37.587 1.38256957318
-37.3869 0.770055659135
-37.1868 0.893405382492
-36.9868 0.945980047798
-36.7867 1.25194103444
-36.5866 1.05318218559
-36.3865 1.02460406951
-36.1864 0.961728247381
-35.9863 1.0149715785
-35.7862 0.958248371256
-35.5862 0.959689640871
-35.3861 0.916187687883
-35.186 0.594689084806
-34.9859 0.935013252412
-34.7858 1.18379912822
-34.5857 0.802287460034
-34.3856 1.30212945394
-34.1856 1.04963180242
-33.9855 0.990390851055
-33.7854 1.12104271457
-33.5853 1.30209379323
-33.3852 1.16043829088
-33.1851 0.975350005795
-32.985 0.819974392897
-32.7849 0.868681141243
-32.5848 1.22403145634
-32.3847 1.43121347151
-32.1847 1.15523613968
-31.9846 1.65242275775
-31.7845 1.05658375181
-31.5844 0.811810196527
-31.3843 1.22258781237
-31.1842 0.888190182375
-30.9841 1.18306040932
-30.784 0.555129331952
-30.5839 0.936330886654
-30.3838 0.75587517656
-30.1837 1.00894637641
-29.9836 1.17317039983
-29.7836 1.133581031
-29.5835 1.10652825665
-29.3834 1.06662590475
-29.1833 1.1640955417
-28.9832 0.945817388902
-28.7831 0.969749459413
-28.583 1.23170248052
-28.3829 0.947978238353
-28.1828 0.896808826483
-27.9827 0.931469081647
-27.7826 0.748120757192
-27.5825 0.717222087213
-27.3824 1.17723508164
-27.1823 1.10415439035
-26.9822 1.1723241202
-26.7821 0.494258925158
-26.582 0.727308437455
-26.3819 0.953818859956
-26.1818 0.88788493502
-25.9817 0.692040618085
-25.7816 0.775331719504
-25.5815 1.19694831369
-25.3814 1.0316554767
-25.1813 0.804440869392
-24.9812 1.4435308313
-24.7811 1.14622692434
-24.581 1.15811382428
-24.3809 0.693557256782
-24.1808 1.06303716023
-23.9807 1.27500448191
-23.7806 0.714036378359
-23.5805 1.07791718777
-23.3804 0.82019325744
-23.1803 0.345579410549
-22.9802 0.984126878679
-22.7801 0.812002874075
-22.58 0.601120821351
-22.3799 1.51003938524
-22.1798 0.337711497605
-21.9797 0.658814703251
-21.7796 0.721867848381
-21.5795 0.979261266713
-21.3794 0.66980030263
-21.1793 0.885756978913
-20.9792 1.10399848553
-20.7791 1.11260648255
-20.579 0.831241206792
-20.3789 0.707356037556
-20.1787 0.606756872292
-19.9786 0.947615494857
-19.7785 0.882115257998
-19.5784 0.927281357269
-19.3783 0.708278708244
-19.1782 1.03385851693
-18.9781 0.67448152278
-18.778 0.680995759116
-18.5779 0.820669519437
-18.3778 0.976638899754
-18.1777 0.881695083436
-17.9776 1.03368857313
-17.7774 0.817154558648
-17.5773 0.68951249708
-17.3772 1.13431040677
-17.1771 1.23396919566
-16.977 0.338155880453
-16.7769 0.807128183439
-16.5768 0.89747381174
-16.3767 0.681879841985
-16.1766 0.818603020916
-15.9764 0.938728593511
-15.7763 1.10332140203
-15.5762 0.515786128872
-15.3761 0.648429167009
-15.176 1.05989775291
-14.9759 0.956714788134
-14.7758 0.705173546456
-14.5757 0.823810609936
-14.3755 0.671587003886
-14.1754 0.994373581232
-13.9753 0.734860908418
-13.7752 0.721763360143
-13.5751 0.836060588191
-13.375 1.37766372997
-13.1749 0.675260190931
-12.9747 0.979587174542
-12.7746 1.12671896677
-12.5745 1.14752235569
-12.3744 0.517471821718
-12.1743 0.0404520517942
-11.9742 0.83446926401
-11.774 1.70396119395
-11.5739 1.07630576972
-11.3738 1.40867205176
-11.1737 0.947569801033
-10.9736 0.813551010276
-10.7734 0.472387645553
-10.5733 0.726560722938
-10.3732 0.771744097836
-10.1731 0.720321848949
-9.97296 0.344953537938
-9.77284 0.40440413296
-9.57272 1.21520826161
-9.3726 1.15889505869
-9.17248 0.658381683513
-8.97236 0.243291789847
-8.77224 0.545895946254
-8.57211 0.0887490338274
-8.37199 0.299372930454
-8.17187 0.185557977687
-7.97175 0.532115909614
-7.77163 0.887278497828
-7.5715 1.20689468114
-7.37138 0.657012754092
-7.17125 0.165064031755
-6.97113 0.214150406029
-6.77101 0.824209974467
-6.57088 0.941149664191
-6.37076 0.836965030603
-6.17063 0.681332842954
-5.97051 0.993511634972
-5.77038 0.573208027404
-5.57025 0.561269592
-5.37013 0.851753206067
-5.17 0.347778440744
-4.96987 0.499894615343
-4.76975 1.3013605368
-4.56962 0.163733976267
-4.36949 0.489156409643
-4.16937 0.697458948839
-3.96924 0.450729553099
-3.76911 0.190052038825
-3.56898 0.0421886120273
-3.36885 0.657605130236
-3.16872 0.139844323832
-2.96859 0.263613246416
-2.76846 0.199765243955
-2.56833 1.44349563209
-2.3682 0.193768714659
-2.16807 0.194058002905
-1.96794 0.12023093651
-1.76781 0.204283868514
-1.56768 -0.0943588220271
-1.36755 1.32194515542
-1.16742 0.174913115839
-0.967284 -0.0583870859499
-0.767152 -0.067392973629
-0.567019 0.218411153571
-0.366886 -0.211239481915
-0.166753 0.124488642302
0.0333802 -0.115924625166
0.233514 0.0758600582048
0.433648 -0.128962634545
0.633782 0.301609138941
0.833917 0.0749764905348
1.03405 -0.0782695748288
1.23419 -0.156614057203
1.43432 -0.0176227354342
1.63446 0.150496214116
1.83459 0.0507495260522
2.03473 0.573309096437
2.23487 -0.222269733989
2.435 -0.00483031370518
2.63514 -0.00796895041437
2.83528 -0.142730233396
3.03541 0.134135912852
3.23555 -0.0745393472647
3.43569 -0.0326036675818
3.63583 -0.091135494438
3.83597 0.642636276102
4.0361 -0.0528970623747
4.23624 0.133796076388
4.43638 0.175444220413
4.63652 -0.0971188910094
4.83666 0.0412535349167
5.0368 -0.00373393308802
5.23694 0.416628826593
5.43708 0.0259264640748
5.63722 0.0999576444448
5.83737 -0.0616933585221
6.03751 0.0286542229457
6.23765 -0.106744159569
6.43779 -0.158113577967
6.63793 -0.127080250272
6.83808 0.204332638054
7.03822 -0.0913829080113
7.23836 -0.219567134007
7.4385 0.381260823799
7.63865 -0.130005645992
7.83879 0.0215260310351
8.03894 -0.132226604644
8.23908 0.0738839096177
8.43923 0.133445467114
8.63937 0.74086510687
8.83951 0.131468618687
9.03966 0.24384568083
9.23981 0.968461049889
9.43995 0.964265765261
9.6401 -0.0764202836555
9.84025 -0.150337418069
10.0404 0.116975111016
10.2405 0.0263492955778
10.4407 0.159603097581
10.6408 1.22787775866
10.841 0.268585616411
11.0411 1.25251867054
11.2413 0.328615179112
11.4414 0.649069253115
11.6416 0.758214105763
11.8417 1.31780591139
12.0419 0.732342448713
12.242 0.313658325359
12.4422 0.232617724134
12.6423 0.812559338003
12.8425 0.172022830942
13.0426 1.31711947269
13.2428 0.551759060393
13.4429 0.595793317717
13.6431 0.399510099877
13.8432 0.658384481167
14.0434 0.191610632926
14.2435 0.305717519154
14.4437 0.630650823491
14.6438 0.311892771094
14.844 0.168788097052
15.0441 0.194206539245
15.2443 0.426455520572
15.4445 0.0883994312092
15.6446 0.636531333446
15.8448 1.01395016054
16.0449 0.924625631725
16.2451 0.547500585187
16.4452 0.737053622969
16.6454 0.887789726378
16.8455 0.521204934241
17.0457 1.1265237261
17.2459 1.72888612585
17.446 0.409129801815
17.6462 0.794333516095
17.8463 0.839062247018
18.0465 0.639663050448
18.2466 0.921415433749
18.4468 0.773379718096
18.647 1.15685750911
18.8471 0.110105144366
19.0473 0.676561452065
19.2474 0.472349837208
19.4476 0.513304624062
19.6478 0.594448325778
19.8479 0.742308435702
20.0481 0.511571069626
20.2482 0.238617882166
20.4484 0.278839645266
20.6486 0.253487017209
20.8487 1.0183733147
21.0489 0.803549936887
21.249 0.325870240299
21.4492 0.955863858145
21.6494 0.973669174854
21.8495 0.546908549397
22.0497 0.525044301612
22.2498 1.25788413102
22.45 1.38396089462
22.6502 0.858186554534
22.8503 0.835775926314
23.0505 1.62392091999
23.2507 1.02178003095
23.4508 0.200917073549
23.651 0.324216255765
23.8512 0.988107251013
24.0513 0.693930964342
24.2515 0.52304016573
24.4517 0.890081946971
24.6518 1.09672784518
24.852 0.479377604737
25.0522 0.326129819328
25.2523 0.823448552745
25.4525 1.11798169791
25.6527 1.71144420952
25.8528 0.310944966077
26.053 1.15854389863
26.2532 0.604214271222
26.4533 0.828215882957
26.6535 0.89312402669
26.8537 1.17217803196
27.0538 0.94563532814
27.254 0.979348822723
27.4542 1.12645946417
27.6544 0.468746720445
27.8545 1.09857774876
28.0547 0.945716672995
28.2549 1.19913775846
28.455 1.27260491984
28.6552 0.790215663343
28.8554 0.909087931885
29.0556 0.983956263462
29.2557 1.15637151821
29.4559 0.779256933165
29.6561 0.659197162184
29.8562 0.863504228433
30.0564 0.934993350234
30.2566 1.30646773218
30.4568 0.97577266584
30.6569 1.01063041901
30.8571 1.07334825136
31.0573 1.07466090516
31.2575 0.694599124785
31.4576 1.12627866643
31.6578 1.21756895826
31.858 1.324917183
32.0582 1.27604308681
32.2583 1.296289071
32.4585 0.833835906232
32.6587 1.07209889773
32.8589 1.26377927806
33.0591 1.22033411408
33.2592 0.948454385209
33.4594 0.686414560938
33.6596 1.15848832466
33.8598 0.903006678505
34.0599 0.733530590952
34.2601 0.858596261274
34.4603 0.787812367857
34.6605 0.652309485762
34.8607 1.111929233
35.0608 0.832639745514
35.261 0.568077971309
35.4612 1.12987846241
35.6614 0.5834265184
35.8616 0.552980564297
36.0617 0.639106039581
36.2619 0.968942206263
36.4621 1.06639135118
36.6623 1.0292866291
36.8625 0.637998662116
37.0627 0.828954207933
37.2628 1.15652796661
37.463 1.16374877594
37.6632 1.08097223901
37.8634 1.05978004577
38.0636 1.03662817486
38.2638 1.03130603751
38.4639 1.10285451068
38.6641 1.25589273209
38.8643 0.823145379621
39.0645 1.22604972111
39.2647 0.663706694714
39.4649 0.821491783175
39.6651 0.936469208104
39.8652 1.01123685584
40.0654 0.968737126221
40.2656 0.875324052179
40.4658 0.844064817378
40.666 0.92389820191
40.8662 1.50109938395
41.0664 0.868474666834
41.2666 1.29205494784
41.4668 0.971958053123
41.6669 0.791528743125
41.8671 1.06535549661
42.0673 0.678688104965
42.2675 1.07559709242
42.4677 1.58550507292
42.6679 0.948577004179
42.8681 1.04435151694
43.0683 1.01521458062
43.2685 0.817864947142
43.4687 0.959970393007
43.6688 1.18539774109
43.869 0.699762248506
44.0692 1.25430139098
44.2694 1.38433968477
44.4696 0.585049326704
44.6698 0.872265583819
44.87 0.636937330909
45.0702 0.790592028751
45.2704 1.11430202242
45.4706 1.11046652698
45.6708 0.999688814287
45.871 0.635741093814
46.0712 0.877747645313
46.2714 0.745065164736
46.4716 1.1176850012
46.6718 0.990589660909
46.8719 0.777218011104
47.0721 0.647482627962
47.2723 1.0972416992
47.4725 1.0955466603
47.6727 0.892540682582
47.8729 0.885215783982
48.0731 0.347950398953
48.2733 1.09119124816
48.4735 0.86056137957
48.6737 1.1032753282
48.8739 0.90423118439
49.0741 1.0440122878
49.2743 0.784473601683
49.4745 1.20418837745
49.6747 1.0961228697
49.8749 0.658798999752
50.0751 0.819027000379
50.2753 1.30519230458
50.4755 0.750633191158
50.6757 0.693551023866
50.8759 1.24819490431
51.0761 1.07843022746
51.2763 0.813311932172
51.4765 1.24600691113
51.6767 1.0365834272
51.8769 0.655776260566
52.0771 0.952707193605
52.2773 0.904002364755
52.4775 0.983810155784
52.6777 0.94689167529
52.8779 0.722757473751
53.0782 0.921339751723
53.2784 0.757319777673
53.4786 0.861253552293
53.6788 0.850706444762
53.879 1.05628654589
54.0792 1.25033869852
54.2794 0.686741111893
54.4796 0.784943200062
54.6798 1.03152265112
54.88 0.314937563008
55.0802 0.597056946766
55.2804 0.927211897616
55.4806 0.954370030034
55.6808 0.743395266265
55.881 0.724699916984
56.0812 1.0874274629
56.2815 0.968349877334
56.4817 0.820980902077
56.6819 0.996376307933
56.8821 0.709385026398
57.0823 1.20411158095
57.2825 0.797695137855
57.4827 1.09525900675
57.6829 1.19288326377
57.8831 0.663837084995
58.0833 0.890917998007
58.2836 0.445955920546
58.4838 0.757190497407
58.684 0.930269186078
58.8842 1.00714737219
59.0844 0.970068456491
59.2846 1.15672821493
59.4848 0.928145106824
59.685 0.607247295191
59.8853 0.990169321111
60.0855 0.792513207186
60.2857 1.12422525754
60.4859 0.92268448955
60.6861 1.33315550096
60.8863 1.39912422947
61.0865 1.18827990512
61.2868 0.977229431743
61.487 1.08315254271
61.6872 1.30327111849
61.8874 1.06985688645
62.0876 1.00653426996
62.2878 0.984365278034
62.4881 0.947307890977
62.6883 0.942166250492
62.8885 1.20136675613
63.0887 1.03917934252
63.2889 1.16284749761
63.4891 0.900622391824
63.6894 0.973365725477
63.8896 0.587276517303
64.0898 0.972959124455
64.29 1.1086456878
64.4902 0.679736087923
64.6905 0.940721712692
64.8907 1.19253619699
65.0909 0.859323463072
65.2911 1.3847981287
65.4913 1.19826501412
65.6916 1.02125232665
65.8918 0.381015997837
66.092 0.899231226938
66.2922 1.08089188735
66.4924 0.925578448505
66.6927 1.37555273138
66.8929 1.00663944745
67.0931 1.14712416715
67.2933 0.848480000141
67.4936 1.5349628331
67.6938 1.07316837639
67.894 0.828197464953
68.0942 0.988733216045
68.2945 1.04474714236
68.4947 0.913422239762
68.6949 0.738532217476
68.8951 1.16827529726
69.0954 1.00414309775
69.2956 1.04835041657
69.4958 0.796257115676
69.696 1.34972833659
69.8963 0.919168284076
70.0965 0.746573928117
70.2967 1.08367525398
70.4969 0.569319948073
70.6972 1.02040857693
70.8974 1.20967541503
71.0976 0.773284312516
71.2979 0.800196017309
71.4981 0.91932466475
71.6983 1.04605821039
71.8985 0.724408445016
72.0988 0.791521342485
72.299 1.16370068918
72.4992 0.923425400921
72.6995 0.694835983473
72.8997 1.12128193038
73.0999 1.21485469917
73.3002 1.22589158893
73.5004 1.47715354795
73.7006 1.14980194771
73.9009 0.916261086919
74.1011 0.834168383469
74.3013 0.903650988572
74.5016 1.25600239233
74.7018 1.03318627423
74.902 1.25068486622
75.1023 1.3049230647
75.3025 0.938133304114
75.5027 1.13662022141
75.703 0.984781389727
75.9032 0.901576473489
76.1034 0.991210178141
76.3037 0.942329463549
76.5039 1.00701024605
76.7041 1.19036506182
76.9044 1.04038715672
77.1046 0.725122678642
77.3048 0.952619346208
77.5051 1.30114391444
77.7053 1.34060449881
77.9056 1.05034695979
78.1058 0.884375323502
78.306 1.09017882641
78.5063 1.25495361801
78.7065 1.23511021075
78.9067 0.892594554123
79.107 0.760169697189
79.3072 0.67643246393
79.5075 1.05401504249
79.7077 1.12211400582
79.9079 0.754336531382
80.1082 1.00097634765
80.3084 0.928166619066
80.5087 0.867237791371
80.7089 0.74154610833
80.9091 1.29157189807
81.1094 0.839140621536
81.3096 0.790284018209
81.5099 0.842449085615
81.7101 0.993577284241
81.9104 1.19352057329
82.1106 0.756212792522
82.3108 0.781585402345
82.5111 0.989131784452
82.7113 0.944886864066
82.9116 0.677944326278
83.1118 0.737060676864
83.3121 0.841976350207
83.5123 1.28689359447
83.7126 1.15302184685
83.9128 1.03958422506
84.113 1.10442565344
84.3133 0.59686322236
84.5135 0.387973191076
84.7138 0.948540318981
84.914 0.989095608591
85.1143 0.807974259056
85.3145 1.04723350007
85.5148 0.766602355076
85.715 0.665595656328
85.9153 0.817017432253
86.1155 1.39191038306
86.3158 1.1832044441
86.516 0.770347055795
86.7163 1.15886182486
86.9165 1.03697465224
87.1168 0.745790940317
87.317 0.820783511194
87.5173 0.950269217751
87.7175 1.02740474567
87.9178 0.558898962426
88.118 1.27157970777
88.3183 0.917587787651
88.5185 1.20304778954
88.7188 1.7392097011
88.919 1.19871722878
89.1193 0.886500417004
89.3195 0.937139121903
89.5198 0.850434430351
89.72 0.533808582013
89.9203 0.780104352105
90.1205 1.37386379861
90.3208 0.943671098836
90.521 1.00049348574
90.7213 1.14316042152
90.9216 1.03083769187
91.1218 1.33686243718
91.3221 1.07389373703
91.5223 1.04755475775
91.7226 0.964256789426
91.9228 1.01519944753
92.1231 1.23362933041
92.3233 0.782580397824
92.5236 0.585597427044
92.7239 1.25680533354
92.9241 1.03351886176
93.1244 1.42213164701
93.3246 0.970458830555
93.5249 0.890705064011
93.7252 1.11709865089
93.9254 1.01488173437
94.1257 1.00893207002
94.3259 1.18436723094
94.5262 1.07310184791
94.7264 0.937076080214
94.9267 1.34780866426
95.127 0.650886316032
95.3272 1.04527864287
95.5275 1.29990274746
95.7278 1.10849128207
95.928 0.884716335385
96.1283 1.27449172069
96.3285 1.04570555446
96.5288 0.96692015197
96.7291 1.19067370413
96.9293 0.820840877861
97.1296 1.04185799675
97.3298 1.13758338682
97.5301 0.892121073153
97.7304 0.696627711554
97.9306 0.991076955341
98.1309 1.17618553638
98.3312 0.928822054365
98.5314 0.815758824095
98.7317 1.02159575704
98.932 1.14433545269
99.1322 1.05002552923
99.3325 1.00088145602
99.5328 0.937858397543
99.733 1.00317386518
99.9333 0.941100676778
