-100.0 1.01463107919
-99.8 0.821541554352
-99.6 0.995705734568
-99.4 0.843527916992
-99.2 1.13855734987
-99.0 1.06144361659
-98.8 0.985275672896
-98.6 1.34037941868
-98.4 0.949117469738
-98.2 1.12321106306
-98.0 0.991659432422
-97.8 1.13902772622
-97.6 1.0757429008
-97.4 0.766114916485
-97.2 1.09322574233
-97.0 1.0663670104
-96.8 0.94176844965
-96.6 1.14839388554
-96.4 0.998612782498
-96.2 1.28559383546
-95.9999 1.08340356348
-95.7999 1.00664330532
-95.5999 0.964434746
-95.3999 0.978379562478
-95.1999 1.06312411907
-94.9999 0.802823711631
-94.7999 1.05366315169
-94.5999 1.12660828933
-94.3999 1.06452485122
-94.1999 1.08050303533
-93.9999 1.16263282723
-93.7999 1.04480485207
-93.5999 0.918333170432
-93.3999 1.06614900954
-93.1999 0.918791075163
-92.9998 1.00847393895
-92.7998 1.00698085911
-92.5998 1.07051999259
-92.3998 1.17610766752
-92.1998 1.08949330092
-91.9998 1.16389021755
-91.7998 1.15388840995
-91.5998 0.989764315508
-91.3998 0.946652803262
-91.1997 0.88559147566
-90.9997 1.03969484821
-90.7997 1.08499578705
-90.5997 1.03390993097
-90.3997 0.910733304779
-90.1997 1.11926477341
-89.9997 0.946378068475
-89.7997 1.17992029537
-89.5996 1.02703677095
-89.3996 0.987447778298
-89.1996 0.973679990481
-88.9996 1.25358499683
-88.7996 0.739990432346
-88.5996 0.7887121763
-88.3996 1.02931502887
-88.1995 1.02494653111
-87.9995 0.966990866458
-87.7995 1.03618356372
-87.5995 0.948075094377
-87.3995 1.04017588117
-87.1995 1.23516331
-86.9994 0.904055293097
-86.7994 0.946389046127
-86.5994 1.05444297193
-86.3994 1.01241221884
-86.1994 0.974287371294
-85.9994 1.03409405436
-85.7993 0.965912530428
-85.5993 1.15374753932
-85.3993 0.934810953682
-85.1993 1.12650546981
-84.9993 0.792839840269
-84.7992 0.952546342052
-84.5992 0.97320544307
-84.3992 1.01259095469
-84.1992 1.23234154451
-83.9991 0.876821381855
-83.7991 0.80024100994
-83.5991 0.768074213462
-83.3991 0.904589561915
-83.1991 0.941339104659
-82.999 1.10157307502
-82.799 1.11625661325
-82.599 1.13441553982
-82.399 0.80376400598
-82.1989 0.819605460525
-81.9989 0.888878955371
-81.7989 0.969787032391
-81.5989 0.957894203186
-81.3988 0.903729730743
-81.1988 0.985862930987
-80.9988 0.775154178212
-80.7988 0.982792704398
-80.5987 1.14168132961
-80.3987 0.794697423298
-80.1987 0.99553825868
-79.9987 0.925107054978
-79.7986 1.06458991825
-79.5986 0.853625160601
-79.3986 0.833091768781
-79.1986 0.9624726901
-78.9985 0.992840415896
-78.7985 0.987993294043
-78.5985 0.824901574224
-78.3984 1.04804908658
-78.1984 1.1753297129
-77.9984 0.897655594199
-77.7984 1.20809626099
-77.5983 1.03576410682
-77.3983 1.12588931971
-77.1983 0.911570125135
-76.9982 0.929263371471
-76.7982 1.01896689817
-76.5982 1.01408566868
-76.3981 1.12116103192
-76.1981 0.92867679621
-75.9981 1.17339316868
-75.798 1.03353817526
-75.598 0.96673066497
-75.398 0.990059030178
-75.198 0.894194804077
-74.9979 0.891493970128
-74.7979 0.736198959648
-74.5978 0.962120423473
-74.3978 1.04553547296
-74.1978 0.960526936071
-73.9977 1.1035297418
-73.7977 0.968147162288
-73.5977 0.748326737817
-73.3976 0.780255989398
-73.1976 1.03418864322
-72.9976 1.02200761768
-72.7975 1.1018912461
-72.5975 0.894413256874
-72.3975 0.799425764896
-72.1974 0.926370675818
-71.9974 1.05617788878
-71.7973 1.03323165664
-71.5973 0.812801613602
-71.3973 0.744417215289
-71.1972 0.881368965173
-70.9972 1.09726786925
-70.7972 1.1622278542
-70.5971 1.06064089906
-70.3971 1.14332168774
-70.197 0.8938923644
-69.997 0.909951200269
-69.797 1.43714303445
-69.5969 1.01817568864
-69.3969 0.869847945047
-69.1968 0.805001937385
-68.9968 0.950443263591
-68.7968 1.07757522392
-68.5967 0.916128663056
-68.3967 1.00974844303
-68.1966 0.792503172272
-67.9966 1.0914448745
-67.7965 0.964559288336
-67.5965 1.07846841179
-67.3965 0.957236948308
-67.1964 0.931087926492
-66.9964 0.954837781659
-66.7963 1.10495341974
-66.5963 0.969788814939
-66.3962 1.19007383798
-66.1962 1.21154822265
-65.9961 1.22309099018
-65.7961 1.18718165081
-65.5961 1.10454169844
-65.396 0.792119351635
-65.196 0.75443296996
-64.9959 1.00892895581
-64.7959 0.942406949377
-64.5958 1.13834732558
-64.3958 0.963076889915
-64.1957 0.908073863378
-63.9957 0.941168496869
-63.7956 1.1174648952
-63.5956 0.985214446819
-63.3955 0.884626305996
-63.1955 1.03760279498
-62.9954 0.881568347862
-62.7954 1.08333518474
-62.5953 1.08300948469
-62.3953 1.05719879284
-62.1952 1.09551210391
-61.9952 1.20467922846
-61.7951 0.970259625089
-61.5951 0.99041993987
-61.395 0.796558835381
-61.195 0.921404465207
-60.9949 1.03754839486
-60.7949 1.08704950233
-60.5948 0.868144320447
-60.3948 1.03406016426
-60.1947 1.04511297502
-59.9947 1.14611791106
-59.7946 0.994097582688
-59.5946 0.913879143688
-59.3945 0.86802667808
-59.1944 1.15053217207
-58.9944 0.972889148123
-58.7943 0.865751523079
-58.5943 1.07984893205
-58.3942 0.962329388319
-58.1942 1.01848779396
-57.9941 0.979444422475
-57.7941 0.890538176681
-57.594 0.982755694519
-57.3939 1.0422472323
-57.1939 0.73398521763
-56.9938 1.06898810255
-56.7938 0.783056058356
-56.5937 0.856271120572
-56.3937 1.19520970398
-56.1936 1.05948174964
-55.9935 1.1375297882
-55.7935 0.811528600018
-55.5934 1.07251337958
-55.3934 1.05785430088
-55.1933 0.956671835392
-54.9932 0.889532613693
-54.7932 1.07938091359
-54.5931 1.08869933566
-54.3931 0.852340375796
-54.193 0.844898137074
-53.9929 0.980192313991
-53.7929 0.922442568323
-53.5928 1.19564545769
-53.3928 1.01232317867
-53.1927 0.925378397375
-52.9926 1.01535904335
-52.7926 1.03787794327
-52.5925 0.865628737566
-52.3924 1.15075114383
-52.1924 0.991772635114
-51.9923 0.985490539528
-51.7922 0.905862187489
-51.5922 1.01432668462
-51.3921 1.03411009689
-51.1921 0.892504130267
-50.992 0.985409404618
-50.7919 0.807255970969
-50.5919 0.986851183045
-50.3918 0.719455437728
-50.1917 0.967045476593
-49.9917 1.04869296995
-49.7916 0.952622875301
-49.5915 1.00751983223
-49.3915 0.967255409863
-49.1914 1.17453733961
-48.9913 0.986704146979
-48.7913 0.908610617217
-48.5912 1.05806342672
-48.3911 0.817777129673
-48.191 1.00002602229
-47.991 1.03189954337
-47.7909 1.01165735105
-47.5908 0.878889992723
-47.3908 0.829222365452
-47.1907 1.11321365499
-46.9906 1.03035116087
-46.7906 1.12690810499
-46.5905 1.26430707972
-46.3904 0.983270897404
-46.1903 1.05759630894
-45.9903 0.75608139552
-45.7902 1.16194789553
-45.5901 0.986676692747
-45.3901 1.04465797849
-45.19 0.813440550993
-44.9899 1.03550693862
-44.7898 1.04613323864
-44.5898 1.14945140496
-44.3897 0.774464706873
-44.1896 0.65685981123
-43.9895 0.854512830101
-43.7895 0.893190226086
-43.5894 1.10047049808
-43.3893 0.953328675709
-43.1892 1.04857885046
-42.9892 1.06649616699
-42.7891 1.02837516056
-42.589 0.88524849977
-42.3889 0.821189596053
-42.1889 0.921495830989
-41.9888 0.907171141834
-41.7887 0.824145334471
-41.5886 1.25247752409
-41.3885 1.05305518892
-41.1885 1.01448255669
-40.9884 0.938648684056
-40.7883 0.884749665661
-40.5882 1.0685986935
-40.3881 1.06544604462
-40.1881 1.0687106132
-39.988 0.924758466083
-39.7879 1.13971866722
-39.5878 0.914754463062
-39.3877 0.844762173277
-39.1877 1.0833020824
-38.9876 1.21169094708
-38.7875 1.11723697805
-38.5874 0.880810322448
-38.3873 1.02837081263
-38.1873 0.966055203687
-37.9872 0.931403113763
-37.7871 1.08929138797
-37.587 1.02694248665
-37.3869 0.940162293215
-37.1868 0.967962320834
-36.9868 0.967218081869
-36.7867 1.13663047273
-36.5866 0.764211718007
-36.3865 0.823270964284
-36.1864 1.04477312696
-35.9863 1.10105381371
-35.7862 1.1640837755
-35.5862 1.01753425211
-35.3861 1.06371447115
-35.186 1.19874887908
-34.9859 0.841935028203
-34.7858 1.02651391754
-34.5857 1.0441257561
-34.3856 0.892016273636
-34.1856 0.927642442292
-33.9855 1.16559563171
-33.7854 1.10484852121
-33.5853 0.852576378318
-33.3852 0.737051034471
-33.1851 0.797088166079
-32.985 0.81726684041
-32.7849 0.887215757899
-32.5848 1.19890196805
-32.3847 0.968424335116
-32.1847 1.09042498827
-31.9846 1.24097060653
-31.7845 0.87243264866
-31.5844 1.0449634184
-31.3843 0.889865427841
-31.1842 0.920494270166
-30.9841 0.826874518261
-30.784 0.966908220898
-30.5839 1.02066833118
-30.3838 0.947931662
-30.1837 1.01356979259
-29.9836 1.04788743974
-29.7836 1.03386830323
-29.5835 0.900842402164
-29.3834 0.912902156492
-29.1833 1.37268683984
-28.9832 1.00467605672
-28.7831 1.21284692701
-28.583 0.937785859177
-28.3829 0.930002722388
-28.1828 0.996141152314
-27.9827 1.06206446572
-27.7826 1.04456095107
-27.5825 0.975745499165
-27.3824 0.962430422251
-27.1823 1.03917598659
-26.9822 0.973958745492
-26.7821 0.908519874059
-26.582 1.11006298629
-26.3819 0.925357859236
-26.1818 1.21771675672
-25.9817 1.02124820811
-25.7816 0.845017591144
-25.5815 1.04780268483
-25.3814 0.821419312274
-25.1813 1.23092448582
-24.9812 1.29182918681
-24.7811 1.08392968336
-24.581 1.05007388237
-24.3809 1.01185178844
-24.1808 1.09598588066
-23.9807 1.0789470459
-23.7806 1.21289413201
-23.5805 1.01682065354
-23.3804 0.885342376565
-23.1803 1.09471898282
-22.9802 0.995563405502
-22.7801 0.93080234937
-22.58 1.09031841772
-22.3799 1.00379372724
-22.1798 1.05274149834
-21.9797 1.01672327261
-21.7796 0.852211665046
-21.5795 1.17021444888
-21.3794 0.983875221286
-21.1793 0.99890127388
-20.9792 0.893161965764
-20.7791 0.999656276497
-20.579 0.82145209085
-20.3789 0.863151776811
-20.1787 1.02629193303
-19.9786 1.05496307488
-19.7785 0.821706527944
-19.5784 0.901271879432
-19.3783 0.827296770746
-19.1782 1.01294884261
-18.9781 0.836986509036
-18.778 1.02136524181
-18.5779 0.827268522499
-18.3778 0.917725798016
-18.1777 1.08279606898
-17.9776 1.04538787738
-17.7774 0.907988606716
-17.5773 0.9666698128
-17.3772 1.04296671922
-17.1771 1.09252101011
-16.977 0.971774707978
-16.7769 0.98660141232
-16.5768 1.14682461524
-16.3767 0.846405089102
-16.1766 0.781372457182
-15.9764 0.777432399558
-15.7763 0.537274137767
-15.5762 0.792888145594
-15.3761 0.964695674458
-15.176 0.852501866998
-14.9759 0.726952209106
-14.7758 0.840598196766
-14.5757 0.94295121155
-14.3755 0.811714559035
-14.1754 0.86815658405
-13.9753 0.96859750389
-13.7752 1.05693462559
-13.5751 0.813782850403
-13.375 0.961916262693
-13.1749 0.896589038377
-12.9747 1.07674066088
-12.7746 0.967687998804
-12.5745 0.88227552214
-12.3744 0.783140971145
-12.1743 0.587724956828
-11.9742 0.795624750252
-11.774 0.950157488388
-11.5739 0.767996147631
-11.3738 0.713339202192
-11.1737 0.832812829843
-10.9736 1.04893796088
-10.7734 1.06356378047
-10.5733 1.10646436709
-10.3732 0.859453754843
-10.1731 1.03832812368
-9.97296 1.02741767641
-9.77284 1.01408561541
-9.57272 0.723006404793
-9.3726 1.07654751107
-9.17248 0.727121536136
-8.97236 0.762717579965
-8.77224 0.633585103399
-8.57211 0.74595000607
-8.37199 0.957066093747
-8.17187 0.782972311219
-7.97175 1.07298925941
-7.77163 1.1523288485
-7.5715 1.16719164409
-7.37138 0.714553108793
-7.17125 0.537693029811
-6.97113 0.972535813495
-6.77101 1.08864913183
-6.57088 0.752643199883
-6.37076 0.312516086688
-6.17063 0.534327498863
-5.97051 0.756867031712
-5.77038 0.939566242215
-5.57025 0.703220231817
-5.37013 0.814772366154
-5.17 1.14486302812
-4.96987 0.861241618156
-4.76975 0.891796542994
-4.56962 0.306014950724
-4.36949 0.801540957223
-4.16937 0.493614052969
-3.96924 0.573051676842
-3.76911 0.35841589183
-3.56898 0.465194087037
-3.36885 0.67760006939
-3.16872 0.631494311867
-2.96859 0.474897786066
-2.76846 0.746122710954
-2.56833 0.670081311965
-2.3682 0.0802029733158
-2.16807 0.509921838515
-1.96794 0.495557541785
-1.76781 0.0958275457974
-1.56768 0.089299475804
-1.36755 0.611044578755
-1.16742 0.598169314192
-0.967284 0.847138326875
-0.767152 0.504149770905
-0.567019 0.237411822757
-0.366886 0.756176569439
-0.166753 0.242740924513
0.0333802 0.508004090182
0.233514 0.14840462475
0.433648 0.346366301537
0.633782 0.440346534949
0.833917 0.141727323359
1.03405 0.340475686918
1.23419 0.848682741282
1.43432 0.149627758815
1.63446 0.216759906587
1.83459 0.114896597554
2.03473 0.133733353818
2.23487 0.0538008547532
2.435 0.0769506343728
2.63514 0.109268300674
2.83528 0.0469546917965
3.03541 0.0215071694171
3.23555 0.0855690443591
3.43569 -0.0485478229216
3.63583 -0.0190070273571
3.83597 -0.0287724702294
4.0361 -0.0206968832344
4.23624 0.0381459112681
4.43638 -0.159835260438
4.63652 -0.0613569176945
4.83666 0.0220162643265
5.0368 -0.0285182302526
5.23694 0.0181356249101
5.43708 -0.0525941787224
5.63722 0.0444751195237
5.83737 0.127812518986
6.03751 0.142542005947
6.23765 0.0896333745652
6.43779 0.0240253415902
6.63793 -0.005150963465
6.83808 0.106683187498
7.03822 0.0233640577712
7.23836 0.858576562927
7.4385 0.670193531473
7.63865 0.608336821114
7.83879 0.411970507381
8.03894 1.00687804
8.23908 0.300857864184
8.43923 0.164861846293
8.63937 0.189440815478
8.83951 0.263810608345
9.03966 0.559035469134
9.23981 0.254129082326
9.43995 0.451341907201
9.6401 0.727537370119
9.84025 0.358385123793
10.0404 0.252247682859
10.2405 0.586197067613
10.4407 0.534745542197
10.6408 0.423735262906
10.841 0.830873017387
11.0411 0.682429170813
11.2413 0.496932000758
11.4414 1.03920306067
11.6416 0.47754642979
11.8417 0.812944874815
12.0419 0.685609081017
12.242 0.606937259956
12.4422 0.493564055934
12.6423 0.729939136754
12.8425 0.835739412177
13.0426 0.667929367395
13.2428 0.324585406407
13.4429 0.51904483729
13.6431 0.216894202669
13.8432 0.236711609724
14.0434 0.269802034024
14.2435 0.0572879125066
14.4437 0.107697365971
14.6438 0.341820577709
14.844 0.307210033342
15.0441 0.0550184303979
15.2443 0.325286075673
15.4445 -0.122807290391
15.6446 0.0569845588186
15.8448 0.0578259418786
16.0449 -0.0322942117063
16.2451 0.133368234116
16.4452 0.098716143924
16.6454 0.111579589345
16.8455 0.126486834294
17.0457 0.11394754584
17.2459 0.18753887143
17.446 0.121694157308
17.6462 0.283208541488
17.8463 0.874867555873
18.0465 0.332329639787
18.2466 0.949873473522
18.4468 0.748528071301
18.647 1.04543529462
18.8471 0.496766828959
19.0473 0.895384780755
19.2474 0.849297699006
19.4476 0.893849382433
19.6478 0.730000968751
19.8479 0.976714261126
20.0481 1.39752498784
20.2482 0.893368648894
20.4484 0.574811687898
20.6486 0.577510793125
20.8487 1.0491070183
21.0489 0.597150436124
21.249 1.01552566462
21.4492 0.809612463455
21.6494 0.905628042191
21.8495 1.28134986126
22.0497 0.970776298896
22.2498 0.776030411909
22.45 1.29202074049
22.6502 1.16096268979
22.8503 0.602147082827
23.0505 0.915048616254
23.2507 0.857642570517
23.4508 1.04496735771
23.651 0.782436618804
23.8512 0.803239327028
24.0513 0.826221885533
24.2515 0.856404314513
24.4517 0.864072164559
24.6518 0.808068633569
24.852 0.630711798756
25.0522 0.969868672054
25.2523 0.674480289124
25.4525 0.704040351524
25.6527 0.691116203792
25.8528 0.698936181236
26.053 0.797072666324
26.2532 0.955108045738
26.4533 1.00081927732
26.6535 0.681168133354
26.8537 0.88659441311
27.0538 0.791240353138
27.254 0.909140195821
27.4542 0.84438782306
27.6544 0.951210923508
27.8545 0.916587456813
28.0547 1.18845689347
28.2549 1.06193981022
28.455 0.803926736669
28.6552 0.893052274056
28.8554 0.908400257618
29.0556 0.926969346738
29.2557 0.82742940632
29.4559 0.997934519615
29.6561 0.88701944917
29.8562 0.881569787651
30.0564 1.17774418494
30.2566 1.00392730735
30.4568 1.02906514971
30.6569 1.05245105622
30.8571 0.579948345039
31.0573 0.901385094346
31.2575 1.05591252074
31.4576 1.15366345343
31.6578 1.1074239202
31.858 0.924741404375
32.0582 0.714302434331
32.2583 0.864204084145
32.4585 0.939363559473
32.6587 1.16910770487
32.8589 0.945004745717
33.0591 1.17612931028
33.2592 1.00548512254
33.4594 1.00203441341
33.6596 0.724221189447
33.8598 0.991818437123
34.0599 1.19809912366
34.2601 1.16824929363
34.4603 1.19264727927
34.6605 0.801310062527
34.8607 0.868661791169
35.0608 1.0724836884
35.261 1.17928382579
35.4612 1.06213057264
35.6614 1.01256734067
35.8616 1.15028050307
36.0617 1.12181699161
36.2619 1.27155472506
36.4621 1.08640061417
36.6623 1.08507670426
36.8625 0.910800995374
37.0627 1.12933323222
37.2628 0.950993909752
37.463 0.84214141213
37.6632 0.951107302091
37.8634 1.12449776799
38.0636 1.10484314854
38.2638 1.06192996727
38.4639 0.860050356053
38.6641 1.04194348964
38.8643 1.17589073368
39.0645 0.975501125361
39.2647 0.684761311935
39.4649 0.712639726041
39.6651 1.23123524152
39.8652 1.03373831081
40.0654 0.773992229639
40.2656 0.917120955273
40.4658 0.839134533061
40.666 0.875700759359
40.8662 1.11217089323
41.0664 0.993378130157
41.2666 0.994207418071
41.4668 0.713371968057
41.6669 1.12537422563
41.8671 0.994133075972
42.0673 1.00078686871
42.2675 1.01797930059
42.4677 0.859276609098
42.6679 0.774802474363
42.8681 1.17824499467
43.0683 0.926646138478
43.2685 0.918654080734
43.4687 1.00694966419
43.6688 0.985592251984
43.869 1.07097388438
44.0692 0.868523118568
44.2694 1.0606413993
44.4696 0.98722693612
44.6698 0.931908844609
44.87 1.09047921135
45.0702 1.13138295313
45.2704 1.1450797954
45.4706 1.09717426534
45.6708 0.800996933092
45.871 1.0232170374
46.0712 1.0186919538
46.2714 0.875878046751
46.4716 0.966819309012
46.6718 0.974889577983
46.8719 1.06446246282
47.0721 1.17196527367
47.2723 0.981800321045
47.4725 0.81861769728
47.6727 0.959499566621
47.8729 1.13736529227
48.0731 1.12196176392
48.2733 1.00907640946
48.4735 1.04928379787
48.6737 0.819298577272
48.8739 1.0263768274
49.0741 0.837972289113
49.2743 0.97830055686
49.4745 0.861758788222
49.6747 0.76316797365
49.8749 0.892993778248
50.0751 1.05307785103
50.2753 1.06095849862
50.4755 0.92347787309
50.6757 1.03369880225
50.8759 1.13100937553
51.0761 0.868475564293
51.2763 0.882649351349
51.4765 1.137770231
51.6767 1.04462054956
51.8769 1.25381497137
52.0771 1.07449265341
52.2773 0.917983985724
52.4775 1.02115430331
52.6777 0.979247432476
52.8779 0.916528479514
53.0782 1.05884589336
53.2784 1.03651429538
53.4786 0.96954512585
53.6788 0.879357602404
53.879 0.797550879042
54.0792 1.13038268988
54.2794 1.10993793422
54.4796 1.19635913957
54.6798 1.07107245446
54.88 1.01560483303
55.0802 0.902673192342
55.2804 1.01902912037
55.4806 1.04621675505
55.6808 0.778180319486
55.881 1.02911185666
56.0812 0.880146555899
56.2815 0.946777805104
56.4817 1.06459611243
56.6819 1.04714120773
56.8821 0.974094970021
57.0823 0.781709365588
57.2825 1.04336986968
57.4827 1.06947122995
57.6829 1.02462744509
57.8831 0.938687592777
58.0833 0.665170904857
58.2836 0.848509096203
58.4838 0.871649325223
58.684 0.966542005256
58.8842 1.04909186266
59.0844 0.925534605851
59.2846 0.657336741231
59.4848 0.942282279682
59.685 0.732309487745
59.8853 0.796248499779
60.0855 0.966225063603
60.2857 0.952272440097
60.4859 0.919664065703
60.6861 0.974506430774
60.8863 1.30850891929
61.0865 1.22712618655
61.2868 0.975874845387
61.487 1.00363681016
61.6872 1.07262560509
61.8874 0.946128849939
62.0876 1.04777574307
62.2878 1.05609652423
62.4881 1.01776379817
62.6883 1.31683185909
62.8885 1.03080430099
63.0887 1.01172409496
63.2889 0.975236110896
63.4891 0.866753212023
63.6894 1.02226474817
63.8896 1.15385540184
64.0898 1.07013671075
64.29 1.275322419
64.4902 1.13033733738
64.6905 1.01506607807
64.8907 0.586114016176
65.0909 0.864489554111
65.2911 1.10093275866
65.4913 1.0326886941
65.6916 0.960290317194
65.8918 0.793698412812
66.092 0.960036545919
66.2922 1.05844157191
66.4924 1.12305711688
66.6927 1.01144663667
66.8929 0.98945138037
67.0931 0.841036123768
67.2933 1.04910921404
67.4936 1.04528729552
67.6938 1.10857749468
67.894 0.940030743768
68.0942 1.17031339332
68.2945 1.12775665361
68.4947 0.939701778792
68.6949 0.656397212963
68.8951 0.845072676498
69.0954 1.0185617871
69.2956 1.16635167488
69.4958 0.999137266487
69.696 1.16257987256
69.8963 0.807548807753
70.0965 1.01955464349
70.2967 1.18186719739
70.4969 0.961860828496
70.6972 0.785786158826
70.8974 0.902300537223
71.0976 0.976229947964
71.2979 0.895342558652
71.4981 0.805035161655
71.6983 0.666479257999
71.8985 0.818614398038
72.0988 1.07015523604
72.299 1.26856401331
72.4992 0.98608078559
72.6995 0.966871524083
72.8997 1.07553879109
73.0999 0.898214575503
73.3002 1.06466336852
73.5004 0.898089783935
73.7006 0.911210407339
73.9009 0.844573128445
74.1011 0.96999224349
74.3013 0.780145185776
74.5016 0.937888605864
74.7018 1.12880804948
74.902 1.16338660143
75.1023 1.04793969676
75.3025 0.98852426358
75.5027 1.12282816439
75.703 0.863256548288
75.9032 0.985746383921
76.1034 0.997415156587
76.3037 0.748564763756
76.5039 0.943334314443
76.7041 0.893816485565
76.9044 0.747205796513
77.1046 1.1678334492
77.3048 1.15767520539
77.5051 0.922556067499
77.7053 0.941175428851
77.9056 0.999418142158
78.1058 0.842472658165
78.306 0.955140190832
78.5063 0.894078326083
78.7065 0.956148805576
78.9067 0.872752472574
79.107 0.85528005877
79.3072 1.03104587048
79.5075 1.1914329344
79.7077 1.10663024958
79.9079 0.977765267182
80.1082 1.0624560523
80.3084 0.989040890536
80.5087 0.945567588902
80.7089 1.11369095856
80.9091 1.03855453704
81.1094 1.14218966881
81.3096 0.954799119954
81.5099 0.969032427234
81.7101 0.915789019929
81.9104 1.00678453899
82.1106 1.01769152339
82.3108 0.853937775699
82.5111 1.04384524173
82.7113 1.17807720737
82.9116 0.996658276757
83.1118 1.05024172624
83.3121 1.08706924177
83.5123 1.22544069741
83.7126 1.19706309451
83.9128 0.925286437882
84.113 1.03851979681
84.3133 1.04821484939
84.5135 1.16621174856
84.7138 1.14695885012
84.914 1.11838707221
85.1143 0.98197666628
85.3145 0.941146060843
85.5148 0.875923073116
85.715 1.07009543758
85.9153 0.923995664219
86.1155 1.03021202981
86.3158 1.21641561311
86.516 1.01155035744
86.7163 0.941674848144
86.9165 1.1140036782
87.1168 1.20557615168
87.317 1.10919514323
87.5173 0.830322956149
87.7175 1.02776119797
87.9178 0.982313653217
88.118 0.759674229591
88.3183 1.03702120584
88.5185 1.04266529862
88.7188 0.93311965665
88.919 0.869695543407
89.1193 1.00950498802
89.3195 1.01126181442
89.5198 0.862045735381
89.72 0.894296379187
89.9203 0.912037663698
90.1205 1.14330955252
90.3208 1.03024930693
90.521 0.872744617982
90.7213 1.13443477204
90.9216 1.0776799768
91.1218 1.08290550215
91.3221 0.956134768152
91.5223 1.08734684008
91.7226 1.09798490497
91.9228 1.05504988663
92.1231 1.02577076432
92.3233 1.03520720662
92.5236 0.975319955028
92.7239 0.852452232524
92.9241 0.961419920438
93.1244 0.932824537422
93.3246 0.82821386535
93.5249 0.842823396794
93.7252 0.917588734125
93.9254 0.838775444668
94.1257 0.817362066716
94.3259 0.992843847298
94.5262 1.08581441322
94.7264 1.04834738679
94.9267 0.987101919206
95.127 1.17574821324
95.3272 1.05174071568
95.5275 0.903803257326
95.7278 0.955179513488
95.928 0.922232221304
96.1283 0.909228201032
96.3285 1.15538459203
96.5288 1.04238544188
96.7291 1.34760541322
96.9293 1.0305063015
97.1296 1.03719679728
97.3298 0.926017278478
97.5301 1.1057409602
97.7304 1.20313912566
97.9306 0.880863517293
98.1309 1.022899579
98.3312 1.02607030961
98.5314 1.04752868973
98.7317 1.11537030898
98.932 0.90439176207
99.1322 0.882697398829
99.3325 1.17451770264
99.5328 1.03573714205
99.733 1.01584879594
99.9333 0.874898677033
