-100.0 0.68980361193
-99.8 1.06849114826
-99.6 0.70329660834
-99.4 0.599956637956
-99.2 0.894700637999
-99.0 0.861947849255
-98.8 1.08860834979
-98.6 1.09169218121
-98.4 1.0585907307
-98.2 1.1625772296
-98.0 0.947058691759
-97.8 1.10356564115
-97.6 1.25676847091
-97.4 0.922741028243
-97.2 1.07936670424
-97.0 1.00728179443
-96.8 1.07143965856
-96.6 0.870019576559
-96.4 0.929613952398
-96.2 0.643925389854
-95.9999 0.756030552497
-95.7999 0.871103874052
-95.5999 0.72415591116
-95.3999 1.01629379507
-95.1999 1.07181162307
-94.9999 0.956837911368
-94.7999 1.10403205837
-94.5999 1.02820969795
-94.3999 0.94937405945
-94.1999 0.846262647597
-93.9999 1.27883780313
-93.7999 0.990948017129
-93.5999 0.957316307095
-93.3999 1.21045875327
-93.1999 1.12851134164
-92.9998 0.931930626025
-92.7998 1.04524673091
-92.5998 1.23130848494
-92.3998 1.07190530932
-92.1998 0.789338551325
-91.9998 0.798912481796
-91.7998 1.18689930228
-91.5998 1.18769910998
-91.3998 1.27367643623
-91.1997 0.794401754659
-90.9997 1.00313179164
-90.7997 0.95539547734
-90.5997 0.785126461393
-90.3997 1.13891519357
-90.1997 0.731932636995
-89.9997 0.993588324511
-89.7997 0.768475321698
-89.5996 1.12337654054
-89.3996 1.10144578145
-89.1996 0.880151474254
-88.9996 1.24220907704
-88.7996 0.934450101717
-88.5996 1.05386584713
-88.3996 1.03732922885
-88.1995 0.906579049557
-87.9995 1.01292131472
-87.7995 0.715190941029
-87.5995 1.02957348676
-87.3995 1.01655395071
-87.1995 1.10373898773
-86.9994 0.936817609267
-86.7994 1.26280995041
-86.5994 1.06894351266
-86.3994 0.735052041884
-86.1994 0.982114751467
-85.9994 0.709387746449
-85.7993 0.977499852883
-85.5993 1.10278984166
-85.3993 1.23797682551
-85.1993 1.09365063323
-84.9993 1.013048498
-84.7992 1.07388326071
-84.5992 1.092730545
-84.3992 1.29748408516
-84.1992 1.0679391639
-83.9991 1.26977206792
-83.7991 1.03189755559
-83.5991 0.949181882586
-83.3991 0.771751140426
-83.1991 0.752404084509
-82.999 0.84657741924
-82.799 1.12855336889
-82.599 0.990457622137
-82.399 1.35161184961
-82.1989 0.925463683593
-81.9989 1.03464650004
-81.7989 1.0375533278
-81.5989 1.04977235198
-81.3988 0.891263756756
-81.1988 0.700358459416
-80.9988 1.09983647635
-80.7988 0.964597183298
-80.5987 1.0284866763
-80.3987 1.28086014773
-80.1987 0.740113357996
-79.9987 1.03865546224
-79.7986 0.945625231146
-79.5986 1.02516367447
-79.3986 1.01472616127
-79.1986 0.91052538159
-78.9985 0.951643857138
-78.7985 0.821986259832
-78.5985 1.03580544778
-78.3984 1.21959381276
-78.1984 1.06724269077
-77.9984 0.879088745282
-77.7984 0.943190747725
-77.5983 0.831062860214
-77.3983 0.98999971759
-77.1983 1.04628051046
-76.9982 1.11470620307
-76.7982 1.14402414133
-76.5982 1.11271217127
-76.3981 1.23802938383
-76.1981 1.15375525627
-75.9981 1.20855071443
-75.798 1.0364341962
-75.598 1.18461411918
-75.398 0.828500882044
-75.198 0.925426528671
-74.9979 1.11550657795
-74.7979 0.844598846064
-74.5978 0.891972803324
-74.3978 0.82163755074
-74.1978 1.07999796438
-73.9977 1.2483563341
-73.7977 1.06921962237
-73.5977 0.813532430367
-73.3976 1.08358360414
-73.1976 1.26268530928
-72.9976 1.05180156082
-72.7975 1.04907226983
-72.5975 0.839738464178
-72.3975 1.17489380426
-72.1974 1.06541758369
-71.9974 1.08982935497
-71.7973 0.872875683143
-71.5973 0.975848397554
-71.3973 0.610485698673
-71.1972 0.9412053939
-70.9972 0.970189951812
-70.7972 1.12189964975
-70.5971 1.31210155692
-70.3971 1.36921413661
-70.197 1.20546106289
-69.997 0.974742290636
-69.797 0.977211852512
-69.5969 1.28436779467
-69.3969 1.18071644194
-69.1968 1.05862798623
-68.9968 1.24681073076
-68.7968 1.1117171989
-68.5967 1.11933890558
-68.3967 0.921043245349
-68.1966 1.08644009936
-67.9966 1.13275873854
-67.7965 1.10175013152
-67.5965 0.860375630692
-67.3965 1.01010077805
-67.1964 0.871520918067
-66.9964 0.757955874727
-66.7963 0.961959357629
-66.5963 1.02195850174
-66.3962 1.20585330615
-66.1962 0.987578691955
-65.9961 1.02379507919
-65.7961 1.01005275073
-65.5961 0.754308929797
-65.396 0.95623063656
-65.196 1.05964088296
-64.9959 0.970312466325
-64.7959 1.02132661761
-64.5958 0.935591020575
-64.3958 0.964378284433
-64.1957 0.864250466171
-63.9957 0.939696300175
-63.7956 0.884861252558
-63.5956 0.976043710132
-63.3955 0.764160719378
-63.1955 0.849080584203
-62.9954 1.17196083241
-62.7954 0.978230947005
-62.5953 0.983684689622
-62.3953 0.912339889123
-62.1952 0.772438507222
-61.9952 0.885544963102
-61.7951 0.862387250243
-61.5951 0.930397758062
-61.395 0.888501771496
-61.195 1.09360922337
-60.9949 0.840873176012
-60.7949 0.775212577108
-60.5948 0.77560756489
-60.3948 1.2452187946
-60.1947 0.93086951161
-59.9947 0.996359823885
-59.7946 1.0216296711
-59.5946 1.21784012159
-59.3945 1.64583070786
-59.1944 1.18093036301
-58.9944 0.887161414106
-58.7943 1.15434877477
-58.5943 0.791929793651
-58.3942 1.13333722903
-58.1942 0.884038863297
-57.9941 1.10558075715
-57.7941 1.13184364625
-57.594 0.733339982756
-57.3939 1.32837448005
-57.1939 1.30138427869
-56.9938 0.94544659272
-56.7938 0.94557509912
-56.5937 0.948773396111
-56.3937 1.02668405673
-56.1936 1.1903709667
-55.9935 1.09639976475
-55.7935 1.22171929069
-55.5934 0.779562491962
-55.3934 1.01407232683
-55.1933 1.07765730088
-54.9932 1.16194184749
-54.7932 1.37507105048
-54.5931 1.41675253034
-54.3931 0.893024115241
-54.193 0.904730630938
-53.9929 1.33377074358
-53.7929 0.913135206274
-53.5928 1.01855005117
-53.3928 0.742737966884
-53.1927 0.901914887961
-52.9926 0.799919402583
-52.7926 1.11628583926
-52.5925 0.916577274486
-52.3924 0.7981083786
-52.1924 0.955738056483
-51.9923 0.855675461234
-51.7922 1.09640699153
-51.5922 0.941516145405
-51.3921 0.879122936622
-51.1921 0.944987600377
-50.992 0.995377664896
-50.7919 0.841113633401
-50.5919 0.783195245375
-50.3918 1.07739767366
-50.1917 0.786953313084
-49.9917 0.816855952359
-49.7916 1.0283958815
-49.5915 1.17552802553
-49.3915 0.906661005999
-49.1914 0.905985526411
-48.9913 1.08887087866
-48.7913 1.17183222918
-48.5912 1.34100593405
-48.3911 0.549466645231
-48.191 1.00922168763
-47.991 0.920778509851
-47.7909 1.14894971435
-47.5908 0.912719810146
-47.3908 0.961286173962
-47.1907 0.885984504312
-46.9906 0.927707236382
-46.7906 1.13530080987
-46.5905 1.09623824931
-46.3904 0.800060503111
-46.1903 0.996006282146
-45.9903 1.07044052722
-45.7902 1.04670693128
-45.5901 1.12251854268
-45.3901 0.985682336068
-45.19 0.893820868527
-44.9899 0.816302060271
-44.7898 1.15003705814
-44.5898 0.700034304844
-44.3897 0.910588465999
-44.1896 0.780729831022
-43.9895 1.22655584901
-43.7895 1.04528875594
-43.5894 1.12761483995
-43.3893 0.906422276875
-43.1892 0.87501395469
-42.9892 1.10375835569
-42.7891 0.989520358255
-42.589 0.927444519977
-42.3889 1.19497412015
-42.1889 0.850306895182
-41.9888 0.844481591238
-41.7887 0.852819056127
-41.5886 1.00022031689
-41.3885 0.796075427695
-41.1885 0.927411836543
-40.9884 0.6059717117
-40.7883 0.949508678963
-40.5882 1.2301349227
-40.3881 0.862479677783
-40.1881 0.989178709593
-39.988 1.12392662719
-39.7879 0.832993053751
-39.5878 1.10578346487
-39.3877 1.17651071188
-39.1877 1.32910768102
-38.9876 1.34498232239
-38.7875 1.11681268865
-38.5874 1.0897347758
-38.3873 1.04567724467
-38.1873 1.12732375036
-37.9872 0.812469789727
-37.7871 1.01585916843
-37.587 0.991993670978
-37.3869 1.0070512526
-37.1868 1.20696666444
-36.9868 1.06153076032
-36.7867 1.1560028041
-36.5866 1.0603716134
-36.3865 0.968571622702
-36.1864 1.12068270499
-35.9863 1.0895031857
-35.7862 0.882933521154
-35.5862 1.07835543031
-35.3861 0.960751706668
-35.186 1.11321639777
-34.9859 1.22039712562
-34.7858 1.15065793473
-34.5857 1.20683819085
-34.3856 0.819305499514
-34.1856 1.11535301069
-33.9855 0.998901307938
-33.7854 1.10400153686
-33.5853 0.759779429253
-33.3852 0.81712912964
-33.1851 1.17737430983
-32.985 0.852275787461
-32.7849 1.07466934516
-32.5848 0.72232155419
-32.3847 0.58411925937
-32.1847 0.833803126813
-31.9846 0.947413501796
-31.7845 0.763675400694
-31.5844 1.02952375444
-31.3843 0.787792193559
-31.1842 1.07415066029
-30.9841 1.02518120034
-30.784 0.830868726873
-30.5839 0.897138644258
-30.3838 0.722281751411
-30.1837 1.14458421933
-29.9836 1.32135361025
-29.7836 1.44127515528
-29.5835 1.09180040364
-29.3834 0.978238354905
-29.1833 0.889333311642
-28.9832 0.769323901701
-28.7831 0.962714072609
-28.583 0.753037249826
-28.3829 0.862491193316
-28.1828 0.563750950142
-27.9827 0.924929987978
-27.7826 1.2174386439
-27.5825 1.05536412079
-27.3824 0.816711549272
-27.1823 0.850049490018
-26.9822 0.931738777498
-26.7821 1.24279291842
-26.582 1.12581582023
-26.3819 1.19240114923
-26.1818 1.10911625241
-25.9817 1.0061183888
-25.7816 0.827329049759
-25.5815 1.10638896458
-25.3814 0.817655686409
-25.1813 0.730213259108
-24.9812 1.21038309112
-24.7811 1.08198127456
-24.581 1.15007825854
-24.3809 0.925612029156
-24.1808 1.16070372367
-23.9807 1.08371871206
-23.7806 1.21055828685
-23.5805 1.07291237928
-23.3804 0.990146419195
-23.1803 0.895550565271
-22.9802 1.111081921
-22.7801 1.05229181117
-22.58 1.41490009787
-22.3799 0.756502061147
-22.1798 0.729560169664
-21.9797 0.97276798246
-21.7796 0.909317978403
-21.5795 1.47306040184
-21.3794 1.01155756131
-21.1793 0.889276627622
-20.9792 1.38189692972
-20.7791 1.0213243739
-20.579 0.711822419576
-20.3789 1.22510659089
-20.1787 0.778214247646
-19.9786 1.05928839196
-19.7785 1.00495419173
-19.5784 0.924569949588
-19.3783 1.18973443218
-19.1782 1.13687021743
-18.9781 0.831265151529
-18.778 0.873057927993
-18.5779 0.799391931895
-18.3778 1.13779616571
-18.1777 1.22171968043
-17.9776 1.30284646769
-17.7774 1.04599881402
-17.5773 0.956129460375
-17.3772 0.65368523573
-17.1771 1.02672037492
-16.977 0.734335281714
-16.7769 1.11791129425
-16.5768 0.756249466586
-16.3767 0.994142084427
-16.1766 0.862465427871
-15.9764 0.824278971027
-15.7763 0.826893661604
-15.5762 1.11038542946
-15.3761 1.03878795197
-15.176 0.900418027506
-14.9759 0.924885889446
-14.7758 0.999805212652
-14.5757 0.624053032787
-14.3755 0.828076306606
-14.1754 1.13957344228
-13.9753 1.36588522796
-13.7752 1.09873258759
-13.5751 0.91177834204
-13.375 1.32129969506
-13.1749 0.674835040754
-12.9747 1.3507307309
-12.7746 1.09503981697
-12.5745 0.699520133736
-12.3744 0.583968688254
-12.1743 0.810448220189
-11.9742 0.909614791809
-11.774 0.996927163275
-11.5739 1.15364596148
-11.3738 0.872794437834
-11.1737 1.06795297653
-10.9736 0.986596098477
-10.7734 0.972565376934
-10.5733 1.06334129986
-10.3732 1.05800824469
-10.1731 1.03882552672
-9.97296 0.830557508239
-9.77284 0.684576250642
-9.57272 0.576969022789
-9.3726 0.797897571624
-9.17248 1.17638501677
-8.97236 1.34766213218
-8.77224 0.814657516471
-8.57211 0.830303976546
-8.37199 0.871292469704
-8.17187 1.21204664262
-7.97175 1.12210321213
-7.77163 0.772210895407
-7.5715 0.725352876462
-7.37138 0.830460869814
-7.17125 1.02537962598
-6.97113 1.11684304385
-6.77101 0.352187243393
-6.57088 0.621972819624
-6.37076 0.863357090551
-6.17063 0.792269618876
-5.97051 0.943515919686
-5.77038 0.603388595158
-5.57025 0.979108890014
-5.37013 0.690856481814
-5.17 0.360707873895
-4.96987 0.696266340058
-4.76975 0.770418828933
-4.56962 1.61344066281
-4.36949 0.972464580064
-4.16937 1.15851806445
-3.96924 1.10757683211
-3.76911 0.670341391112
-3.56898 0.299443602559
-3.36885 0.484736085828
-3.16872 0.881260640197
-2.96859 0.735834316443
-2.76846 0.745682125256
-2.56833 0.769277299787
-2.3682 1.3205889191
-2.16807 0.481591394767
-1.96794 0.652426804602
-1.76781 1.46037534614
-1.56768 0.907556471112
-1.36755 0.319138711993
-1.16742 0.589880555869
-0.967284 1.02267538366
-0.767152 0.335983534176
-0.567019 0.8350732091
-0.366886 0.410930513625
-0.166753 0.50626551302
0.0333802 0.43812463146
0.233514 0.489121848577
0.433648 0.286366990561
0.633782 0.430732369949
0.833917 0.294638055378
1.03405 0.589516695555
1.23419 0.130794105533
1.43432 0.268306939235
1.63446 0.22115466706
1.83459 0.116024076294
2.03473 0.24539530712
2.23487 -0.0574481971785
2.435 0.0522469442006
2.63514 0.316472884345
2.83528 0.0170626118942
3.03541 0.124530959853
3.23555 0.705460522053
3.43569 0.177259380185
3.63583 -0.079635792563
3.83597 0.129914684561
4.0361 0.114268677082
4.23624 0.0465110660826
4.43638 -0.0224337417356
4.63652 0.026882687273
4.83666 0.0722354960318
5.0368 0.195884877596
5.23694 -0.127149922309
5.43708 -0.0637677689082
5.63722 -0.00430854314455
5.83737 0.107090017901
6.03751 0.239133151489
6.23765 0.0295124317194
6.43779 -0.113055184889
6.63793 6.47320290678e-05
6.83808 0.0766118574624
7.03822 0.179911224537
7.23836 0.187582302554
7.4385 0.958131353596
7.63865 0.20748028312
7.83879 0.37514447724
8.03894 0.547126425859
8.23908 0.540378060537
8.43923 0.0350196315098
8.63937 0.366360237096
8.83951 0.424811604113
9.03966 1.04525079501
9.23981 0.0603451416813
9.43995 0.351364206127
9.6401 0.702943272662
9.84025 0.415781893285
10.0404 0.113111435149
10.2405 0.69726369384
10.4407 0.571754747234
10.6408 0.520685888546
10.841 0.211138925854
11.0411 0.100156650221
11.2413 0.22219509558
11.4414 0.208659390834
11.6416 0.408729490428
11.8417 0.8810500603
12.0419 0.0185857541567
12.242 0.984623912425
12.4422 0.219561849988
12.6423 0.278618233869
12.8425 0.174999898101
13.0426 0.129273254726
13.2428 0.298946788852
13.4429 0.205664822251
13.6431 0.485239775549
13.8432 0.434973562328
14.0434 0.513651319618
14.2435 0.164268436891
14.4437 -0.124055488126
14.6438 0.137912706776
14.844 0.0231596742536
15.0441 0.122747271702
15.2443 0.128718488409
15.4445 0.170693954744
15.6446 -0.00395256738837
15.8448 0.112496410726
16.0449 -0.0631871937851
16.2451 0.0651237403694
16.4452 0.127770171805
16.6454 0.133575935262
16.8455 0.227435692216
17.0457 0.0203555252828
17.2459 0.117326165151
17.446 0.060450559818
17.6462 0.491141424625
17.8463 0.543583053595
18.0465 0.231591438869
18.2466 0.455447385461
18.4468 0.490595182986
18.647 0.812499113207
18.8471 0.744638874622
19.0473 0.526403602395
19.2474 0.688047787256
19.4476 0.894559208808
19.6478 0.936969247099
19.8479 1.34925958623
20.0481 0.276581395821
20.2482 1.05533533944
20.4484 1.10001498961
20.6486 1.19762289437
20.8487 0.641334828192
21.0489 1.22508707962
21.249 1.13076142382
21.4492 0.906048946221
21.6494 0.959834050557
21.8495 0.437093080947
22.0497 1.22101372961
22.2498 0.725780029226
22.45 1.26725459491
22.6502 1.01982464267
22.8503 0.784828285879
23.0505 1.16537413119
23.2507 1.10263101765
23.4508 0.795232824036
23.651 1.2057024796
23.8512 0.841403133157
24.0513 0.797730586117
24.2515 1.14135246435
24.4517 1.06581490751
24.6518 1.12496248596
24.852 1.12668728564
25.0522 1.13859147833
25.2523 1.56588908759
25.4525 0.98654885378
25.6527 0.679102777514
25.8528 0.97740371209
26.053 0.994605223725
26.2532 1.17055739561
26.4533 1.24108699811
26.6535 0.800533032644
26.8537 1.13148677364
27.0538 0.935436725876
27.254 0.867699371916
27.4542 1.01880791012
27.6544 1.00305736007
27.8545 1.28929217489
28.0547 1.0841509162
28.2549 0.993269257575
28.455 0.887528194309
28.6552 1.32479011483
28.8554 1.14403987232
29.0556 0.914508333485
29.2557 0.849106109348
29.4559 0.994566628126
29.6561 0.756038880215
29.8562 1.18739414937
30.0564 1.21986890929
30.2566 0.905686302077
30.4568 0.965212789227
30.6569 0.736133667694
30.8571 1.29406831086
31.0573 0.980916299202
31.2575 0.828339048584
31.4576 0.877683949603
31.6578 0.932430859659
31.858 1.02235991341
32.0582 0.766602520415
32.2583 1.37424393657
32.4585 0.872446352981
32.6587 0.876505737536
32.8589 1.03293451103
33.0591 1.07791418193
33.2592 1.20201447716
33.4594 0.951545726869
33.6596 0.776696525012
33.8598 1.0606951319
34.0599 0.938957842709
34.2601 0.979343881383
34.4603 0.91233063907
34.6605 0.913535977976
34.8607 0.77877856262
35.0608 0.796768867936
35.261 0.733396576835
35.4612 1.2807258886
35.6614 1.29682356262
35.8616 0.544999839057
36.0617 0.86080022295
36.2619 1.09882640407
36.4621 1.26765175075
36.6623 1.07895064705
36.8625 1.41278586693
37.0627 0.749950977053
37.2628 0.966042224752
37.463 1.15830516614
37.6632 1.33760293362
37.8634 0.525052091911
38.0636 1.06820795511
38.2638 1.0861852838
38.4639 1.2640297903
38.6641 1.26614978463
38.8643 1.0450026933
39.0645 1.23655798043
39.2647 1.13369067343
39.4649 1.08107447733
39.6651 0.943330302925
39.8652 1.20962749256
40.0654 0.927876131627
40.2656 1.29735843926
40.4658 0.808941107393
40.666 0.935952293825
40.8662 0.661940441394
41.0664 1.13612128616
41.2666 1.2639902853
41.4668 1.02896140901
41.6669 1.38212428308
41.8671 0.97164720091
42.0673 1.17409669253
42.2675 1.07442839448
42.4677 0.89737631837
42.6679 1.0429343198
42.8681 0.850600190453
43.0683 0.818936462339
43.2685 1.04503109819
43.4687 1.10837123219
43.6688 1.07799011715
43.869 1.1991488065
44.0692 1.16188682482
44.2694 0.840713195106
44.4696 1.33246158472
44.6698 0.899604514422
44.87 1.13124227984
45.0702 0.942149982337
45.2704 0.614973973628
45.4706 1.53597021949
45.6708 1.02081316684
45.871 1.15927430747
46.0712 1.08234182086
46.2714 1.03814071419
46.4716 0.731774373614
46.6718 0.801928905
46.8719 0.839242773869
47.0721 0.782614732713
47.2723 0.955287647935
47.4725 0.88337272801
47.6727 0.762670862534
47.8729 1.21003582755
48.0731 1.17294766422
48.2733 0.864123735862
48.4735 1.13747225775
48.6737 0.84522206491
48.8739 1.01333641694
49.0741 1.13242914739
49.2743 0.806132813069
49.4745 0.937578865649
49.6747 0.89150362481
49.8749 0.761310316179
50.0751 1.00401359817
50.2753 1.12068652742
50.4755 0.979334212064
50.6757 0.663428638238
50.8759 0.828649394867
51.0761 0.905122425409
51.2763 0.824429391233
51.4765 0.984223616834
51.6767 0.922720439682
51.8769 1.06715621282
52.0771 0.854379158822
52.2773 1.02712213795
52.4775 1.34162112734
52.6777 0.956797727001
52.8779 1.06596417496
53.0782 1.3912690893
53.2784 1.20627475661
53.4786 1.29884946845
53.6788 1.20224918727
53.879 0.927331725454
54.0792 0.686846058728
54.2794 1.00251631352
54.4796 1.13615891922
54.6798 0.833649808885
54.88 0.973639766653
55.0802 1.36098190533
55.2804 1.05162717717
55.4806 1.05503884307
55.6808 1.11053467265
55.881 0.952611288933
56.0812 1.18875866521
56.2815 1.02679295954
56.4817 1.10180635046
56.6819 1.04625014263
56.8821 1.18501736959
57.0823 1.18508168752
57.2825 1.17817657105
57.4827 0.863781607525
57.6829 1.00716258596
57.8831 0.820434313518
58.0833 0.996010873394
58.2836 0.780183573144
58.4838 0.762786817732
58.684 0.980840898216
58.8842 1.07992435156
59.0844 0.76069981051
59.2846 1.01477287835
59.4848 0.865359992655
59.685 0.9182261856
59.8853 0.718767451932
60.0855 0.751754932767
60.2857 0.89356953794
60.4859 1.09342809908
60.6861 1.03429188096
60.8863 1.11471245751
61.0865 1.31452999425
61.2868 0.706834811159
61.487 0.720581618297
61.6872 1.02108367153
61.8874 1.27763529954
62.0876 1.26296835189
62.2878 0.808993375658
62.4881 0.959108112707
62.6883 0.925069007618
62.8885 1.04540974097
63.0887 1.03363792529
63.2889 1.34143396199
63.4891 1.21834182008
63.6894 1.10899864618
63.8896 1.42809529951
64.0898 1.03485206449
64.29 1.03458236256
64.4902 0.998022989114
64.6905 0.814413835405
64.8907 0.957287201545
65.0909 0.923565036823
65.2911 0.904682765783
65.4913 0.918000449518
65.6916 1.07101214436
65.8918 1.34054723878
66.092 1.08131080945
66.2922 0.891830532478
66.4924 0.90842745939
66.6927 1.18813411963
66.8929 1.25825343368
67.0931 0.998385225022
67.2933 1.43252070349
67.4936 1.08609155187
67.6938 1.26009691954
67.894 0.724702326856
68.0942 0.804765608841
68.2945 1.1197794813
68.4947 1.14489032993
68.6949 1.30372791594
68.8951 1.08863305253
69.0954 0.868511817706
69.2956 0.899631087653
69.4958 1.11065493585
69.696 0.947289180519
69.8963 1.11608307307
70.0965 1.06713692013
70.2967 1.17756886778
70.4969 1.02910517114
70.6972 1.07279578612
70.8974 1.03240138025
71.0976 0.878137746028
71.2979 1.02313560342
71.4981 1.16327645018
71.6983 0.912196821501
71.8985 0.714960700297
72.0988 1.2004629657
72.299 1.27751406036
72.4992 1.13309583777
72.6995 0.752727857848
72.8997 1.13181293506
73.0999 0.949494127389
73.3002 0.833182996632
73.5004 1.28494505282
73.7006 1.03990796544
73.9009 0.554395729304
74.1011 0.91164537956
74.3013 0.86188071082
74.5016 0.753081751383
74.7018 0.873871797905
74.902 0.966573318321
75.1023 1.23864286174
75.3025 0.735568412259
75.5027 0.774075790383
75.703 1.28385226035
75.9032 1.1229101701
76.1034 1.04354693155
76.3037 1.14317627532
76.5039 0.867104858247
76.7041 0.900639959237
76.9044 0.859540247123
77.1046 1.13400181107
77.3048 0.859620708183
77.5051 0.995076859112
77.7053 1.054978013
77.9056 1.11671918816
78.1058 1.17955895378
78.306 0.878321987871
78.5063 1.14430718539
78.7065 1.02206879099
78.9067 1.00798739359
79.107 0.985878408307
79.3072 0.731578093063
79.5075 1.27342484444
79.7077 1.17674180431
79.9079 1.12691117636
80.1082 0.904574720101
80.3084 0.725788580942
80.5087 1.02174186325
80.7089 0.872695463995
80.9091 0.954526577924
81.1094 0.983899588916
81.3096 0.526720386823
81.5099 1.33722865828
81.7101 1.23528302986
81.9104 0.798674139567
82.1106 1.10625945701
82.3108 0.761693124142
82.5111 0.993265652757
82.7113 0.617826069359
82.9116 1.13099442514
83.1118 1.19609991993
83.3121 1.24932539228
83.5123 0.791377804767
83.7126 0.775721060821
83.9128 1.14959348948
84.113 0.760828358761
84.3133 0.660835790858
84.5135 0.752865578172
84.7138 1.08257925547
84.914 1.34421423893
85.1143 1.11700666628
85.3145 0.896296333538
85.5148 1.08305234038
85.715 0.913226549847
85.9153 1.31775118018
86.1155 0.978733878883
86.3158 0.901265864237
86.516 1.11525588262
86.7163 1.14095927327
86.9165 0.88606839656
87.1168 1.00640113728
87.317 0.804110187669
87.5173 0.68373399828
87.7175 1.03584677791
87.9178 1.19978813337
88.118 0.731843009856
88.3183 1.12466164826
88.5185 0.997035517334
88.7188 1.28244211542
88.919 1.03337284506
89.1193 0.878578749407
89.3195 0.976138918364
89.5198 1.14486379637
89.72 0.824903277608
89.9203 1.14868656472
90.1205 0.917744055848
90.3208 1.45633896029
90.521 0.904374905535
90.7213 1.07466052575
90.9216 0.933497892659
91.1218 1.1225929838
91.3221 0.895261019457
91.5223 1.08528394768
91.7226 0.943206856078
91.9228 0.917225867053
92.1231 0.930779770393
92.3233 1.10299590642
92.5236 0.657250704492
92.7239 0.610278328288
92.9241 0.84948894386
93.1244 1.14171693266
93.3246 1.00977877372
93.5249 1.02327440628
93.7252 0.733843077484
93.9254 0.940522701713
94.1257 0.77110504657
94.3259 0.941533829261
94.5262 0.965283765468
94.7264 0.891932038344
94.9267 0.919011842606
95.127 0.839614339141
95.3272 0.937099902697
95.5275 1.06199164601
95.7278 0.95577132315
95.928 0.915561330187
96.1283 1.11379907461
96.3285 0.822080217775
96.5288 0.869652636389
96.7291 0.971176292237
96.9293 0.978099049284
97.1296 1.09778630995
97.3298 0.919696733236
97.5301 0.924409057252
97.7304 1.17513055651
97.9306 1.39146145869
98.1309 0.997684166432
98.3312 0.785860243735
98.5314 0.61380388528
98.7317 0.840514529746
98.932 1.35067772865
99.1322 1.18625865809
99.3325 1.02637997964
99.5328 1.18286069883
99.733 1.05173415748
99.9333 1.02645205812
