-100.0 0.92696078013
-99.8 1.0858921656
-99.6 1.03547370382
-99.4 1.07583513598
-99.2 0.987124381555
-99.0 1.33480161443
-98.8 1.29692567413
-98.6 1.10259378993
-98.4 0.930886887826
-98.2 1.05043373627
-98.0 1.07246162268
-97.8 0.929982627534
-97.6 0.805525692461
-97.4 1.14319094163
-97.2 1.03826793706
-97.0 0.976302726331
-96.8 0.794831967109
-96.6 0.921741716557
-96.4 0.774875068946
-96.2 0.950277132294
-95.9999 1.13935404425
-95.7999 0.921800388564
-95.5999 1.03603379968
-95.3999 1.05116071606
-95.1999 0.897750069676
-94.9999 0.976852487518
-94.7999 1.07273816072
-94.5999 1.030307449
-94.3999 1.03426576106
-94.1999 1.05073729433
-93.9999 0.945440838893
-93.7999 1.15745303558
-93.5999 1.01303460145
-93.3999 1.06942814661
-93.1999 1.00783490578
-92.9998 0.921527240125
-92.7998 1.02784605285
-92.5998 0.898960207653
-92.3998 1.05968915217
-92.1998 0.842610200557
-91.9998 1.09505174905
-91.7998 1.07231127189
-91.5998 0.993280143729
-91.3998 0.822760614619
-91.1997 0.859494574195
-90.9997 0.939289531482
-90.7997 0.873180428028
-90.5997 0.962241538066
-90.3997 1.15510081095
-90.1997 1.04778928956
-89.9997 1.15381503225
-89.7997 0.913101801026
-89.5996 0.785159678406
-89.3996 1.03868319316
-89.1996 1.00892245475
-88.9996 0.887103897652
-88.7996 0.98660144723
-88.5996 0.91030026371
-88.3996 0.865190805236
-88.1995 1.05631644924
-87.9995 0.985522747183
-87.7995 1.01213376891
-87.5995 1.06212615524
-87.3995 1.15862332615
-87.1995 1.12344167573
-86.9994 1.07715460796
-86.7994 0.926333731522
-86.5994 0.941578288262
-86.3994 0.759763937527
-86.1994 1.38434853412
-85.9994 1.0734758203
-85.7993 1.05266841283
-85.5993 1.30066681797
-85.3993 1.0228310026
-85.1993 1.13383705815
-84.9993 0.952414971761
-84.7992 0.915402152076
-84.5992 1.04528389176
-84.3992 0.837898949279
-84.1992 1.01105351876
-83.9991 0.940683914431
-83.7991 0.962926412166
-83.5991 0.913454979285
-83.3991 1.06588940248
-83.1991 1.08061442859
-82.999 0.947485704821
-82.799 1.27787873296
-82.599 0.899443647938
-82.399 0.912212499494
-82.1989 0.918802695058
-81.9989 1.05320415585
-81.7989 1.00706908519
-81.5989 1.18434756088
-81.3988 1.10822980055
-81.1988 0.915817323615
-80.9988 1.05179878815
-80.7988 0.850154648913
-80.5987 0.998720301406
-80.3987 1.15031518054
-80.1987 0.998244350493
-79.9987 1.19581778352
-79.7986 1.00122391426
-79.5986 0.992410191642
-79.3986 0.848520480402
-79.1986 0.883168441242
-78.9985 1.18023391741
-78.7985 1.33658963445
-78.5985 0.898935335965
-78.3984 0.954452452556
-78.1984 0.927123684999
-77.9984 1.08614977143
-77.7984 0.971427348541
-77.5983 0.991692857555
-77.3983 0.915220415115
-77.1983 0.990365703477
-76.9982 1.01979744601
-76.7982 0.954776367428
-76.5982 1.07480444536
-76.3981 1.00595612061
-76.1981 1.08463782368
-75.9981 0.876387681519
-75.798 0.886301342865
-75.598 0.915174695496
-75.398 1.0776242541
-75.198 0.898093103522
-74.9979 0.875717292449
-74.7979 0.987010339071
-74.5978 1.20652188399
-74.3978 0.754737325095
-74.1978 1.08402993736
-73.9977 1.12112324367
-73.7977 0.844277106066
-73.5977 0.786658743625
-73.3976 1.14780373089
-73.1976 1.05753527624
-72.9976 1.12028098259
-72.7975 1.06393153112
-72.5975 0.667960533827
-72.3975 1.14344563177
-72.1974 0.850662277629
-71.9974 1.0518412684
-71.7973 0.989626077899
-71.5973 1.11176599317
-71.3973 1.18392747075
-71.1972 0.932336844446
-70.9972 0.952245262919
-70.7972 1.05089131574
-70.5971 0.986449822872
-70.3971 0.910984682625
-70.197 0.923123066238
-69.997 1.18751843472
-69.797 0.970089978985
-69.5969 0.96433117311
-69.3969 0.953426607047
-69.1968 0.916630530961
-68.9968 0.922157726675
-68.7968 0.714138304028
-68.5967 1.33980106385
-68.3967 1.02980119403
-68.1966 1.24873957521
-67.9966 1.04494663632
-67.7965 0.778332738386
-67.5965 0.810841141801
-67.3965 1.01583098406
-67.1964 1.10488599875
-66.9964 0.926742401058
-66.7963 0.654095604326
-66.5963 0.89566716879
-66.3962 0.932806078752
-66.1962 0.785047032459
-65.9961 1.1540630321
-65.7961 1.02548600195
-65.5961 1.28288363835
-65.396 0.859402282408
-65.196 0.82197913571
-64.9959 1.08446238238
-64.7959 1.05589642982
-64.5958 0.94098946805
-64.3958 0.900591105813
-64.1957 1.15701948815
-63.9957 1.07595667462
-63.7956 0.943703788865
-63.5956 1.10676788577
-63.3955 0.922806377889
-63.1955 1.22191366728
-62.9954 1.05152731208
-62.7954 0.713439190441
-62.5953 1.01848332384
-62.3953 0.997093701187
-62.1952 0.799104201437
-61.9952 1.1179169519
-61.7951 1.23205727247
-61.5951 0.897969009815
-61.395 0.902316483674
-61.195 0.851929382337
-60.9949 1.05990601224
-60.7949 0.900891344623
-60.5948 1.04484790469
-60.3948 1.18065535611
-60.1947 0.792986635286
-59.9947 0.846947986863
-59.7946 1.18839030282
-59.5946 0.922538266696
-59.3945 1.02064859952
-59.1944 0.867185985254
-58.9944 1.00364365853
-58.7943 0.926915646138
-58.5943 1.15446230707
-58.3942 0.863222858924
-58.1942 0.701049125677
-57.9941 1.04637652068
-57.7941 0.963874556751
-57.594 0.838256624168
-57.3939 0.959608428257
-57.1939 0.949877173823
-56.9938 0.894368602051
-56.7938 0.95427912588
-56.5937 1.0880799314
-56.3937 0.890521934068
-56.1936 0.762590836943
-55.9935 1.0567803987
-55.7935 0.836552068842
-55.5934 0.832109660904
-55.3934 1.05094981237
-55.1933 1.08078002344
-54.9932 1.28735513899
-54.7932 0.851765224679
-54.5931 1.26996122859
-54.3931 0.852925578088
-54.193 0.87233919439
-53.9929 0.957291264647
-53.7929 0.883977119521
-53.5928 0.5676083403
-53.3928 0.915408081399
-53.1927 1.17793243748
-52.9926 1.32222865743
-52.7926 1.1319639806
-52.5925 0.96853475492
-52.3924 1.16372164391
-52.1924 1.1378627228
-51.9923 1.00197657124
-51.7922 0.88868199036
-51.5922 0.79727251322
-51.3921 0.837815144342
-51.1921 1.15408750072
-50.992 1.07953358673
-50.7919 1.04764902306
-50.5919 1.07850311145
-50.3918 0.852559335767
-50.1917 0.940419377487
-49.9917 1.04906016775
-49.7916 1.3116443947
-49.5915 1.11969091667
-49.3915 1.04435053451
-49.1914 1.05517111113
-48.9913 1.22044328078
-48.7913 0.975830357005
-48.5912 1.08177974275
-48.3911 1.10951281773
-48.191 1.0450136145
-47.991 0.853749474082
-47.7909 0.892369388411
-47.5908 1.19294180098
-47.3908 0.826009886549
-47.1907 0.89295192582
-46.9906 0.883187014353
-46.7906 0.96612748222
-46.5905 0.976604460725
-46.3904 0.888736710134
-46.1903 0.810509290293
-45.9903 0.975085627359
-45.7902 1.0784826404
-45.5901 0.817041215192
-45.3901 0.718704859102
-45.19 0.727122921028
-44.9899 0.998676300047
-44.7898 0.803599918917
-44.5898 1.23890771654
-44.3897 0.942570249065
-44.1896 1.19130043094
-43.9895 0.891890907103
-43.7895 1.00567153035
-43.5894 0.858672886227
-43.3893 1.03675247454
-43.1892 1.05816433517
-42.9892 0.855216221445
-42.7891 0.717537793198
-42.589 0.86205831367
-42.3889 0.991796262539
-42.1889 1.34062913844
-41.9888 1.18058002825
-41.7887 0.944332426998
-41.5886 1.00063535603
-41.3885 0.869221225212
-41.1885 0.944792423884
-40.9884 0.972210474516
-40.7883 1.01154995424
-40.5882 1.02329192647
-40.3881 1.02174971376
-40.1881 1.0553637589
-39.988 1.19249307334
-39.7879 1.29919540302
-39.5878 1.1180803495
-39.3877 1.26317289702
-39.1877 0.892426217551
-38.9876 1.12962262532
-38.7875 1.20012559293
-38.5874 0.84594001632
-38.3873 1.092567693
-38.1873 0.922511307741
-37.9872 0.903115422411
-37.7871 1.07693009523
-37.587 1.0558875258
-37.3869 1.42760899567
-37.1868 1.17867384725
-36.9868 0.864768023903
-36.7867 1.02596934204
-36.5866 1.10368574959
-36.3865 1.11663220178
-36.1864 0.927485686658
-35.9863 1.02446866745
-35.7862 0.768157301454
-35.5862 0.848474140721
-35.3861 0.93468093822
-35.186 0.960561233066
-34.9859 0.96864586619
-34.7858 0.70372953978
-34.5857 0.636719459318
-34.3856 0.748722923993
-34.1856 1.02179182819
-33.9855 0.766084329737
-33.7854 0.973436713672
-33.5853 0.842548075169
-33.3852 1.02731223973
-33.1851 1.11188711504
-32.985 0.823917508253
-32.7849 1.00872072835
-32.5848 0.759719275642
-32.3847 0.634921691586
-32.1847 0.868921994037
-31.9846 0.784106196909
-31.7845 0.732169929205
-31.5844 0.952958111694
-31.3843 0.914434238148
-31.1842 1.17129565834
-30.9841 1.41072861712
-30.784 0.869205186092
-30.5839 0.465775058505
-30.3838 0.913467495429
-30.1837 1.12920900848
-29.9836 0.866392614766
-29.7836 0.85411416952
-29.5835 0.79807734258
-29.3834 1.18596034657
-29.1833 1.33028734435
-28.9832 0.961285890456
-28.7831 0.983673468973
-28.583 0.70683990771
-28.3829 1.2309336128
-28.1828 0.776609627735
-27.9827 0.760535651147
-27.7826 1.2514621074
-27.5825 0.760116011389
-27.3824 1.0519376133
-27.1823 0.776018270087
-26.9822 0.871046119393
-26.7821 1.0775629787
-26.582 1.19328948651
-26.3819 1.05123839759
-26.1818 0.803688814526
-25.9817 0.896476567082
-25.7816 1.07940683793
-25.5815 0.985529793386
-25.3814 0.748529231967
-25.1813 1.04990570542
-24.9812 1.09413946974
-24.7811 0.654230443823
-24.581 0.982129303373
-24.3809 0.870453414752
-24.1808 0.895356400294
-23.9807 0.971952542101
-23.7806 0.861804666726
-23.5805 1.13260237375
-23.3804 1.10572204602
-23.1803 0.788906402953
-22.9802 1.0222297525
-22.7801 1.08265002666
-22.58 1.14073958279
-22.3799 0.781213176096
-22.1798 1.29756989171
-21.9797 0.716803088125
-21.7796 1.02697056885
-21.5795 0.898176500111
-21.3794 1.18893675569
-21.1793 0.967209618278
-20.9792 0.98578524827
-20.7791 0.972789591921
-20.579 1.06144999731
-20.3789 0.74465040948
-20.1787 0.906558640303
-19.9786 1.13653434317
-19.7785 1.4056941311
-19.5784 1.20611884734
-19.3783 1.00306638555
-19.1782 0.883083060954
-18.9781 0.99442557947
-18.778 1.01221701926
-18.5779 1.0089365893
-18.3778 0.836016340887
-18.1777 1.28104486525
-17.9776 0.861571037362
-17.7774 1.17954731102
-17.5773 0.829393745586
-17.3772 1.15222848014
-17.1771 0.730709538235
-16.977 0.909362432594
-16.7769 0.946537339171
-16.5768 0.810583212294
-16.3767 0.685456247681
-16.1766 0.93379151885
-15.9764 0.711733668551
-15.7763 0.852025728511
-15.5762 0.820703725857
-15.3761 0.864509204223
-15.176 0.605550415716
-14.9759 0.883547238457
-14.7758 0.770503413487
-14.5757 0.721899523083
-14.3755 0.827162406589
-14.1754 0.874523081923
-13.9753 0.765647238571
-13.7752 0.810556307821
-13.5751 1.25119333189
-13.375 0.951321764713
-13.1749 1.45026825888
-12.9747 0.666302311785
-12.7746 1.37236205409
-12.5745 0.906969940101
-12.3744 0.863942759182
-12.1743 0.940096964922
-11.9742 0.813485194982
-11.774 0.983107442402
-11.5739 1.29937527023
-11.3738 0.677255448818
-11.1737 1.04154725036
-10.9736 1.08180574676
-10.7734 1.00401638848
-10.5733 1.04893367281
-10.3732 0.762856501157
-10.1731 0.327134296688
-9.97296 0.788855573794
-9.77284 0.147285287813
-9.57272 0.553992293282
-9.3726 0.783830358355
-9.17248 0.872442724058
-8.97236 0.125547927573
-8.77224 0.382364688793
-8.57211 0.919128407483
-8.37199 1.16352381569
-8.17187 0.723988520707
-7.97175 0.89243675427
-7.77163 0.938391602674
-7.5715 0.921813812534
-7.37138 0.898912582613
-7.17125 0.803676742487
-6.97113 0.701875192344
-6.77101 0.50696389766
-6.57088 0.573820714933
-6.37076 0.412994510513
-6.17063 0.286165956419
-5.97051 0.438844829782
-5.77038 0.630527846405
-5.57025 0.556539367657
-5.37013 0.158644777212
-5.17 0.6311529677
-4.96987 0.46917482638
-4.76975 0.340215582553
-4.56962 0.188110643797
-4.36949 0.270214804419
-4.16937 0.336270112481
-3.96924 0.767725297803
-3.76911 0.481801769111
-3.56898 0.639032554935
-3.36885 0.457525684948
-3.16872 0.727311729067
-2.96859 0.209504151433
-2.76846 0.0686796288312
-2.56833 0.313742756186
-2.3682 0.136857913228
-2.16807 0.119556728052
-1.96794 -0.0989379589361
-1.76781 -0.21894051212
-1.56768 0.226250751788
-1.36755 0.164418552072
-1.16742 -0.0539516410113
-0.967284 0.135151237059
-0.767152 0.034205999002
-0.567019 0.256992291177
-0.366886 0.593594749951
-0.166753 0.0288494592695
0.0333802 0.229000194845
0.233514 -0.0973681456173
0.433648 -0.0848292094018
0.633782 0.0821454739016
0.833917 0.0288863257769
1.03405 -0.143607198589
1.23419 0.00373256245455
1.43432 0.076134763563
1.63446 0.319361748651
1.83459 0.108149901929
2.03473 0.088929472311
2.23487 -0.0019649377801
2.435 -0.103372139345
2.63514 -0.0915053705251
2.83528 0.123637326498
3.03541 0.115967762875
3.23555 -0.0141444626549
3.43569 0.10556667619
3.63583 -0.0208523987257
3.83597 0.0288405695047
4.0361 0.00668318185525
4.23624 0.068892101255
4.43638 0.113278369849
4.63652 -0.0724315655494
4.83666 -0.161168165675
5.0368 -0.0124300454549
5.23694 -0.0744822734025
5.43708 -0.0573070186066
5.63722 -0.0481318083654
5.83737 0.0569493742156
6.03751 -0.0569325247887
6.23765 0.594086270289
6.43779 0.0725613295213
6.63793 0.264063435011
6.83808 0.25649747698
7.03822 0.476170108155
7.23836 0.150139277205
7.4385 0.0208282957576
7.63865 0.012517295633
7.83879 -0.0513033163146
8.03894 0.0254224295028
8.23908 0.155200381673
8.43923 0.117401282635
8.63937 0.200666154282
8.83951 0.444285487559
9.03966 0.184902787322
9.23981 0.0501079550598
9.43995 -0.113489450022
9.6401 0.173497977922
9.84025 0.132364491702
10.0404 0.407266326738
10.2405 0.633545962846
10.4407 0.708106907173
10.6408 0.364942221335
10.841 0.706931037994
11.0411 0.705063713605
11.2413 0.670073093357
11.4414 0.195512316748
11.6416 0.694557117239
11.8417 0.77889369142
12.0419 0.616670561689
12.242 0.853792090472
12.4422 0.866678834425
12.6423 0.325920771447
12.8425 0.91145077777
13.0426 0.737205963751
13.2428 1.10116361832
13.4429 0.638097403077
13.6431 0.950336921939
13.8432 0.767564008989
14.0434 1.07135717239
14.2435 0.641119095832
14.4437 0.725050871487
14.6438 0.409379551485
14.844 0.76316154943
15.0441 1.76138082234
15.2443 1.04358166208
15.4445 0.976629030134
15.6446 1.18242170157
15.8448 0.77061259921
16.0449 0.551073982937
16.2451 0.792917883938
16.4452 1.45898082786
16.6454 0.783470990457
16.8455 0.822349895337
17.0457 1.32708960745
17.2459 0.970082958148
17.446 0.772330238892
17.6462 1.24862160436
17.8463 0.966973152584
18.0465 0.625393801247
18.2466 0.684643475263
18.4468 0.841843357877
18.647 1.08796038642
18.8471 0.989488072645
19.0473 0.455102582643
19.2474 0.885361659484
19.4476 0.816973478503
19.6478 0.568982830833
19.8479 0.553481708325
20.0481 0.880366933393
20.2482 0.595683045559
20.4484 0.981288326758
20.6486 0.39295672371
20.8487 0.681619414326
21.0489 0.710544462077
21.249 0.953248840927
21.4492 0.790904205348
21.6494 0.843055689847
21.8495 1.10185627603
22.0497 0.483063100438
22.2498 0.917296236428
22.45 1.1976376099
22.6502 1.05000113006
22.8503 0.75665208767
23.0505 0.936005595197
23.2507 1.08134646933
23.4508 1.04078316272
23.651 0.950049518806
23.8512 0.890155184427
24.0513 0.68701873937
24.2515 1.1624907289
24.4517 0.566578957804
24.6518 0.995841510344
24.852 0.728216515168
25.0522 0.81652681118
25.2523 1.03994848802
25.4525 0.840099199063
25.6527 1.06492911167
25.8528 0.798290702941
26.053 0.797131879755
26.2532 1.09115449484
26.4533 1.01700187396
26.6535 1.3954093403
26.8537 1.10935476658
27.0538 1.19612733155
27.254 1.16160496365
27.4542 0.878476228689
27.6544 0.88335440814
27.8545 0.985426447543
28.0547 1.20546924246
28.2549 1.03828303389
28.455 0.814268668474
28.6552 0.818845782515
28.8554 1.16403682597
29.0556 1.45870458612
29.2557 1.04137836533
29.4559 1.09199552618
29.6561 0.938555156432
29.8562 1.01243199038
30.0564 1.03357758867
30.2566 1.24113708994
30.4568 1.25463635281
30.6569 0.913243584588
30.8571 1.02559137124
31.0573 0.653579645966
31.2575 1.15797738736
31.4576 1.16989621672
31.6578 0.812083784744
31.858 1.24930165401
32.0582 0.945722045871
32.2583 1.16052108393
32.4585 0.981647718835
32.6587 1.08121210995
32.8589 0.994099704759
33.0591 0.769285224654
33.2592 0.925114650473
33.4594 0.72413905752
33.6596 0.633705177389
33.8598 1.17756493301
34.0599 1.03617498661
34.2601 1.19140254694
34.4603 1.27921645197
34.6605 1.3194676577
34.8607 1.08768253134
35.0608 0.917528502078
35.261 0.844254392597
35.4612 1.01477195642
35.6614 1.15040268379
35.8616 1.01397062666
36.0617 1.11126059435
36.2619 1.21302334787
36.4621 1.3343898286
36.6623 0.787786581848
36.8625 0.835666492617
37.0627 0.829812324096
37.2628 1.08863460832
37.463 1.14261920806
37.6632 0.649350844421
37.8634 0.918272644257
38.0636 1.29015588109
38.2638 1.03523061226
38.4639 1.16848123413
38.6641 0.895607818956
38.8643 1.05646660817
39.0645 0.869578844976
39.2647 0.84802332417
39.4649 1.01113197627
39.6651 0.998567181193
39.8652 1.04678566234
40.0654 0.85852882591
40.2656 1.00892702988
40.4658 0.629786832061
40.666 1.01117847966
40.8662 1.03249078183
41.0664 1.05018630255
41.2666 0.824748448941
41.4668 0.887341288197
41.6669 0.734515467619
41.8671 1.05124175624
42.0673 1.03254700084
42.2675 0.907851478956
42.4677 1.15257904425
42.6679 1.02170959287
42.8681 0.994829583518
43.0683 1.02967926928
43.2685 0.984788459443
43.4687 1.04712718146
43.6688 0.904415581379
43.869 0.890840518652
44.0692 0.662813355437
44.2694 1.14823042194
44.4696 0.873282909395
44.6698 1.21675140155
44.87 0.991787856642
45.0702 0.846482186752
45.2704 0.927068136799
45.4706 0.7664863932
45.6708 1.11309854595
45.871 0.984783616443
46.0712 0.986185655071
46.2714 1.19932505855
46.4716 0.93342149295
46.6718 0.810604339219
46.8719 1.02518662003
47.0721 0.995989473334
47.2723 0.813176276532
47.4725 1.00469298496
47.6727 1.05237490389
47.8729 1.20789136343
48.0731 0.902435858909
48.2733 1.05989652201
48.4735 0.964595430492
48.6737 1.06456582294
48.8739 1.03756627967
49.0741 1.06245819002
49.2743 0.859809268704
49.4745 0.848985053874
49.6747 0.897105703179
49.8749 0.859255032554
50.0751 0.848012385439
50.2753 0.881216770835
50.4755 0.980638917432
50.6757 0.934736326063
50.8759 0.717295130975
51.0761 1.01910052178
51.2763 0.839919533892
51.4765 0.998345396282
51.6767 1.10493586093
51.8769 0.921971439659
52.0771 1.04767215182
52.2773 0.992941635019
52.4775 0.803079812998
52.6777 0.901713423929
52.8779 0.929507752152
53.0782 1.08658948439
53.2784 1.17590867048
53.4786 1.12894316877
53.6788 0.768273354619
53.879 0.80716844647
54.0792 0.940709184027
54.2794 1.00929645578
54.4796 0.985401356721
54.6798 1.07126393498
54.88 0.991102726682
55.0802 0.992955227074
55.2804 1.19497736977
55.4806 0.889433077581
55.6808 0.762828781095
55.881 1.11367081023
56.0812 0.933917572359
56.2815 0.936291138355
56.4817 1.08656488105
56.6819 0.943103536406
56.8821 1.01409417483
57.0823 0.974887332578
57.2825 1.04724110056
57.4827 1.03463991618
57.6829 0.908354636147
57.8831 0.75871770428
58.0833 1.32847230551
58.2836 0.925967900239
58.4838 0.822520247053
58.684 1.05793320788
58.8842 0.929543425676
59.0844 1.0608878641
59.2846 1.12048923509
59.4848 1.01419221959
59.685 1.10708140655
59.8853 0.968604203159
60.0855 1.06364926457
60.2857 0.866302432799
60.4859 1.07234163342
60.6861 1.12235032278
60.8863 0.967067054576
61.0865 0.964240820437
61.2868 1.27141542298
61.487 0.985713966341
61.6872 0.981196817406
61.8874 1.13823342109
62.0876 1.21915829168
62.2878 1.04658950158
62.4881 0.884380819234
62.6883 0.898878091506
62.8885 0.870117267826
63.0887 0.883274029965
63.2889 1.1105667916
63.4891 0.938150541255
63.6894 1.20889971173
63.8896 1.04372327505
64.0898 1.11482513432
64.29 0.900611126167
64.4902 1.32214361754
64.6905 0.886578694819
64.8907 0.869130205045
65.0909 1.13530975078
65.2911 0.941358650997
65.4913 0.975005441881
65.6916 1.17676725348
65.8918 0.998953781144
66.092 1.12565976214
66.2922 1.1172790522
66.4924 1.02457036019
66.6927 1.00760137249
66.8929 1.09860843624
67.0931 0.701122474824
67.2933 1.25207418725
67.4936 1.03770655619
67.6938 0.923043721782
67.894 0.931692922752
68.0942 1.06384301755
68.2945 1.03026995729
68.4947 0.929918314998
68.6949 0.665397102512
68.8951 0.727468336617
69.0954 0.934465811279
69.2956 0.819054111242
69.4958 0.796162436105
69.696 1.02954836382
69.8963 1.240991962
70.0965 1.10381691342
70.2967 0.9556866477
70.4969 0.811285624013
70.6972 0.795249422983
70.8974 0.822858350041
71.0976 0.958041336972
71.2979 0.974214666777
71.4981 1.09190770675
71.6983 0.937749759435
71.8985 1.19665888515
72.0988 1.10585669287
72.299 0.93370822486
72.4992 1.06903168574
72.6995 1.0110226602
72.8997 0.944276253818
73.0999 0.736735352522
73.3002 0.806639005041
73.5004 0.832453431987
73.7006 0.811686237434
73.9009 1.02457899533
74.1011 0.901564090124
74.3013 0.940432367254
74.5016 1.08871323276
74.7018 0.986372310593
74.902 1.11400429688
75.1023 1.3943958921
75.3025 1.05397330588
75.5027 1.28997766659
75.703 0.789164052201
75.9032 0.915834793245
76.1034 1.23176067628
76.3037 0.847859439876
76.5039 0.962870570643
76.7041 0.958756190409
76.9044 1.07526831516
77.1046 0.903514723478
77.3048 0.843343486292
77.5051 1.03288652172
77.7053 0.915412498118
77.9056 1.22016919552
78.1058 1.3147522375
78.306 0.827675378821
78.5063 0.973884882369
78.7065 0.757755063643
78.9067 0.926218985949
79.107 1.29943820486
79.3072 1.09688080133
79.5075 1.0186756762
79.7077 1.0842910528
79.9079 1.0104031944
80.1082 0.929759787159
80.3084 0.596797771096
80.5087 1.10098696206
80.7089 0.959404926555
80.9091 1.00838048021
81.1094 1.07426129223
81.3096 0.898521483795
81.5099 0.997531441897
81.7101 0.829710465868
81.9104 0.921594723144
82.1106 0.96838802914
82.3108 0.967323525178
82.5111 1.0294722943
82.7113 0.871330826194
82.9116 1.03894257773
83.1118 0.9971261476
83.3121 1.02724381386
83.5123 1.27010652257
83.7126 0.827062431909
83.9128 0.73894961211
84.113 0.849842110825
84.3133 0.861674026723
84.5135 1.29061933497
84.7138 1.0607062146
84.914 0.957736802365
85.1143 1.16856190195
85.3145 1.05457596873
85.5148 0.737412499153
85.715 0.907924776031
85.9153 1.08312402547
86.1155 1.1261468734
86.3158 1.14956057462
86.516 0.712485526294
86.7163 1.10616617754
86.9165 1.0562877852
87.1168 1.00057431616
87.317 1.28186868001
87.5173 1.06151192236
87.7175 1.2011519854
87.9178 1.14374508214
88.118 0.997505008128
88.3183 0.833979135376
88.5185 0.889756626139
88.7188 0.998039673237
88.919 0.822715205687
89.1193 0.91146959247
89.3195 0.851055213989
89.5198 1.02043307624
89.72 0.883195409222
89.9203 1.0141371729
90.1205 0.865030720771
90.3208 1.01169963105
90.521 0.95982982309
90.7213 1.01961705017
90.9216 1.24665215548
91.1218 1.00629265829
91.3221 0.89362029669
91.5223 0.743585687974
91.7226 1.06172430017
91.9228 1.17401957998
92.1231 0.976597401062
92.3233 0.963222377341
92.5236 1.13161242045
92.7239 0.92404897673
92.9241 1.1994289374
93.1244 1.2238244885
93.3246 1.02244176939
93.5249 1.1979671889
93.7252 1.03880773028
93.9254 0.979760208113
94.1257 0.890203373294
94.3259 0.91458197781
94.5262 1.20526509883
94.7264 1.16800039763
94.9267 1.08247952684
95.127 0.993160142073
95.3272 0.876815620325
95.5275 0.920155210992
95.7278 0.935196522919
95.928 1.19567702964
96.1283 1.05856186968
96.3285 1.04598499333
96.5288 0.921168258252
96.7291 1.37345741955
96.9293 1.14775047574
97.1296 0.940998541504
97.3298 0.947421892624
97.5301 0.879447823232
97.7304 0.859730653631
97.9306 0.989706398773
98.1309 1.00116959864
98.3312 1.06359953207
98.5314 1.19057533715
98.7317 1.07986184307
98.932 0.932971382755
99.1322 0.977669820224
99.3325 0.986952255609
99.5328 1.06500931058
99.733 0.784519108138
99.9333 0.920835805587
