-100.0 0.959621805657
-99.8 1.06901897784
-99.6 0.757480597554
-99.4 0.921715242931
-99.2 1.01273703058
-99.0 0.961151517978
-98.8 1.23602228085
-98.6 1.0138185593
-98.4 1.19611471001
-98.2 0.850709800402
-98.0 0.860747184492
-97.8 0.841638582588
-97.6 0.947008342531
-97.4 0.953370896711
-97.2 0.80584135131
-97.0 0.938628165177
-96.8 1.01011829149
-96.6 0.989254493996
-96.4 0.745966519293
-96.2 1.24260290252
-95.9999 1.04322375072
-95.7999 1.12009550307
-95.5999 1.15358744919
-95.3999 1.02459481749
-95.1999 0.930192463932
-94.9999 1.13778828401
-94.7999 1.09941570133
-94.5999 1.26160076657
-94.3999 1.12113423287
-94.1999 1.18452581415
-93.9999 0.960771888578
-93.7999 0.773305307186
-93.5999 1.01016666119
-93.3999 1.04677107325
-93.1999 1.07972919963
-92.9998 1.00693579081
-92.7998 1.06602298057
-92.5998 1.05179643925
-92.3998 1.13789186567
-92.1998 1.08565275816
-91.9998 0.989773225673
-91.7998 0.822879402155
-91.5998 1.00562415285
-91.3998 1.14462480036
-91.1997 0.973639616136
-90.9997 0.832912774799
-90.7997 1.03449332445
-90.5997 0.95285552024
-90.3997 0.745009659584
-90.1997 0.97243048557
-89.9997 0.841791867259
-89.7997 0.870486575347
-89.5996 1.0699487861
-89.3996 1.14260734067
-89.1996 0.756843165359
-88.9996 0.881470645098
-88.7996 0.908228055187
-88.5996 0.975036375151
-88.3996 0.993657375831
-88.1995 1.12057628653
-87.9995 1.26223413401
-87.7995 1.02287583885
-87.5995 0.988558663109
-87.3995 1.01648487625
-87.1995 1.09403368042
-86.9994 0.803990160924
-86.7994 1.05135010223
-86.5994 1.15559515029
-86.3994 1.06637388858
-86.1994 0.796493371831
-85.9994 1.1059244319
-85.7993 1.06544163992
-85.5993 1.10136695768
-85.3993 0.902826214352
-85.1993 1.12525527727
-84.9993 0.935899305126
-84.7992 0.992309378903
-84.5992 0.979987734879
-84.3992 1.11596957924
-84.1992 1.07476560341
-83.9991 0.894319261817
-83.7991 1.07660761029
-83.5991 0.891455803786
-83.3991 0.981407995291
-83.1991 1.07175041792
-82.999 1.00606263886
-82.799 0.84483898319
-82.599 1.20275870617
-82.399 1.08894869529
-82.1989 0.873818407931
-81.9989 1.01635889322
-81.7989 1.050019541
-81.5989 0.923804654394
-81.3988 0.938987845283
-81.1988 0.849023862409
-80.9988 0.774353426856
-80.7988 1.15216387959
-80.5987 1.05252149681
-80.3987 1.13384355385
-80.1987 0.916883116089
-79.9987 1.09970868106
-79.7986 0.939429495423
-79.5986 0.848446663253
-79.3986 0.894103831354
-79.1986 0.897039574646
-78.9985 1.08499950765
-78.7985 0.891529087514
-78.5985 1.02126035587
-78.3984 0.854541870363
-78.1984 0.972073018485
-77.9984 1.06526122948
-77.7984 1.10241654846
-77.5983 1.07909323158
-77.3983 1.18732741644
-77.1983 0.805557158701
-76.9982 1.13620095633
-76.7982 1.225244282
-76.5982 1.09290733017
-76.3981 0.926743574603
-76.1981 1.07100524672
-75.9981 1.08336274545
-75.798 0.958678733199
-75.598 1.23146793681
-75.398 0.902688628354
-75.198 1.19942736464
-74.9979 0.97278921982
-74.7979 1.18073860208
-74.5978 0.862189817093
-74.3978 0.999450605323
-74.1978 0.890764906093
-73.9977 0.858983161539
-73.7977 1.07128986818
-73.5977 0.884328082674
-73.3976 1.02386361542
-73.1976 1.10103782577
-72.9976 0.856124414162
-72.7975 0.78668559583
-72.5975 0.887012133011
-72.3975 0.66820425651
-72.1974 0.771208052017
-71.9974 1.05420652778
-71.7973 1.11190484213
-71.5973 0.825755395946
-71.3973 0.864025805924
-71.1972 0.963090175595
-70.9972 1.10084560373
-70.7972 1.19270213738
-70.5971 0.862617279722
-70.3971 0.887628864989
-70.197 0.964037837897
-69.997 1.0651117882
-69.797 0.848313536879
-69.5969 0.940938687176
-69.3969 1.12047731813
-69.1968 0.98463823589
-68.9968 1.15081837596
-68.7968 0.951785096542
-68.5967 1.00496653741
-68.3967 1.01573479497
-68.1966 1.00021028065
-67.9966 1.01719371274
-67.7965 0.986479143922
-67.5965 1.02051603528
-67.3965 0.864990182311
-67.1964 0.733821848085
-66.9964 0.981264508491
-66.7963 0.947399673768
-66.5963 1.10773198654
-66.3962 1.0339273919
-66.1962 1.30195966139
-65.9961 1.02417047449
-65.7961 0.928674229481
-65.5961 1.0526326085
-65.396 0.878484593443
-65.196 1.14377706566
-64.9959 1.05243655215
-64.7959 0.98878257703
-64.5958 1.00035419747
-64.3958 0.915975562357
-64.1957 1.03557584586
-63.9957 0.927688977896
-63.7956 1.01266675931
-63.5956 0.885298616961
-63.3955 1.02892292094
-63.1955 0.970614361495
-62.9954 1.16159958425
-62.7954 1.03494253698
-62.5953 1.00992562218
-62.3953 1.20033715018
-62.1952 0.932052943768
-61.9952 0.971180107509
-61.7951 1.25145608444
-61.5951 1.22580282693
-61.395 1.03295262889
-61.195 1.09460622823
-60.9949 1.0447868787
-60.7949 0.933189845435
-60.5948 0.995197935859
-60.3948 1.10064720643
-60.1947 0.990098109467
-59.9947 0.91954967741
-59.7946 0.976923321146
-59.5946 0.939746813518
-59.3945 1.22575582228
-59.1944 1.16502799981
-58.9944 0.979557860819
-58.7943 0.807162188407
-58.5943 0.794680549459
-58.3942 1.08089322425
-58.1942 0.983047854668
-57.9941 0.8089721383
-57.7941 0.984176505916
-57.594 1.08259880117
-57.3939 1.10410173231
-57.1939 0.698662339322
-56.9938 1.03931176182
-56.7938 1.0119479012
-56.5937 1.2004161117
-56.3937 1.03313963796
-56.1936 0.909767661717
-55.9935 0.83372259218
-55.7935 0.973697833288
-55.5934 1.20001576874
-55.3934 1.15500705313
-55.1933 0.689378673361
-54.9932 0.790592356982
-54.7932 0.963921331769
-54.5931 0.939209568836
-54.3931 0.967185450466
-54.193 0.79436661409
-53.9929 0.922527753445
-53.7929 0.80492619713
-53.5928 1.01245084641
-53.3928 0.981903619032
-53.1927 0.995875095434
-52.9926 0.891155790147
-52.7926 1.03299869324
-52.5925 1.05613324754
-52.3924 0.998257085994
-52.1924 1.23690348203
-51.9923 1.18606051409
-51.7922 0.922079739611
-51.5922 0.778526673185
-51.3921 0.989518692561
-51.1921 0.888539299717
-50.992 1.05885348725
-50.7919 1.05670144492
-50.5919 1.07943066836
-50.3918 1.14136756478
-50.1917 0.864326054523
-49.9917 0.757629983571
-49.7916 1.04437716627
-49.5915 0.891203066754
-49.3915 0.956262168623
-49.1914 0.968146638956
-48.9913 1.08206390172
-48.7913 0.810478231849
-48.5912 1.22394253486
-48.3911 0.987681498402
-48.191 0.919399236513
-47.991 0.895419033565
-47.7909 0.900759655017
-47.5908 1.01739643442
-47.3908 0.829796275478
-47.1907 0.952990138676
-46.9906 0.711333901351
-46.7906 1.04606855353
-46.5905 0.850839158167
-46.3904 0.889078397411
-46.1903 0.880286025084
-45.9903 1.05271904747
-45.7902 0.952222575998
-45.5901 0.786922825622
-45.3901 1.23724577158
-45.19 1.04411491243
-44.9899 0.886613973276
-44.7898 0.909328927608
-44.5898 0.70656048469
-44.3897 0.80607688194
-44.1896 0.836912298421
-43.9895 1.10057820241
-43.7895 1.06566589063
-43.5894 0.986826842656
-43.3893 0.926205321076
-43.1892 0.975072566844
-42.9892 0.871160329453
-42.7891 0.907604476603
-42.589 1.06345033724
-42.3889 0.847942755247
-42.1889 1.01704031746
-41.9888 0.836551957118
-41.7887 1.03924633527
-41.5886 0.775665828851
-41.3885 0.999332934588
-41.1885 1.0160962431
-40.9884 0.959784347895
-40.7883 0.970798810549
-40.5882 0.972487782075
-40.3881 1.02548589597
-40.1881 0.941378126489
-39.988 0.979201613928
-39.7879 1.02618627063
-39.5878 1.07882619587
-39.3877 1.17516348206
-39.1877 0.968303395601
-38.9876 0.959562481627
-38.7875 0.803514156278
-38.5874 0.934507093608
-38.3873 0.828446902604
-38.1873 1.03197551282
-37.9872 1.01359539155
-37.7871 1.10244686501
-37.587 0.966209102968
-37.3869 0.857748806407
-37.1868 0.927357238784
-36.9868 1.10310944345
-36.7867 0.740590439688
-36.5866 0.853628886992
-36.3865 0.809290210324
-36.1864 1.13228461025
-35.9863 0.723308779417
-35.7862 0.832761072064
-35.5862 0.91240891832
-35.3861 0.935001673207
-35.186 1.22189113115
-34.9859 1.0877847338
-34.7858 1.01363249066
-34.5857 0.923557330884
-34.3856 0.898709692877
-34.1856 0.951559420626
-33.9855 0.840228699226
-33.7854 0.984822511086
-33.5853 1.14837531896
-33.3852 1.03206082807
-33.1851 0.898694412533
-32.985 1.07355599449
-32.7849 1.15548046923
-32.5848 1.16312831222
-32.3847 1.14913807941
-32.1847 0.925896385542
-31.9846 0.962337020761
-31.7845 1.0696985852
-31.5844 0.900327205981
-31.3843 0.935144770507
-31.1842 0.886063360055
-30.9841 0.918088581122
-30.784 1.06849032317
-30.5839 0.999428395272
-30.3838 0.971147332352
-30.1837 1.08072916267
-29.9836 0.956500087287
-29.7836 1.06757129527
-29.5835 0.983072347012
-29.3834 0.754705947936
-29.1833 1.07084725663
-28.9832 1.07640520421
-28.7831 0.941258882417
-28.583 0.898556117014
-28.3829 1.04465395991
-28.1828 1.07859071801
-27.9827 1.00445613696
-27.7826 0.929895357662
-27.5825 1.01775059158
-27.3824 1.00520361746
-27.1823 0.973252360381
-26.9822 1.16022137906
-26.7821 1.14508867787
-26.582 1.13232965801
-26.3819 0.920427710231
-26.1818 1.08900662665
-25.9817 0.955482883755
-25.7816 0.905854920998
-25.5815 0.829273942732
-25.3814 0.917838006165
-25.1813 0.919037362611
-24.9812 1.08764108917
-24.7811 0.906884772344
-24.581 1.21626312505
-24.3809 0.962180438437
-24.1808 0.906466856986
-23.9807 1.01159553312
-23.7806 0.67747670597
-23.5805 0.892371020097
-23.3804 0.686917899832
-23.1803 0.913243241678
-22.9802 1.13644160636
-22.7801 0.966345073186
-22.58 1.07724953754
-22.3799 1.12949047126
-22.1798 0.938216861295
-21.9797 0.930309193007
-21.7796 1.14147433334
-21.5795 0.82559271581
-21.3794 0.894767041393
-21.1793 1.02089115784
-20.9792 0.890202173821
-20.7791 0.871945802193
-20.579 0.734485141091
-20.3789 0.801558544085
-20.1787 0.982599502985
-19.9786 1.07594214094
-19.7785 0.814953929129
-19.5784 0.781598835542
-19.3783 1.06705160036
-19.1782 0.85097270299
-18.9781 1.03365781557
-18.778 0.953444467643
-18.5779 1.08614895085
-18.3778 0.817356764451
-18.1777 1.12228521419
-17.9776 0.947499288061
-17.7774 0.794253861455
-17.5773 1.1754784537
-17.3772 0.862515847765
-17.1771 0.688030357243
-16.977 0.936698766358
-16.7769 1.09838654092
-16.5768 1.10305510298
-16.3767 0.990079367211
-16.1766 0.802432940477
-15.9764 0.79057059903
-15.7763 0.920144227667
-15.5762 0.712697354261
-15.3761 0.804918932683
-15.176 0.898181539745
-14.9759 0.810790595982
-14.7758 1.07967736183
-14.5757 1.04702719328
-14.3755 0.443881540675
-14.1754 0.717624048077
-13.9753 0.76970654378
-13.7752 0.857006547783
-13.5751 0.771773310032
-13.375 0.898982736366
-13.1749 0.700344758883
-12.9747 0.488423331592
-12.7746 0.937599118112
-12.5745 0.777507661342
-12.3744 0.931745495561
-12.1743 0.98442951695
-11.9742 0.91943400496
-11.774 0.744118197361
-11.5739 0.91229195198
-11.3738 0.979216469971
-11.1737 1.02376680425
-10.9736 0.829793838296
-10.7734 0.653224550235
-10.5733 0.704154743565
-10.3732 1.00848647722
-10.1731 0.643636826544
-9.97296 0.67541808383
-9.77284 0.806010879864
-9.57272 0.908604012882
-9.3726 0.480217550516
-9.17248 0.774770221039
-8.97236 1.31522956895
-8.77224 1.06474864735
-8.57211 0.599267303331
-8.37199 0.9580946186
-8.17187 0.855774742233
-7.97175 0.60645354599
-7.77163 0.776072884466
-7.5715 0.774033772526
-7.37138 0.901169579013
-7.17125 0.760376594076
-6.97113 0.865549314472
-6.77101 1.0601846641
-6.57088 1.00486870028
-6.37076 0.709884417821
-6.17063 0.486467009902
-5.97051 1.29099751611
-5.77038 1.32310712819
-5.57025 0.862459828356
-5.37013 0.6276949012
-5.17 0.754331278854
-4.96987 1.09643676564
-4.76975 0.443878818697
-4.56962 0.544328002371
-4.36949 0.611849106283
-4.16937 0.51048753916
-3.96924 0.49886990283
-3.76911 0.312569048779
-3.56898 0.0343936109391
-3.36885 0.55886833992
-3.16872 0.137542572248
-2.96859 0.167627161971
-2.76846 0.235829672929
-2.56833 0.136438494263
-2.3682 0.158050803636
-2.16807 0.0345776352073
-1.96794 0.0432341241365
-1.76781 0.118698852284
-1.56768 -0.0189103745686
-1.36755 0.475647868138
-1.16742 0.93776860603
-0.967284 0.065094940002
-0.767152 0.101977903519
-0.567019 0.27389329034
-0.366886 0.166680227914
-0.166753 0.367865258014
0.0333802 0.0575842180681
0.233514 -0.0649883364779
0.433648 0.191116667831
0.633782 0.00365129419867
0.833917 0.211400229281
1.03405 0.0551782446268
1.23419 0.139438808007
1.43432 -0.0570356128712
1.63446 -0.00377037676153
1.83459 0.1753889426
2.03473 0.205935426623
2.23487 0.0539921282147
2.435 -0.119003663137
2.63514 -0.051741166562
2.83528 -0.0625534960357
3.03541 -0.0867969849909
3.23555 0.0517942782032
3.43569 0.0303146121622
3.63583 -0.0626539769875
3.83597 -0.0110576147134
4.0361 -0.011865625455
4.23624 0.0376895382686
4.43638 -0.049525209747
4.63652 -0.0779851798555
4.83666 0.0162359668538
5.0368 -0.0672061666989
5.23694 -0.00577319586154
5.43708 -0.115832682776
5.63722 -0.048892361886
5.83737 0.0328388467921
6.03751 0.0142784279365
6.23765 -0.00315044340977
6.43779 -0.14567905816
6.63793 0.0363531547777
6.83808 0.119550618949
7.03822 -0.0406322546636
7.23836 0.00721995102336
7.4385 0.242629402189
7.63865 0.335846345122
7.83879 0.18828589742
8.03894 0.320531469569
8.23908 0.627533886587
8.43923 0.405376450461
8.63937 0.0711518189721
8.83951 0.162989133084
9.03966 0.177807846243
9.23981 0.0824003469937
9.43995 0.56650245242
9.6401 0.346783671999
9.84025 0.371123057206
10.0404 0.52554455913
10.2405 0.173141832929
10.4407 0.334999575426
10.6408 0.180735291398
10.841 0.145524209798
11.0411 0.564448806051
11.2413 0.65675146467
11.4414 0.835408543656
11.6416 0.596068227802
11.8417 0.737657654007
12.0419 0.789746519004
12.242 0.948180278748
12.4422 0.905013895282
12.6423 0.391997651032
12.8425 0.648468280374
13.0426 0.738132292842
13.2428 0.755889733137
13.4429 0.980715060134
13.6431 1.21207211986
13.8432 0.449048483676
14.0434 0.620417687182
14.2435 0.722379830149
14.4437 0.700492310435
14.6438 1.10132036926
14.844 0.53291909239
15.0441 0.689566473416
15.2443 0.95138512047
15.4445 0.816678381373
15.6446 1.19637890427
15.8448 0.748660966423
16.0449 0.794748554049
16.2451 0.781252261935
16.4452 0.757216781566
16.6454 1.0932067081
16.8455 0.721718445395
17.0457 0.951812042096
17.2459 0.548690220663
17.446 0.306899605723
17.6462 0.587439551907
17.8463 0.845597916335
18.0465 0.755650664595
18.2466 0.707636044835
18.4468 0.944968460379
18.647 0.481772880373
18.8471 0.57077737979
19.0473 1.27487376293
19.2474 1.03734751468
19.4476 0.711001844892
19.6478 0.715141296899
19.8479 1.0184951367
20.0481 0.954556450355
20.2482 0.358375527537
20.4484 0.60167678548
20.6486 0.822961649633
20.8487 0.874523052807
21.0489 0.567806041662
21.249 0.786807952126
21.4492 1.050660062
21.6494 0.631727849339
21.8495 0.83362611871
22.0497 0.665933112503
22.2498 0.753325200094
22.45 0.724776926925
22.6502 0.749218665266
22.8503 0.691536265843
23.0505 0.469609449999
23.2507 0.592827236251
23.4508 0.906641918564
23.651 0.902187909295
23.8512 0.763607651742
24.0513 1.05629329149
24.2515 0.987553655188
24.4517 0.644497233806
24.6518 1.00687687258
24.852 0.806814578628
25.0522 0.68234320393
25.2523 0.91268038854
25.4525 1.34412380901
25.6527 0.860768035242
25.8528 0.734364886645
26.053 1.08667599963
26.2532 0.877416586222
26.4533 0.843824545697
26.6535 1.23483030269
26.8537 1.0040558351
27.0538 1.09839310286
27.254 1.06133467265
27.4542 0.996811660878
27.6544 0.76093494017
27.8545 0.642302405268
28.0547 0.862302122462
28.2549 0.830009501515
28.455 0.864461998672
28.6552 0.92244561252
28.8554 1.05088634126
29.0556 0.694077527244
29.2557 0.872308351152
29.4559 0.943908312346
29.6561 0.850919254959
29.8562 0.871084215765
30.0564 1.07297735091
30.2566 0.925053706065
30.4568 0.928663703591
30.6569 1.15129500338
30.8571 0.858398949238
31.0573 0.880073697754
31.2575 0.873428938836
31.4576 1.06614252895
31.6578 1.01175818734
31.858 1.1065907556
32.0582 0.975232574146
32.2583 1.17533133949
32.4585 1.24624865056
32.6587 1.03728052031
32.8589 1.05086268933
33.0591 0.910492913093
33.2592 1.01297502407
33.4594 1.0245097923
33.6596 0.910583154077
33.8598 0.925289283747
34.0599 1.03337854388
34.2601 0.877326345842
34.4603 0.802619211788
34.6605 1.06941687982
34.8607 1.18191908942
35.0608 1.12522102561
35.261 0.957564597625
35.4612 1.06948842245
35.6614 0.937267039586
35.8616 0.865267171015
36.0617 0.844571329285
36.2619 0.825561903536
36.4621 0.83372313777
36.6623 0.853715257339
36.8625 1.04732943151
37.0627 1.21113521194
37.2628 1.16097878959
37.463 0.972784231884
37.6632 0.905875924805
37.8634 1.03250471245
38.0636 0.653287213459
38.2638 1.25524501673
38.4639 1.00035236245
38.6641 0.982792523942
38.8643 0.823423842382
39.0645 0.753995676639
39.2647 0.947027701114
39.4649 1.29928160268
39.6651 1.04135389949
39.8652 0.991203528685
40.0654 0.865696993386
40.2656 0.959858126652
40.4658 0.932915059158
40.666 0.823908129738
40.8662 0.89312144753
41.0664 1.16341896495
41.2666 1.09671069476
41.4668 0.98546433583
41.6669 0.851065686993
41.8671 1.00714923904
42.0673 1.0037348787
42.2675 0.959280497838
42.4677 1.14523225513
42.6679 0.961892712255
42.8681 0.984559855216
43.0683 1.35464138871
43.2685 1.03905882534
43.4687 0.986350667097
43.6688 1.05476685657
43.869 0.967486172438
44.0692 0.674328362579
44.2694 0.983903922409
44.4696 1.12778980309
44.6698 1.12788654678
44.87 1.40356177693
45.0702 0.79834850239
45.2704 0.855661049679
45.4706 0.8844569046
45.6708 0.920878408773
45.871 1.02605834753
46.0712 0.64966451367
46.2714 0.845318740419
46.4716 0.848770359973
46.6718 0.880302621428
46.8719 0.934599532481
47.0721 1.00317156619
47.2723 1.02481233613
47.4725 1.05027811563
47.6727 0.985934108344
47.8729 1.14820317937
48.0731 1.04467562642
48.2733 1.24175555903
48.4735 0.961124116661
48.6737 1.01575068909
48.8739 1.14613578592
49.0741 1.06008315473
49.2743 0.974662855023
49.4745 1.08018808617
49.6747 1.16893453627
49.8749 1.25774736881
50.0751 0.918475038771
50.2753 0.867375809696
50.4755 1.01354134272
50.6757 0.942955187368
50.8759 0.997082554177
51.0761 1.04337082117
51.2763 1.07205545386
51.4765 1.06502834813
51.6767 1.05459629731
51.8769 0.933621292042
52.0771 1.00140598667
52.2773 0.864831416636
52.4775 0.930437418852
52.6777 0.771316588503
52.8779 0.746320513575
53.0782 1.03845821091
53.2784 1.06134738279
53.4786 1.11977388065
53.6788 1.16416040382
53.879 0.983087818934
54.0792 1.01592615891
54.2794 1.05296959145
54.4796 1.06688791904
54.6798 0.978140964247
54.88 0.934217429014
55.0802 0.945103057545
55.2804 1.11916975733
55.4806 0.744967535411
55.6808 1.04552388795
55.881 0.913231930685
56.0812 1.01264567139
56.2815 0.85061509447
56.4817 1.00929598131
56.6819 1.15834909567
56.8821 0.836910512936
57.0823 0.783364278518
57.2825 0.84393471315
57.4827 0.949435463543
57.6829 0.835062522094
57.8831 0.832746682659
58.0833 0.982220501786
58.2836 0.926706644925
58.4838 0.785446320235
58.684 1.02998602477
58.8842 0.95473005605
59.0844 1.16112425754
59.2846 0.79437673861
59.4848 1.04160063999
59.685 1.09575733237
59.8853 0.976886786737
60.0855 1.10833001567
60.2857 1.1076270345
60.4859 1.04044676149
60.6861 0.931423001352
60.8863 1.15669613113
61.0865 0.968315423011
61.2868 1.01082318141
61.487 1.14438190634
61.6872 0.994500255879
61.8874 0.964433148097
62.0876 1.07993318654
62.2878 0.917738498734
62.4881 0.917970071611
62.6883 0.812225454251
62.8885 1.11057787886
63.0887 1.01790706631
63.2889 1.23519668174
63.4891 1.13720574855
63.6894 1.04741222007
63.8896 1.03087974571
64.0898 1.02810862784
64.29 1.10023587941
64.4902 0.953727736507
64.6905 0.958983289587
64.8907 1.02332122182
65.0909 1.08966246361
65.2911 0.750989203363
65.4913 0.979407869855
65.6916 0.976085267771
65.8918 1.09656553494
66.092 0.932080165331
66.2922 1.06979624536
66.4924 0.892582412572
66.6927 1.11914549282
66.8929 1.11291473161
67.0931 1.06084458965
67.2933 0.928037453096
67.4936 1.05528434156
67.6938 1.00933302176
67.894 1.05451713882
68.0942 0.979568732091
68.2945 0.941217603308
68.4947 1.0977325335
68.6949 1.00862797378
68.8951 1.10311611611
69.0954 0.822191044921
69.2956 0.836624569424
69.4958 0.900717288968
69.696 0.827624092406
69.8963 0.983399365413
70.0965 0.87989701844
70.2967 0.942463109295
70.4969 0.898758108737
70.6972 1.15730906637
70.8974 0.78557042654
71.0976 0.867887378928
71.2979 0.957855397085
71.4981 0.807742880349
71.6983 1.09575869684
71.8985 1.08661715947
72.0988 0.991196867312
72.299 1.07722828533
72.4992 1.14677530296
72.6995 1.18957399419
72.8997 0.828298206742
73.0999 0.819000322454
73.3002 0.939321287517
73.5004 1.07516419945
73.7006 0.881555405793
73.9009 0.927109676324
74.1011 1.13213130082
74.3013 1.06294509212
74.5016 0.898641895371
74.7018 0.824297206696
74.902 0.970872643618
75.1023 1.02161503406
75.3025 0.969576604247
75.5027 1.09557363885
75.703 1.01055412643
75.9032 0.862427782875
76.1034 0.836019160016
76.3037 1.05590220259
76.5039 0.812140629083
76.7041 1.19352893794
76.9044 1.13732229511
77.1046 1.06410501155
77.3048 1.00729212389
77.5051 1.02349733463
77.7053 0.917087057805
77.9056 1.05044379778
78.1058 1.23943308592
78.306 0.942924586133
78.5063 0.808789847526
78.7065 1.04820334905
78.9067 1.03445975041
79.107 0.83117025989
79.3072 0.909042203522
79.5075 0.957053629864
79.7077 0.863349476564
79.9079 0.991267996365
80.1082 0.917135047067
80.3084 0.993824854622
80.5087 1.03295919911
80.7089 1.04839583766
80.9091 0.842900335869
81.1094 1.0356662653
81.3096 0.876284913256
81.5099 1.06232586452
81.7101 0.902557148956
81.9104 0.965018589309
82.1106 0.947158945647
82.3108 1.07409893203
82.5111 0.945352442846
82.7113 1.01696276412
82.9116 1.04162443962
83.1118 1.04691366015
83.3121 0.878137010742
83.5123 0.81379946805
83.7126 1.0001982485
83.9128 1.21669118061
84.113 1.0285671213
84.3133 1.17731492704
84.5135 1.05221192566
84.7138 0.802534455572
84.914 0.980184788511
85.1143 0.979492148882
85.3145 0.771824080946
85.5148 0.881857135387
85.715 0.961158017669
85.9153 1.00557605346
86.1155 1.09300711552
86.3158 0.925493528402
86.516 0.97895357811
86.7163 0.980312249274
86.9165 1.03513706955
87.1168 0.924748896009
87.317 0.779343033737
87.5173 1.07959645801
87.7175 1.09456884733
87.9178 1.20588823834
88.118 1.16743483644
88.3183 1.12199639654
88.5185 1.03217755997
88.7188 0.832602031593
88.919 0.985250316026
89.1193 0.900664174556
89.3195 1.15984136189
89.5198 0.897824859456
89.72 1.06426378978
89.9203 0.83120235555
90.1205 0.937701917794
90.3208 0.892733012799
90.521 1.21887197051
90.7213 1.0373630842
90.9216 0.825319813027
91.1218 1.02231035105
91.3221 0.783176908956
91.5223 1.02610798315
91.7226 0.864984009917
91.9228 0.986582093447
92.1231 1.03563535707
92.3233 0.72156267517
92.5236 0.945253124522
92.7239 1.00595372817
92.9241 1.28314458214
93.1244 1.05732277403
93.3246 0.889150817423
93.5249 0.934007231757
93.7252 0.781274395979
93.9254 1.16671306941
94.1257 0.933617815823
94.3259 0.930588052718
94.5262 1.04369947635
94.7264 1.15658120513
94.9267 1.09697600776
95.127 1.11178637844
95.3272 1.01106329911
95.5275 1.1105685024
95.7278 0.898501690067
95.928 1.07478643201
96.1283 1.04429810942
96.3285 1.07448727185
96.5288 1.08855686145
96.7291 0.789790818472
96.9293 1.15901372004
97.1296 1.06761397629
97.3298 1.3117651923
97.5301 1.10484040388
97.7304 1.49014326405
97.9306 1.04724697817
98.1309 1.14951956092
98.3312 0.877724078905
98.5314 0.892860894568
98.7317 0.952108953442
98.932 1.07363686564
99.1322 1.1963942847
99.3325 1.10936509449
99.5328 1.1371736828
99.733 0.86448088528
99.9333 0.886961610372
