-100.0 0.801978341893
-99.8 0.676580351151
-99.6 0.648080512101
-99.4 1.0333521118
-99.2 1.18919347842
-99.0 0.859500611974
-98.8 0.906909593961
-98.6 1.0294522898
-98.4 0.618046719177
-98.2 1.19472591438
-98.0 0.989531754783
-97.8 1.10617527251
-97.6 1.02892182051
-97.4 1.02067689637
-97.2 0.998235529794
-97.0 1.33174382038
-96.8 0.942941103122
-96.6 1.35101662552
-96.4 0.744310792581
-96.2 1.07927040906
-95.9999 1.07089213139
-95.7999 1.1429481551
-95.5999 1.02985969256
-95.3999 1.2245954829
-95.1999 1.26490200074
-94.9999 0.850034339141
-94.7999 0.871052171602
-94.5999 1.18906148505
-94.3999 0.842483531995
-94.1999 1.28917411289
-93.9999 0.837152105485
-93.7999 1.07697539002
-93.5999 0.978297468633
-93.3999 1.16908695602
-93.1999 1.06180048685
-92.9998 1.11784929095
-92.7998 0.86605184423
-92.5998 0.773769415293
-92.3998 1.07754018601
-92.1998 1.02370036285
-91.9998 0.780528189508
-91.7998 0.931119028285
-91.5998 0.945464226619
-91.3998 0.930404652521
-91.1997 1.06435875709
-90.9997 1.14511941204
-90.7997 0.865292415011
-90.5997 0.717825920806
-90.3997 0.830312438908
-90.1997 1.07986361046
-89.9997 1.21983032715
-89.7997 1.1333699353
-89.5996 1.11469906673
-89.3996 0.514662162846
-89.1996 0.801919856006
-88.9996 0.993619089113
-88.7996 1.10890089387
-88.5996 1.21870906633
-88.3996 0.725607298986
-88.1995 0.680536142523
-87.9995 1.16639669802
-87.7995 0.748643000361
-87.5995 0.904225575882
-87.3995 1.28953927379
-87.1995 1.1041665338
-86.9994 1.00928216199
-86.7994 0.919420133898
-86.5994 1.02918433695
-86.3994 0.817736493486
-86.1994 0.979782348191
-85.9994 1.07057154509
-85.7993 0.974278441822
-85.5993 1.14988049845
-85.3993 1.07489835622
-85.1993 0.989554987387
-84.9993 1.33645656884
-84.7992 1.30759567023
-84.5992 0.958444507748
-84.3992 0.985634775414
-84.1992 1.26373434931
-83.9991 1.09403656912
-83.7991 1.08198933549
-83.5991 0.953519871096
-83.3991 1.05235180393
-83.1991 1.11987860266
-82.999 1.01050341069
-82.799 0.957830396898
-82.599 0.781846521091
-82.399 0.913626501896
-82.1989 1.12483492482
-81.9989 0.761710385224
-81.7989 1.00409590568
-81.5989 1.27409529535
-81.3988 1.10096101284
-81.1988 1.0268121421
-80.9988 0.86768188205
-80.7988 0.776891380462
-80.5987 0.760893706537
-80.3987 0.832863492497
-80.1987 1.27141480737
-79.9987 1.05803296543
-79.7986 0.962807287165
-79.5986 0.953516255134
-79.3986 1.28435601691
-79.1986 1.07159095525
-78.9985 1.47018017318
-78.7985 1.13206099625
-78.5985 1.36896538334
-78.3984 1.22548972857
-78.1984 0.748627043562
-77.9984 0.855802157147
-77.7984 1.16103637593
-77.5983 1.06990132819
-77.3983 1.42652205954
-77.1983 1.03835486852
-76.9982 1.04422281702
-76.7982 0.810777830076
-76.5982 0.558982495099
-76.3981 0.764866504531
-76.1981 0.987244077699
-75.9981 0.733016201973
-75.798 1.06801291095
-75.598 1.02899401199
-75.398 1.10166713947
-75.198 0.944341174097
-74.9979 1.00977369263
-74.7979 0.646436847835
-74.5978 1.00283363224
-74.3978 1.34887991488
-74.1978 1.1102351046
-73.9977 0.795046422301
-73.7977 0.790059522605
-73.5977 0.836086550988
-73.3976 0.929085430634
-73.1976 0.72663572515
-72.9976 1.32985204242
-72.7975 0.886485042278
-72.5975 0.843382311381
-72.3975 0.895223745204
-72.1974 0.850000776433
-71.9974 0.647239493964
-71.7973 1.03398717551
-71.5973 1.1830056613
-71.3973 0.894253208288
-71.1972 1.03756184916
-70.9972 1.49223073053
-70.7972 1.34586492299
-70.5971 0.870653307024
-70.3971 0.957762991438
-70.197 0.875509051876
-69.997 0.900482327798
-69.797 1.17716512791
-69.5969 0.879386047316
-69.3969 0.883282528131
-69.1968 1.13824469177
-68.9968 0.989202796369
-68.7968 1.26910456905
-68.5967 0.885014619423
-68.3967 1.05319388319
-68.1966 0.886750219309
-67.9966 1.12816050175
-67.7965 0.998232512151
-67.5965 1.07176066266
-67.3965 1.09035574056
-67.1964 1.25609705691
-66.9964 0.836758339581
-66.7963 0.967760914681
-66.5963 0.944532880265
-66.3962 1.02878887861
-66.1962 0.851529849613
-65.9961 0.86005520085
-65.7961 0.805500463164
-65.5961 0.837927806968
-65.396 0.866259980153
-65.196 1.1571964671
-64.9959 1.31751705581
-64.7959 1.05619109173
-64.5958 0.989365514031
-64.3958 0.886868899008
-64.1957 1.04881830848
-63.9957 0.964136260698
-63.7956 0.852589069041
-63.5956 1.00157394867
-63.3955 1.19897440748
-63.1955 0.957327216647
-62.9954 0.91441389976
-62.7954 0.911406608688
-62.5953 1.12791128746
-62.3953 1.1865799457
-62.1952 0.920809770686
-61.9952 1.09069156156
-61.7951 1.03350512387
-61.5951 0.852963672382
-61.395 0.900479581496
-61.195 1.10676223067
-60.9949 0.729605242295
-60.7949 0.96209701213
-60.5948 0.795626476094
-60.3948 1.12255894088
-60.1947 1.00320908001
-59.9947 0.859482042024
-59.7946 1.21715745975
-59.5946 1.22386209638
-59.3945 0.782525241751
-59.1944 1.00641404519
-58.9944 0.931675543403
-58.7943 1.04975076266
-58.5943 1.16953765146
-58.3942 1.07266568408
-58.1942 1.15707447152
-57.9941 0.89742880343
-57.7941 1.14649961168
-57.594 0.972659319831
-57.3939 0.848613394682
-57.1939 0.966190894269
-56.9938 1.19567854303
-56.7938 0.762331972351
-56.5937 1.1169514228
-56.3937 1.17981252732
-56.1936 0.934392798388
-55.9935 1.06482454711
-55.7935 1.30888053206
-55.5934 1.42018800685
-55.3934 0.913216681055
-55.1933 0.921548879709
-54.9932 1.582507269
-54.7932 1.09567007977
-54.5931 0.8777714698
-54.3931 1.04311829356
-54.193 1.11954353539
-53.9929 1.19912101587
-53.7929 1.24686546004
-53.5928 1.08437819102
-53.3928 0.943748110941
-53.1927 0.758688030473
-52.9926 0.89906024141
-52.7926 0.90792620065
-52.5925 1.05927969033
-52.3924 0.8503832774
-52.1924 0.73263174759
-51.9923 1.08119905087
-51.7922 1.05523862878
-51.5922 0.879346060532
-51.3921 1.05826215934
-51.1921 1.10654020499
-50.992 0.9154319553
-50.7919 0.935815401481
-50.5919 0.933447062374
-50.3918 1.10344357879
-50.1917 0.927243526769
-49.9917 0.996549699716
-49.7916 1.13642318911
-49.5915 0.867527263372
-49.3915 0.947931157206
-49.1914 1.26588130466
-48.9913 0.923004079205
-48.7913 0.936383699078
-48.5912 1.04062012295
-48.3911 0.740990223254
-48.191 0.881928130564
-47.991 0.813187211566
-47.7909 0.474678945962
-47.5908 0.838070812751
-47.3908 0.863071604201
-47.1907 0.718625594392
-46.9906 0.781494717401
-46.7906 0.667044655248
-46.5905 1.00489162533
-46.3904 0.769072934488
-46.1903 1.32505578911
-45.9903 1.22160402851
-45.7902 1.00482734713
-45.5901 0.942437520055
-45.3901 0.882253344492
-45.19 0.922620559159
-44.9899 0.744039011237
-44.7898 0.984798819038
-44.5898 0.677001890764
-44.3897 0.959943163596
-44.1896 0.946541243731
-43.9895 0.829766210165
-43.7895 1.4233883123
-43.5894 0.8164000596
-43.3893 1.1253693801
-43.1892 0.702686586654
-42.9892 1.02213796844
-42.7891 0.791442686402
-42.589 0.978596973668
-42.3889 0.752460813595
-42.1889 1.08157314732
-41.9888 1.06266034555
-41.7887 1.13350105134
-41.5886 1.13424786205
-41.3885 1.04613721209
-41.1885 0.816167866744
-40.9884 0.724945104663
-40.7883 0.926999729628
-40.5882 1.12877899658
-40.3881 0.859801289994
-40.1881 0.763542502131
-39.988 0.974275477328
-39.7879 0.773948759122
-39.5878 1.10890827621
-39.3877 1.24184224149
-39.1877 0.746845044276
-38.9876 0.935462918847
-38.7875 0.88721075054
-38.5874 0.999721850952
-38.3873 1.02424557128
-38.1873 0.729373142679
-37.9872 1.05978313564
-37.7871 0.8472457715
-37.587 0.843176535315
-37.3869 1.18669117235
-37.1868 1.25880240383
-36.9868 0.961845488741
-36.7867 1.31429847902
-36.5866 1.33763272739
-36.3865 1.15236284706
-36.1864 1.2626615222
-35.9863 1.20538822047
-35.7862 0.59239007045
-35.5862 0.920213097234
-35.3861 1.12165092344
-35.186 1.01681588448
-34.9859 1.01972605726
-34.7858 1.25170837396
-34.5857 1.06970946984
-34.3856 0.794817522529
-34.1856 1.21550491578
-33.9855 0.956563418344
-33.7854 0.825451135038
-33.5853 1.02257810134
-33.3852 1.05847141967
-33.1851 1.23591646476
-32.985 1.01379609823
-32.7849 1.24581349929
-32.5848 1.02711667373
-32.3847 1.17055828903
-32.1847 0.851012155121
-31.9846 0.763371329268
-31.7845 0.939230297659
-31.5844 1.18012454894
-31.3843 1.00132216803
-31.1842 1.21356035665
-30.9841 0.988829418914
-30.784 1.22041614278
-30.5839 1.21065097011
-30.3838 0.645841957945
-30.1837 1.18459774642
-29.9836 0.65194455831
-29.7836 1.10028256078
-29.5835 1.21393742069
-29.3834 0.73797201985
-29.1833 1.05307535852
-28.9832 1.01217348126
-28.7831 1.04705196213
-28.583 1.16124849101
-28.3829 1.18823451868
-28.1828 0.809569117167
-27.9827 1.09077068747
-27.7826 1.01589476357
-27.5825 0.833073703295
-27.3824 0.884876415534
-27.1823 1.21354905928
-26.9822 0.858944665799
-26.7821 0.990676087948
-26.582 1.1358233692
-26.3819 1.00198985614
-26.1818 0.999996154832
-25.9817 1.21696210923
-25.7816 1.10737175388
-25.5815 1.40927046483
-25.3814 1.14428814996
-25.1813 0.75063953412
-24.9812 0.689837074385
-24.7811 0.631945512045
-24.581 0.857680376456
-24.3809 0.841518475758
-24.1808 1.09316621564
-23.9807 0.929345202092
-23.7806 1.45416305763
-23.5805 0.925032540599
-23.3804 0.648774765352
-23.1803 1.09234747599
-22.9802 0.9861970443
-22.7801 1.36722357965
-22.58 0.954873056999
-22.3799 0.944522141309
-22.1798 0.974860450098
-21.9797 1.06569103004
-21.7796 1.22457970354
-21.5795 0.876127501371
-21.3794 0.617189079905
-21.1793 1.17321488252
-20.9792 1.02614599758
-20.7791 0.777594307049
-20.579 1.24510387479
-20.3789 1.05397407184
-20.1787 1.13688788037
-19.9786 1.29078014301
-19.7785 1.06576600071
-19.5784 0.945063230019
-19.3783 1.226337873
-19.1782 0.875009324042
-18.9781 1.16835726518
-18.778 0.97200934872
-18.5779 1.00932012371
-18.3778 0.990663385964
-18.1777 1.07810456374
-17.9776 1.25706196593
-17.7774 1.1888163735
-17.5773 1.03625794317
-17.3772 1.16890600289
-17.1771 0.709124353146
-16.977 1.06510976907
-16.7769 0.972428453647
-16.5768 1.15648088509
-16.3767 1.25462881239
-16.1766 0.758560248254
-15.9764 1.37028744823
-15.7763 0.740130489924
-15.5762 0.926260998618
-15.3761 1.51046375472
-15.176 1.07557041649
-14.9759 0.756582672633
-14.7758 0.673745300014
-14.5757 0.73645466683
-14.3755 0.474953125453
-14.1754 0.968693962071
-13.9753 1.36811357868
-13.7752 1.3650902133
-13.5751 1.03410495028
-13.375 1.13758110052
-13.1749 1.16557932184
-12.9747 1.18079854299
-12.7746 0.80375878128
-12.5745 0.394445913386
-12.3744 0.990193653995
-12.1743 1.11210198857
-11.9742 1.26771604863
-11.774 0.973319263067
-11.5739 1.108443987
-11.3738 1.20789424225
-11.1737 1.31859066534
-10.9736 1.09028413923
-10.7734 1.06519556614
-10.5733 1.13076416092
-10.3732 0.599670969945
-10.1731 1.19684344172
-9.97296 0.666952588439
-9.77284 0.800471252743
-9.57272 0.897229926174
-9.3726 1.08296945695
-9.17248 1.0429959529
-8.97236 0.678419986145
-8.77224 0.820345953186
-8.57211 0.835592570153
-8.37199 1.02258053461
-8.17187 0.861468402261
-7.97175 0.964315513591
-7.77163 0.71366971707
-7.5715 0.822980764259
-7.37138 1.15126760336
-7.17125 0.714602461412
-6.97113 0.599465900542
-6.77101 0.654190370704
-6.57088 1.43117081313
-6.37076 0.259520266816
-6.17063 0.584522914837
-5.97051 0.78243965095
-5.77038 1.33168141291
-5.57025 0.805233005951
-5.37013 0.530155764392
-5.17 0.817437248711
-4.96987 1.17294993896
-4.76975 0.287849385746
-4.56962 1.1400819184
-4.36949 0.485855330797
-4.16937 1.09374783137
-3.96924 0.762279055788
-3.76911 0.716571971164
-3.56898 0.572134441222
-3.36885 0.781899301292
-3.16872 1.14443478466
-2.96859 0.499606818365
-2.76846 1.08966449715
-2.56833 0.764703206602
-2.3682 1.10945497417
-2.16807 0.529822487645
-1.96794 0.673592143686
-1.76781 1.3098147694
-1.56768 0.749354177687
-1.36755 0.221143534743
-1.16742 1.11551571701
-0.967284 0.107177323804
-0.767152 0.598398613165
-0.567019 0.402767979452
-0.366886 0.531270940737
-0.166753 0.648831446165
0.0333802 0.537970010953
0.233514 0.155823498759
0.433648 0.13286485616
0.633782 0.102469128046
0.833917 0.106218354133
1.03405 0.513397824163
1.23419 0.271313888226
1.43432 0.118631081386
1.63446 0.0920152011712
1.83459 0.0778171238475
2.03473 0.4567537182
2.23487 0.455599578324
2.435 0.0518557723843
2.63514 0.125903270472
2.83528 0.359752892473
3.03541 0.138984384081
3.23555 0.118037556941
3.43569 -0.230677257546
3.63583 0.0650985444451
3.83597 0.0380531315403
4.0361 0.103735016869
4.23624 0.138540388411
4.43638 0.0412765623383
4.63652 0.202776164635
4.83666 0.0132264336476
5.0368 -0.0313851599803
5.23694 0.209308219917
5.43708 0.0191276719541
5.63722 -0.0299337931775
5.83737 0.452121927042
6.03751 0.0153959253977
6.23765 0.149218922297
6.43779 -0.0152290178099
6.63793 0.143288710508
6.83808 0.106689281597
7.03822 0.473702462298
7.23836 0.248874023137
7.4385 0.42384232441
7.63865 1.32771770452
7.83879 0.409354791957
8.03894 0.308152964307
8.23908 0.837373373288
8.43923 0.207557708761
8.63937 0.177067409132
8.83951 0.253553904985
9.03966 0.161971011777
9.23981 0.166201995641
9.43995 0.411644657771
9.6401 0.175720749048
9.84025 0.509658552887
10.0404 1.07641486224
10.2405 1.35560347219
10.4407 0.115484679082
10.6408 1.19317245709
10.841 0.142435501191
11.0411 0.969655916116
11.2413 0.413348141833
11.4414 0.151451904241
11.6416 0.730017173598
11.8417 0.408747523873
12.0419 0.72434397565
12.242 0.785092435724
12.4422 0.235979504509
12.6423 0.496063777966
12.8425 0.200646800144
13.0426 0.158773228316
13.2428 0.613749155065
13.4429 0.482636637171
13.6431 0.0551030098188
13.8432 -0.0375001557688
14.0434 0.30650444014
14.2435 0.05321608096
14.4437 0.18973691764
14.6438 0.248425121216
14.844 0.096865044399
15.0441 0.0535403022301
15.2443 0.469161890887
15.4445 0.496411848476
15.6446 0.35131257072
15.8448 0.918441973126
16.0449 0.0842333286984
16.2451 0.0693154166832
16.4452 0.108894774377
16.6454 0.269166872139
16.8455 0.355434514034
17.0457 0.12666223768
17.2459 0.146026404486
17.446 1.05840448079
17.6462 0.197838189389
17.8463 0.394484874959
18.0465 0.539191209783
18.2466 1.23364622141
18.4468 0.58676189969
18.647 0.724826189412
18.8471 0.586575605846
19.0473 0.482911576936
19.2474 0.991757819726
19.4476 0.357874715277
19.6478 0.70318730318
19.8479 1.00402475137
20.0481 0.711427960355
20.2482 0.878184387213
20.4484 0.336618768778
20.6486 0.780358731641
20.8487 0.728537599769
21.0489 0.75738449523
21.249 0.686288713418
21.4492 0.285749641427
21.6494 0.95002970071
21.8495 0.903235391155
22.0497 0.618884360251
22.2498 1.12874031549
22.45 0.298324043328
22.6502 1.05616030262
22.8503 0.960553882982
23.0505 1.08459788815
23.2507 0.630957550576
23.4508 0.629834063183
23.651 0.89097163456
23.8512 0.5045022564
24.0513 0.474144349625
24.2515 0.778160670202
24.4517 0.908707332701
24.6518 0.811253953568
24.852 0.745658086221
25.0522 0.765193219373
25.2523 1.1721966311
25.4525 1.08109172362
25.6527 0.744824612608
25.8528 0.778508871614
26.053 0.843766421284
26.2532 1.18877194812
26.4533 1.04581563248
26.6535 1.41799629795
26.8537 1.38058221883
27.0538 0.812361968399
27.254 0.773538919043
27.4542 0.559808088814
27.6544 0.954058286771
27.8545 1.08204732411
28.0547 1.10318767216
28.2549 0.876841962031
28.455 0.739961727492
28.6552 1.17251485288
28.8554 1.20212948614
29.0556 0.866506791159
29.2557 1.14046240007
29.4559 0.650809157055
29.6561 0.97076570213
29.8562 1.31455360011
30.0564 1.02704203319
30.2566 1.37900651145
30.4568 0.721859559554
30.6569 1.02648729515
30.8571 0.974015771
31.0573 1.51493653856
31.2575 1.07367934588
31.4576 1.16509957445
31.6578 1.2996329038
31.858 0.873464355099
32.0582 0.794359086655
32.2583 1.14673283505
32.4585 1.24778900252
32.6587 0.751538669735
32.8589 0.873856558827
33.0591 1.05539584772
33.2592 0.825774953059
33.4594 0.929643132032
33.6596 0.853385925267
33.8598 1.42728887833
34.0599 1.17268544541
34.2601 1.13022352273
34.4603 0.84408521355
34.6605 0.751040013384
34.8607 0.625254514358
35.0608 1.26307852022
35.261 0.827682191745
35.4612 0.78500018939
35.6614 1.05209394471
35.8616 0.938213143129
36.0617 1.16939855073
36.2619 1.01641328478
36.4621 0.770174104464
36.6623 1.2112510944
36.8625 0.954908923143
37.0627 1.23800415793
37.2628 0.956966834557
37.463 0.80797298365
37.6632 0.657654804391
37.8634 1.37725455499
38.0636 1.08619750703
38.2638 0.994369590912
38.4639 1.01996136966
38.6641 1.26068494329
38.8643 0.81255298331
39.0645 1.10615744719
39.2647 1.11610744288
39.4649 0.984067734834
39.6651 0.885566608481
39.8652 1.09233983156
40.0654 0.888144653017
40.2656 0.963867528459
40.4658 0.929665910869
40.666 0.703545875038
40.8662 1.19482489871
41.0664 0.495758817119
41.2666 1.10659071479
41.4668 1.16916544404
41.6669 1.28238057431
41.8671 1.04971389197
42.0673 0.863867391582
42.2675 0.700682171703
42.4677 0.983357484957
42.6679 1.06760041564
42.8681 1.00126489624
43.0683 1.26044785847
43.2685 0.703559278535
43.4687 0.91478621284
43.6688 1.29237536233
43.869 0.880420459293
44.0692 0.965529525211
44.2694 0.971057543343
44.4696 1.06350122265
44.6698 0.84521386105
44.87 1.19241292276
45.0702 1.26625756974
45.2704 1.21952014611
45.4706 0.85805406973
45.6708 1.07398242233
45.871 1.01555315527
46.0712 1.19450696283
46.2714 1.0141453859
46.4716 0.759809902496
46.6718 0.884911380497
46.8719 0.638377876953
47.0721 0.994366038776
47.2723 0.752318195608
47.4725 1.0262785414
47.6727 1.10634920385
47.8729 0.627659127948
48.0731 1.09460323126
48.2733 1.32613671233
48.4735 1.12875609777
48.6737 0.888479029656
48.8739 0.851628843498
49.0741 0.787414840094
49.2743 0.706517516776
49.4745 0.844564758445
49.6747 0.749271732146
49.8749 0.467935943147
50.0751 0.892444299771
50.2753 1.24375281367
50.4755 1.02705504843
50.6757 0.881830970173
50.8759 0.959337221489
51.0761 1.22114850496
51.2763 1.3046444376
51.4765 0.586089551424
51.6767 0.884020729095
51.8769 0.911798053043
52.0771 0.699494250769
52.2773 0.661548396904
52.4775 0.86760636574
52.6777 1.31620046319
52.8779 1.04656913304
53.0782 0.833971535007
53.2784 0.947231393365
53.4786 0.922621633524
53.6788 0.910607199831
53.879 1.09456228251
54.0792 0.802510669847
54.2794 0.960283328563
54.4796 1.05669242264
54.6798 0.920004622526
54.88 0.991509496308
55.0802 1.11975348186
55.2804 0.945699436145
55.4806 0.580611352563
55.6808 0.79648325923
55.881 1.22026105132
56.0812 0.91121401658
56.2815 1.15469381098
56.4817 0.791439739497
56.6819 0.822070078174
56.8821 1.17785550946
57.0823 0.905464367606
57.2825 1.00588113328
57.4827 1.02130849001
57.6829 0.887824842074
57.8831 0.983018407454
58.0833 0.874826794507
58.2836 0.801002405891
58.4838 1.050391464
58.684 1.04964623192
58.8842 1.02333623401
59.0844 1.16492645146
59.2846 1.02580284096
59.4848 1.17599772128
59.685 1.1253716289
59.8853 0.648789656144
60.0855 0.829358469335
60.2857 0.957472156853
60.4859 0.979243589325
60.6861 0.950010070187
60.8863 0.950159009697
61.0865 1.01940815394
61.2868 0.768498490103
61.487 1.16427745025
61.6872 0.655953384006
61.8874 1.05050299405
62.0876 0.904132310477
62.2878 0.740888733259
62.4881 0.954882499952
62.6883 0.979435552599
62.8885 0.744303714029
63.0887 1.1428099812
63.2889 0.973754406179
63.4891 0.56080261666
63.6894 0.93641486604
63.8896 0.99647557071
64.0898 1.10428982738
64.29 1.00954127964
64.4902 0.741570365901
64.6905 0.778943655292
64.8907 0.990744817343
65.0909 0.922915435097
65.2911 1.09706407059
65.4913 1.1063506973
65.6916 1.06941590919
65.8918 1.11163380719
66.092 0.775955080469
66.2922 0.80082299836
66.4924 0.898837494664
66.6927 0.866766365825
66.8929 0.922120275885
67.0931 0.983996845836
67.2933 1.1187748294
67.4936 1.10405764992
67.6938 0.998947862781
67.894 1.14995985142
68.0942 1.31006224232
68.2945 0.868500472386
68.4947 1.09278026184
68.6949 1.20311743062
68.8951 1.08164117794
69.0954 0.862689623375
69.2956 0.969967715012
69.4958 1.17943145574
69.696 1.2156097595
69.8963 0.76948711761
70.0965 1.27171374706
70.2967 1.05978425631
70.4969 1.23186406478
70.6972 0.968743368151
70.8974 0.873032024169
71.0976 1.58891501122
71.2979 1.28340150732
71.4981 1.22715947636
71.6983 0.914751847785
71.8985 1.31307604567
72.0988 0.976167698305
72.299 0.646784776333
72.4992 1.07376080888
72.6995 1.13025823432
72.8997 1.20139350707
73.0999 0.940840988158
73.3002 0.853042220328
73.5004 1.52926949212
73.7006 0.86498939908
73.9009 1.36511856069
74.1011 0.950952960386
74.3013 1.03007979855
74.5016 0.82459257733
74.7018 1.09292135299
74.902 0.930223539593
75.1023 0.944858756986
75.3025 0.96002727986
75.5027 1.15972231445
75.703 1.11266135589
75.9032 0.935399210567
76.1034 1.19373796327
76.3037 1.13897354804
76.5039 1.36172012404
76.7041 1.15778444742
76.9044 1.16586358965
77.1046 0.963581224686
77.3048 0.878430549992
77.5051 1.05230142151
77.7053 1.16839739518
77.9056 1.07288659675
78.1058 0.961308819987
78.306 0.99408748285
78.5063 1.30742552651
78.7065 0.919450515088
78.9067 0.975240158954
79.107 0.867705668215
79.3072 1.03364248104
79.5075 0.892218663278
79.7077 0.907654432727
79.9079 1.14344121019
80.1082 0.966778350865
80.3084 1.04764549702
80.5087 0.901147981993
80.7089 0.927806378758
80.9091 1.29979595892
81.1094 1.26836344668
81.3096 1.21033597803
81.5099 0.716095721318
81.7101 0.994026213187
81.9104 0.793175241431
82.1106 1.25264136362
82.3108 1.1316016131
82.5111 0.838525178856
82.7113 1.00943076996
82.9116 1.17499973367
83.1118 0.764154154918
83.3121 0.872276616807
83.5123 1.00010988178
83.7126 0.801978966334
83.9128 1.15711133538
84.113 0.918714846895
84.3133 1.00482382476
84.5135 0.920668306557
84.7138 0.795364220717
84.914 0.813105318242
85.1143 1.38621255932
85.3145 1.34896110499
85.5148 0.904009792463
85.715 0.947638423225
85.9153 1.17317849775
86.1155 0.714386377482
86.3158 0.782324895835
86.516 0.941713798296
86.7163 0.985317723836
86.9165 1.04925229283
87.1168 0.971493600703
87.317 0.967898325775
87.5173 0.832132806145
87.7175 0.855169181286
87.9178 0.600872581377
88.118 1.04412556622
88.3183 1.03607816469
88.5185 0.885055481639
88.7188 0.889765150024
88.919 1.10338692411
89.1193 1.03376468644
89.3195 1.1913579608
89.5198 1.55937844733
89.72 0.859467303383
89.9203 1.09048298296
90.1205 1.26303240813
90.3208 1.09109653681
90.521 0.74648670195
90.7213 0.62670974672
90.9216 0.958408353101
91.1218 1.10396440541
91.3221 1.10990276012
91.5223 1.00912658873
91.7226 1.05179026574
91.9228 1.15337656337
92.1231 0.96319045525
92.3233 0.719191810864
92.5236 0.913588226249
92.7239 1.20259999413
92.9241 1.34835133115
93.1244 0.935841868379
93.3246 0.835983203962
93.5249 0.790103263009
93.7252 0.736619459595
93.9254 1.03384058535
94.1257 0.769848661036
94.3259 1.08619098831
94.5262 1.00127764848
94.7264 0.895601160048
94.9267 1.10476408789
95.127 1.05092148313
95.3272 1.03208063347
95.5275 0.964753166433
95.7278 1.43601714049
95.928 1.13056339549
96.1283 1.07927307582
96.3285 0.783599043655
96.5288 0.959758198292
96.7291 1.18616967093
96.9293 1.11631042464
97.1296 1.08349163105
97.3298 0.766189971452
97.5301 0.664378225476
97.7304 0.735769255119
97.9306 0.972188146467
98.1309 0.787708071876
98.3312 0.580667378796
98.5314 0.840134297633
98.7317 0.938051616265
98.932 1.07937166095
99.1322 1.13306085421
99.3325 1.07068871144
99.5328 0.955607496542
99.733 1.06453231762
99.9333 0.768026472738
