-100.0 0.893976974599
-99.8 0.97158041415
-99.6 0.94215049007
-99.4 0.855147828122
-99.2 0.832205372569
-99.0 0.97858006142
-98.8 0.87710864224
-98.6 1.24577657282
-98.4 1.09606006973
-98.2 1.06044460741
-98.0 0.928420056772
-97.8 0.999307213024
-97.6 1.00143182224
-97.4 1.06753905467
-97.2 1.21215030459
-97.0 1.06850213325
-96.8 1.06989088164
-96.6 1.16749800721
-96.4 0.842429647145
-96.2 1.0831288793
-95.9999 1.06372488585
-95.7999 0.901623328642
-95.5999 0.908740127523
-95.3999 1.02936950616
-95.1999 0.992765774563
-94.9999 0.994568626387
-94.7999 1.00981367466
-94.5999 1.05138372825
-94.3999 0.969862725782
-94.1999 0.809614298211
-93.9999 0.951553396968
-93.7999 0.889019743741
-93.5999 1.14347589109
-93.3999 0.945825699359
-93.1999 1.24190724037
-92.9998 0.803856051267
-92.7998 0.924621693781
-92.5998 1.07882517079
-92.3998 0.96578649095
-92.1998 1.14055195052
-91.9998 0.867458868512
-91.7998 1.12782057004
-91.5998 1.09904528443
-91.3998 0.992908704898
-91.1997 1.08398098865
-90.9997 0.994653803939
-90.7997 0.706169834209
-90.5997 1.09810201011
-90.3997 0.946680509525
-90.1997 1.12667606846
-89.9997 0.975349554744
-89.7997 1.13347650155
-89.5996 1.07502710366
-89.3996 0.845136564025
-89.1996 1.06899512972
-88.9996 0.997684672206
-88.7996 1.04192700207
-88.5996 1.0015338107
-88.3996 1.16857787536
-88.1995 1.19969330637
-87.9995 1.05251544617
-87.7995 0.993047667915
-87.5995 0.912760527936
-87.3995 1.12223277807
-87.1995 1.0001065551
-86.9994 0.981800076733
-86.7994 1.00725303693
-86.5994 0.976092505987
-86.3994 1.05378828825
-86.1994 1.02070747469
-85.9994 1.08456765638
-85.7993 0.987095795718
-85.5993 0.996541075284
-85.3993 1.07045261484
-85.1993 1.12579393699
-84.9993 0.886458723199
-84.7992 0.854698396857
-84.5992 0.916910481763
-84.3992 0.980046842911
-84.1992 0.930935497767
-83.9991 0.99436095229
-83.7991 0.886634769351
-83.5991 0.992142525856
-83.3991 1.01209768168
-83.1991 1.02178616977
-82.999 0.944052006717
-82.799 0.963723986172
-82.599 0.945323112429
-82.399 1.15351089604
-82.1989 1.04600696465
-81.9989 0.926105823918
-81.7989 0.980833700419
-81.5989 0.910082361308
-81.3988 0.942856123128
-81.1988 0.915951221136
-80.9988 0.794719891656
-80.7988 0.978390917427
-80.5987 1.18044540856
-80.3987 0.882193656686
-80.1987 1.0635933584
-79.9987 1.11699080314
-79.7986 1.07658656406
-79.5986 1.15090087198
-79.3986 0.872444995612
-79.1986 0.800083239995
-78.9985 1.23697102645
-78.7985 1.08766787364
-78.5985 0.90639223208
-78.3984 0.931336666339
-78.1984 1.03328558471
-77.9984 1.22692746086
-77.7984 1.00150918316
-77.5983 1.16642306403
-77.3983 1.03371225415
-77.1983 0.949641298909
-76.9982 0.814450678677
-76.7982 1.14659402636
-76.5982 0.951482102795
-76.3981 0.963599227004
-76.1981 1.00105776421
-75.9981 1.13907046288
-75.798 1.10293445203
-75.598 0.95689478109
-75.398 1.11045622578
-75.198 1.02379426151
-74.9979 0.855043276302
-74.7979 1.18272084199
-74.5978 0.939536588206
-74.3978 0.937491947124
-74.1978 0.959906841179
-73.9977 0.993239548101
-73.7977 0.991049090618
-73.5977 1.06209699733
-73.3976 0.911595897453
-73.1976 1.17099861878
-72.9976 1.10011947442
-72.7975 1.03863045962
-72.5975 1.04550693056
-72.3975 0.905473285898
-72.1974 1.02252468002
-71.9974 1.05797816031
-71.7973 0.993274645791
-71.5973 0.899545172368
-71.3973 0.942207842871
-71.1972 0.822481605161
-70.9972 1.14657155919
-70.7972 0.910985883185
-70.5971 0.744574430075
-70.3971 1.02804523977
-70.197 0.906635515663
-69.997 0.890281946024
-69.797 0.839484670257
-69.5969 0.981706202584
-69.3969 0.928600594272
-69.1968 1.09661561187
-68.9968 1.27724652204
-68.7968 1.07004418275
-68.5967 0.908218539899
-68.3967 1.15235468499
-68.1966 0.807473670111
-67.9966 1.02637496972
-67.7965 0.904187099634
-67.5965 0.839294590511
-67.3965 0.872295054847
-67.1964 1.11131697246
-66.9964 1.01845924302
-66.7963 0.886572206871
-66.5963 1.06706600709
-66.3962 0.831212100457
-66.1962 0.765836524849
-65.9961 1.08016651152
-65.7961 1.03299352285
-65.5961 0.960663475479
-65.396 0.916924246576
-65.196 0.993983600386
-64.9959 0.931071359068
-64.7959 1.07834978621
-64.5958 1.0883710463
-64.3958 0.972938630656
-64.1957 1.19648986898
-63.9957 1.04130011683
-63.7956 0.985910818362
-63.5956 0.981406404484
-63.3955 0.902705638907
-63.1955 0.995367187944
-62.9954 1.12764552918
-62.7954 1.11137258994
-62.5953 1.14407048283
-62.3953 1.2358233942
-62.1952 0.853689421335
-61.9952 1.12615967087
-61.7951 0.966222613514
-61.5951 0.925549043862
-61.395 1.07607651268
-61.195 0.988101665077
-60.9949 0.751457635104
-60.7949 0.994542512998
-60.5948 0.933174150387
-60.3948 0.821398971767
-60.1947 0.987800495479
-59.9947 1.1361913144
-59.7946 0.933024363689
-59.5946 1.06264960925
-59.3945 1.03023834704
-59.1944 0.943725600263
-58.9944 0.943004318517
-58.7943 0.988721892875
-58.5943 0.839762663028
-58.3942 1.00541344357
-58.1942 1.14225390505
-57.9941 1.1122505777
-57.7941 1.09963382249
-57.594 1.11113272164
-57.3939 0.99672413451
-57.1939 0.960338054444
-56.9938 0.929673992006
-56.7938 0.906037918611
-56.5937 0.978812503799
-56.3937 1.13077036105
-56.1936 1.05586596148
-55.9935 0.982162446563
-55.7935 0.938996991673
-55.5934 1.1899115879
-55.3934 0.909180645294
-55.1933 1.18211680053
-54.9932 1.10395573001
-54.7932 1.02116051373
-54.5931 1.13735159513
-54.3931 0.93283466437
-54.193 1.18666950834
-53.9929 1.09589634444
-53.7929 1.09796868705
-53.5928 0.976429367857
-53.3928 0.777768209267
-53.1927 1.00121883629
-52.9926 1.03861182351
-52.7926 1.03166588474
-52.5925 1.10371977468
-52.3924 1.02084431441
-52.1924 0.963056114434
-51.9923 0.990886815947
-51.7922 1.28098834833
-51.5922 0.873467145432
-51.3921 1.18693711272
-51.1921 1.0286008583
-50.992 0.966746655124
-50.7919 0.828872645673
-50.5919 1.03621636892
-50.3918 0.946532646736
-50.1917 1.08735779283
-49.9917 0.91548079528
-49.7916 0.885333836387
-49.5915 0.984512489615
-49.3915 0.964688100264
-49.1914 1.03853057501
-48.9913 1.10543120295
-48.7913 0.955202973119
-48.5912 0.770171328483
-48.3911 1.17467015691
-48.191 1.03382919634
-47.991 1.06281315198
-47.7909 1.02637720972
-47.5908 1.13956711508
-47.3908 0.769377816625
-47.1907 0.858612131185
-46.9906 0.968387643695
-46.7906 1.04378488404
-46.5905 0.959113172925
-46.3904 1.0137754017
-46.1903 0.958915598362
-45.9903 1.12470679783
-45.7902 1.00669477967
-45.5901 0.928165636985
-45.3901 1.0944629208
-45.19 1.06315396973
-44.9899 0.92800394621
-44.7898 0.841479826001
-44.5898 0.910235929463
-44.3897 1.03974847981
-44.1896 0.963973079821
-43.9895 0.895816895313
-43.7895 1.093690858
-43.5894 1.03313678656
-43.3893 1.07785127609
-43.1892 0.942157865212
-42.9892 0.841751719572
-42.7891 0.875934404763
-42.589 1.06226282895
-42.3889 1.00682675227
-42.1889 1.1242710104
-41.9888 1.11223792748
-41.7887 0.822171722106
-41.5886 0.88505507812
-41.3885 1.20130629738
-41.1885 1.03384176026
-40.9884 0.792020396242
-40.7883 0.941410120219
-40.5882 0.895108130335
-40.3881 0.847097820468
-40.1881 0.914699488702
-39.988 0.837089432089
-39.7879 1.1388058481
-39.5878 1.04101148749
-39.3877 1.01677961375
-39.1877 1.07685927951
-38.9876 1.1496195458
-38.7875 1.16573717705
-38.5874 1.02653040492
-38.3873 0.886052565368
-38.1873 1.26060159652
-37.9872 1.20179708257
-37.7871 0.919983368197
-37.587 0.952766320191
-37.3869 0.885460067467
-37.1868 1.1362556746
-36.9868 1.00196789569
-36.7867 1.00363492137
-36.5866 1.1528107853
-36.3865 1.09032025997
-36.1864 0.913871842756
-35.9863 1.09462104711
-35.7862 1.21672841047
-35.5862 1.10211822336
-35.3861 0.938448674822
-35.186 1.11573342288
-34.9859 1.10201929806
-34.7858 1.06840978728
-34.5857 1.10638050108
-34.3856 0.989361204216
-34.1856 0.958645330891
-33.9855 0.912467450411
-33.7854 0.936783585552
-33.5853 1.07016709441
-33.3852 0.966664295583
-33.1851 1.02657131536
-32.985 1.00221118987
-32.7849 1.16429141646
-32.5848 0.867306577944
-32.3847 0.901849986101
-32.1847 1.0197544633
-31.9846 1.06171688631
-31.7845 1.09949852789
-31.5844 1.01598202002
-31.3843 0.983424972877
-31.1842 0.905021896903
-30.9841 0.819283387275
-30.784 0.967649098575
-30.5839 0.961574638254
-30.3838 0.761511223202
-30.1837 0.699210588544
-29.9836 0.959093439707
-29.7836 0.849763712451
-29.5835 1.08679920137
-29.3834 0.851177995653
-29.1833 1.0461796505
-28.9832 0.938874869449
-28.7831 1.108506651
-28.583 0.921130508557
-28.3829 0.873923119467
-28.1828 1.14570550544
-27.9827 1.0702889833
-27.7826 1.11253813278
-27.5825 0.984286121409
-27.3824 1.02549822205
-27.1823 1.16651822011
-26.9822 0.94286210438
-26.7821 1.05924271986
-26.582 1.05481563147
-26.3819 0.917735664581
-26.1818 1.0896985398
-25.9817 1.09879015706
-25.7816 1.09544553825
-25.5815 1.16076141742
-25.3814 1.12529367324
-25.1813 1.00823669872
-24.9812 0.957049923566
-24.7811 1.140221604
-24.581 0.844844591775
-24.3809 1.11533304609
-24.1808 1.02255036302
-23.9807 1.02599232323
-23.7806 0.893385463368
-23.5805 0.842463317751
-23.3804 0.742639101613
-23.1803 1.01749068867
-22.9802 0.78752183565
-22.7801 1.04785456164
-22.58 0.954882944449
-22.3799 0.948064399042
-22.1798 0.90386938546
-21.9797 1.26546210762
-21.7796 1.16133974887
-21.5795 1.02429623957
-21.3794 1.01143235689
-21.1793 0.738046584555
-20.9792 0.889247937975
-20.7791 1.14201093046
-20.579 0.796812176726
-20.3789 1.0745415179
-20.1787 0.835035213741
-19.9786 0.968666647385
-19.7785 1.13038270836
-19.5784 1.07325751595
-19.3783 1.24446567905
-19.1782 1.02631248431
-18.9781 0.787631106432
-18.778 1.18557554233
-18.5779 1.02162802623
-18.3778 0.984141133835
-18.1777 0.853962788356
-17.9776 1.11636482067
-17.7774 0.943516306607
-17.5773 0.874967983393
-17.3772 1.10620562042
-17.1771 0.880244565441
-16.977 1.26314129027
-16.7769 1.04170278182
-16.5768 1.03522844112
-16.3767 0.74104370362
-16.1766 0.983102716099
-15.9764 1.00548813275
-15.7763 1.12760912961
-15.5762 0.900898872348
-15.3761 0.910436729059
-15.176 0.954303190826
-14.9759 0.905226613572
-14.7758 0.932427220987
-14.5757 0.921283874447
-14.3755 0.912091449603
-14.1754 1.01980105194
-13.9753 1.10316344757
-13.7752 0.986663139986
-13.5751 0.998309623419
-13.375 0.842931510159
-13.1749 0.827759477537
-12.9747 1.14586687814
-12.7746 1.13620796374
-12.5745 1.01335339252
-12.3744 0.890257827725
-12.1743 0.895626547229
-11.9742 0.890389823009
-11.774 1.0279881833
-11.5739 0.92395980089
-11.3738 0.95950478042
-11.1737 0.693352049989
-10.9736 0.762175715961
-10.7734 1.10932264306
-10.5733 0.67783138949
-10.3732 0.947641862573
-10.1731 1.17719122926
-9.97296 1.01518326134
-9.77284 1.08761697398
-9.57272 1.13197011807
-9.3726 0.750376297209
-9.17248 0.759284805989
-8.97236 0.982027315446
-8.77224 1.00393886616
-8.57211 0.881593817161
-8.37199 0.863812810513
-8.17187 1.18846692836
-7.97175 1.01026073626
-7.77163 0.978875023654
-7.5715 0.841623476552
-7.37138 1.00513043848
-7.17125 1.05194623675
-6.97113 1.15034047904
-6.77101 1.11996795353
-6.57088 0.970901975557
-6.37076 0.9795201597
-6.17063 1.14607604334
-5.97051 0.890868610676
-5.77038 0.769245133988
-5.57025 1.26878336846
-5.37013 1.15054742149
-5.17 1.02171298514
-4.96987 1.04832582826
-4.76975 0.546790558282
-4.56962 0.65571164521
-4.36949 0.936091384071
-4.16937 0.818682205395
-3.96924 0.522191791435
-3.76911 0.490875197846
-3.56898 0.956441787849
-3.36885 1.08271066288
-3.16872 0.775534867944
-2.96859 0.975545055743
-2.76846 1.024222638
-2.56833 0.407732728254
-2.3682 0.496638955284
-2.16807 0.771157854862
-1.96794 0.864402669856
-1.76781 0.390795050537
-1.56768 0.743272432821
-1.36755 0.662684952374
-1.16742 0.730544516879
-0.967284 0.798553285024
-0.767152 0.804467750789
-0.567019 0.629029815467
-0.366886 1.31758292564
-0.166753 0.766417709295
0.0333802 0.735607621974
0.233514 0.881606875333
0.433648 0.453514231005
0.633782 0.701887547161
0.833917 0.367374345974
1.03405 0.0727965389042
1.23419 0.107376218802
1.43432 0.0232326704311
1.63446 0.0916022440703
1.83459 0.0863681907227
2.03473 0.0938474069984
2.23487 -0.0858660684255
2.435 0.0472524030936
2.63514 0.0665496096736
2.83528 0.0145571086129
3.03541 -0.0121376234096
3.23555 -0.180461815714
3.43569 0.109391321474
3.63583 -0.0346330844037
3.83597 0.0444482848955
4.0361 0.0695147078697
4.23624 0.121682267986
4.43638 0.121115332872
4.63652 0.0588004603972
4.83666 -0.0274487759524
5.0368 0.0747199464079
5.23694 0.144152916673
5.43708 0.133534426713
5.63722 0.0149440093198
5.83737 -0.0447519801415
6.03751 0.279721983379
6.23765 0.288885275611
6.43779 0.409396664642
6.63793 0.267478246906
6.83808 0.476349707631
7.03822 0.374721411506
7.23836 0.74326830549
7.4385 0.0890170831362
7.63865 -0.0422758007544
7.83879 0.747955004944
8.03894 0.523943779641
8.23908 0.799168189613
8.43923 0.48607569272
8.63937 0.406652823642
8.83951 0.345635081364
9.03966 0.530347755364
9.23981 0.0962263230721
9.43995 0.0143067437513
9.6401 -0.0228376584376
9.84025 0.00222055996178
10.0404 0.130327040402
10.2405 0.189875856713
10.4407 0.237102042105
10.6408 0.0141375290126
10.841 0.0238710453894
11.0411 0.0471228016582
11.2413 -0.0504353780116
11.4414 0.145209632462
11.6416 0.0767452852931
11.8417 0.0301140467808
12.0419 -0.102021389115
12.242 0.0369012651833
12.4422 0.0551056740533
12.6423 -0.0921045985173
12.8425 0.0821690646162
13.0426 -0.00533635581908
13.2428 0.0513132569107
13.4429 0.0710520757838
13.6431 0.147444747433
13.8432 0.768657233126
14.0434 0.115810388586
14.2435 0.0642603264175
14.4437 0.521746838239
14.6438 0.113666516867
14.844 -0.0161259008576
15.0441 0.337859949127
15.2443 0.368028178783
15.4445 0.521941417759
15.6446 0.553479873855
15.8448 0.857552078983
16.0449 0.294884796346
16.2451 0.383134924383
16.4452 0.37510351256
16.6454 0.688227536739
16.8455 0.543187202166
17.0457 1.12431661648
17.2459 0.552196319996
17.446 0.127857791336
17.6462 0.0450283947296
17.8463 0.78839348242
18.0465 0.986170804312
18.2466 0.62410629866
18.4468 0.949991571448
18.647 1.06892223903
18.8471 0.927245051927
19.0473 1.18594290315
19.2474 0.540037168935
19.4476 0.82101570308
19.6478 0.996986218944
19.8479 1.24998297134
20.0481 0.890997662676
20.2482 0.932075936305
20.4484 0.709763548745
20.6486 0.976404504397
20.8487 1.0260050241
21.0489 0.592486205362
21.249 0.724897909273
21.4492 0.786573588493
21.6494 1.25133721572
21.8495 0.925542488476
22.0497 0.75979967247
22.2498 1.05732697493
22.45 0.845070242474
22.6502 0.928937055597
22.8503 0.844708767718
23.0505 0.748871807374
23.2507 0.840948564971
23.4508 0.834567345123
23.651 1.09233149542
23.8512 0.783751398194
24.0513 0.983582247465
24.2515 0.926578843076
24.4517 0.942914539042
24.6518 1.06460237095
24.852 1.26356936495
25.0522 0.701836759003
25.2523 1.17937237671
25.4525 0.902073321563
25.6527 1.00707499264
25.8528 1.27735620517
26.053 1.18520260144
26.2532 0.794872309179
26.4533 0.83378575067
26.6535 0.828880556085
26.8537 0.832033467363
27.0538 1.06720827059
27.254 0.991893564611
27.4542 0.967496232998
27.6544 0.934418507633
27.8545 0.878103920709
28.0547 0.944894638175
28.2549 1.00307158708
28.455 1.15408810092
28.6552 1.05307910798
28.8554 1.06203627114
29.0556 0.878720213888
29.2557 0.879424658461
29.4559 1.02108502842
29.6561 0.947172095149
29.8562 0.848467768934
30.0564 0.832892268963
30.2566 0.908810797212
30.4568 0.882001693863
30.6569 0.951541338044
30.8571 0.987015541562
31.0573 0.841318764128
31.2575 1.00508852118
31.4576 0.875278628266
31.6578 1.02601820453
31.858 0.71633349021
32.0582 0.94818981904
32.2583 1.30031872478
32.4585 0.895671162689
32.6587 1.05331731802
32.8589 1.01888056494
33.0591 0.956692358644
33.2592 1.04772628604
33.4594 1.04369443932
33.6596 0.999623927195
33.8598 0.955493631072
34.0599 0.743991118518
34.2601 0.914051466379
34.4603 0.922938966042
34.6605 0.799346498759
34.8607 1.14607554076
35.0608 0.879642504645
35.261 0.87138077515
35.4612 0.894203258345
35.6614 0.862835846706
35.8616 1.08221750842
36.0617 1.05777794574
36.2619 0.931931084165
36.4621 1.00260957522
36.6623 1.20434552701
36.8625 0.923663422149
37.0627 0.832263099768
37.2628 1.02809853446
37.463 0.950906021061
37.6632 1.20747518778
37.8634 1.12052770358
38.0636 0.886936922784
38.2638 0.9559525328
38.4639 1.13804563736
38.6641 0.881999037638
38.8643 1.06356465222
39.0645 1.14106807738
39.2647 0.970278135286
39.4649 1.02164919463
39.6651 1.08826490787
39.8652 1.08865508898
40.0654 0.795203270723
40.2656 0.915303190234
40.4658 1.24693320386
40.666 1.02852185853
40.8662 1.21025496644
41.0664 0.85521722827
41.2666 0.956259760117
41.4668 0.953765099048
41.6669 0.849073596912
41.8671 1.09229811157
42.0673 0.998521838502
42.2675 1.03204324278
42.4677 1.09681017386
42.6679 1.10926108956
42.8681 1.03538005013
43.0683 1.12918743993
43.2685 1.06932020224
43.4687 0.957339645263
43.6688 1.01563240633
43.869 1.15606600236
44.0692 1.1112381403
44.2694 1.09489764137
44.4696 1.09866707733
44.6698 1.10789662736
44.87 1.02799434321
45.0702 1.0618138138
45.2704 1.01320833616
45.4706 1.11412612622
45.6708 0.985270671956
45.871 1.21350901617
46.0712 1.04295917522
46.2714 0.977673843409
46.4716 0.940629776994
46.6718 1.09930365635
46.8719 1.02173411651
47.0721 0.998533070736
47.2723 1.11679833391
47.4725 1.10711217547
47.6727 1.06331911688
47.8729 1.01009683502
48.0731 0.793086358916
48.2733 0.836803083891
48.4735 0.949489190784
48.6737 1.08756179632
48.8739 0.833684352888
49.0741 0.909999749683
49.2743 0.96097075623
49.4745 0.99299836268
49.6747 0.876670118104
49.8749 0.985603959195
50.0751 0.935782787965
50.2753 1.02508124859
50.4755 1.01898105145
50.6757 0.938157277655
50.8759 0.937858096552
51.0761 1.08244811194
51.2763 0.912899275718
51.4765 1.13383110107
51.6767 1.07471365702
51.8769 0.837671191006
52.0771 1.09400810664
52.2773 0.849357191035
52.4775 1.13415354697
52.6777 1.05379312239
52.8779 0.99490835674
53.0782 0.954037232544
53.2784 1.04817807908
53.4786 1.07339643184
53.6788 1.13419734729
53.879 1.00545506917
54.0792 1.12488879178
54.2794 1.07768133801
54.4796 0.948465946364
54.6798 1.07093975208
54.88 1.04389287964
55.0802 1.18333326802
55.2804 1.1142243495
55.4806 0.899239602214
55.6808 1.04445239748
55.881 0.950006730976
56.0812 0.909370794811
56.2815 1.067753236
56.4817 1.09763431455
56.6819 1.34188768338
56.8821 0.916098573188
57.0823 0.947133854853
57.2825 1.04406112245
57.4827 0.981723919948
57.6829 0.91196655891
57.8831 1.07894740456
58.0833 0.944826097663
58.2836 0.877241784258
58.4838 0.92848994786
58.684 0.794913701844
58.8842 0.916585945928
59.0844 0.891990623416
59.2846 0.924888893816
59.4848 0.870504534036
59.685 0.852557371168
59.8853 0.910971979215
60.0855 1.11529268484
60.2857 1.11968065904
60.4859 0.954848612288
60.6861 1.02850213897
60.8863 1.11252561086
61.0865 0.979974625345
61.2868 0.977702526896
61.487 0.884205794155
61.6872 0.953061070433
61.8874 0.932884724634
62.0876 0.948783237648
62.2878 0.895992874753
62.4881 0.989607047311
62.6883 0.936878114067
62.8885 0.95659934052
63.0887 0.836036259725
63.2889 1.08655785174
63.4891 1.11044142111
63.6894 0.830834050504
63.8896 1.06295145501
64.0898 0.885546356322
64.29 1.02951991267
64.4902 0.84570942037
64.6905 0.994307296971
64.8907 0.944778382893
65.0909 1.00493442229
65.2911 0.909265500224
65.4913 1.120213429
65.6916 1.01753676616
65.8918 0.937905622414
66.092 1.06866609127
66.2922 0.807918555305
66.4924 0.801212035568
66.6927 0.933888497881
66.8929 0.743695301819
67.0931 1.05468768215
67.2933 1.17689786809
67.4936 0.997933148285
67.6938 0.763243796059
67.894 1.00986296264
68.0942 1.15489601512
68.2945 0.96177290214
68.4947 1.01690415964
68.6949 0.971678130246
68.8951 1.13299475669
69.0954 0.803626209675
69.2956 1.00825050297
69.4958 0.89890119872
69.696 1.0029419312
69.8963 1.19250419454
70.0965 1.12639573639
70.2967 1.15089899029
70.4969 1.07605690651
70.6972 1.04189122874
70.8974 0.971275724198
71.0976 0.869094912963
71.2979 0.985865337686
71.4981 0.972956167051
71.6983 0.978540943367
71.8985 0.89362980342
72.0988 0.901770586688
72.299 0.853999942453
72.4992 1.0736141212
72.6995 1.01661525731
72.8997 1.03243479318
73.0999 1.08545061511
73.3002 1.20250853478
73.5004 1.11754193162
73.7006 0.937867802891
73.9009 0.969358336791
74.1011 1.08561619826
74.3013 1.02247392584
74.5016 1.05920865276
74.7018 0.960671604616
74.902 1.07725025218
75.1023 1.0454963056
75.3025 0.976346420655
75.5027 1.07214942531
75.703 0.890388837997
75.9032 0.821334052534
76.1034 0.959897556795
76.3037 0.95651329771
76.5039 1.1307151421
76.7041 1.1327262023
76.9044 1.14506905933
77.1046 1.00999307055
77.3048 0.938380372377
77.5051 0.990428893408
77.7053 1.21799596494
77.9056 1.13820473985
78.1058 1.04983510977
78.306 1.06214003502
78.5063 1.0705942696
78.7065 1.13290788521
78.9067 1.00207517172
79.107 1.04810785574
79.3072 1.09263881694
79.5075 1.1422543358
79.7077 0.86516759731
79.9079 1.10841869834
80.1082 0.887573682702
80.3084 0.862439987109
80.5087 1.09545916972
80.7089 1.01517430958
80.9091 0.927653811508
81.1094 1.16844731675
81.3096 0.871363595682
81.5099 1.17580189688
81.7101 1.02587745861
81.9104 0.974001471556
82.1106 0.853788435464
82.3108 0.934650007269
82.5111 1.06272705767
82.7113 1.02829693764
82.9116 0.860963436618
83.1118 1.19186522994
83.3121 0.97071095486
83.5123 0.978027222507
83.7126 0.860537761182
83.9128 0.951772656729
84.113 1.12608857511
84.3133 1.00246404583
84.5135 0.96128708353
84.7138 0.966087435705
84.914 1.16950520975
85.1143 1.02584548274
85.3145 1.20464914401
85.5148 1.06288641798
85.715 0.985526563152
85.9153 1.04688369948
86.1155 0.923242446847
86.3158 0.920671182824
86.516 0.924963913366
86.7163 0.986705319975
86.9165 1.02228570874
87.1168 1.01781947756
87.317 1.30411772879
87.5173 0.985955830569
87.7175 0.887333476972
87.9178 1.00985673222
88.118 1.15925469379
88.3183 1.0574899784
88.5185 1.10456550274
88.7188 0.92659788685
88.919 0.853791133835
89.1193 1.19691198242
89.3195 0.954335721327
89.5198 1.10337395891
89.72 1.21997393404
89.9203 1.0641274674
90.1205 0.97825806
90.3208 1.17808345231
90.521 1.25111713849
90.7213 1.08328734558
90.9216 0.952029538464
91.1218 0.971817392592
91.3221 1.08543165038
91.5223 1.03362878933
91.7226 1.07406889275
91.9228 1.1206579689
92.1231 1.06021491624
92.3233 0.825929273845
92.5236 1.14029562276
92.7239 0.989655119398
92.9241 0.885700009031
93.1244 1.0802917877
93.3246 1.15933559856
93.5249 0.824979223499
93.7252 0.873133962093
93.9254 1.01547165258
94.1257 1.11320984978
94.3259 0.944537594156
94.5262 0.995308908892
94.7264 1.13925925139
94.9267 0.987668351029
95.127 0.758206614133
95.3272 0.914527855842
95.5275 0.915479111152
95.7278 0.774074585486
95.928 0.890379707742
96.1283 1.02600577396
96.3285 0.740237541253
96.5288 1.01302711519
96.7291 0.844992344137
96.9293 0.838168289424
97.1296 0.760308464921
97.3298 0.938220734677
97.5301 1.07126876463
97.7304 1.09198665736
97.9306 0.959728661544
98.1309 0.943288489541
98.3312 0.872140687168
98.5314 1.02919682239
98.7317 1.03294023218
98.932 0.917103785753
99.1322 1.03741368341
99.3325 1.06509499327
99.5328 0.835689837483
99.733 0.976512312893
99.9333 0.855043224251
