-100.0 1.00914711345
-99.8 0.967403956707
-99.6 0.955386503425
-99.4 1.02106791435
-99.2 1.02910312271
-99.0 1.01530129454
-98.8 1.04195198407
-98.6 1.07520100434
-98.4 1.06185197276
-98.2 1.10939224359
-98.0 0.914045612693
-97.8 1.11936822831
-97.6 1.03889467545
-97.4 0.938145926855
-97.2 1.07532869561
-97.0 1.12950948165
-96.8 1.04305463948
-96.6 1.01859110362
-96.4 0.983598551493
-96.2 0.953120187218
-95.9999 1.03353848819
-95.7999 1.05455254598
-95.5999 0.996355809282
-95.3999 1.05502829537
-95.1999 0.908864947604
-94.9999 1.08443637447
-94.7999 0.986542952292
-94.5999 0.945238491408
-94.3999 0.885279142239
-94.1999 1.01130804196
-93.9999 0.991594083794
-93.7999 1.11146214003
-93.5999 1.09716973632
-93.3999 0.947381150053
-93.1999 0.973853141333
-92.9998 1.06627649833
-92.7998 1.06665519975
-92.5998 1.04582372681
-92.3998 1.02714634037
-92.1998 0.880638104313
-91.9998 1.05152773114
-91.7998 1.01917096499
-91.5998 0.987666647351
-91.3998 1.14174745782
-91.1997 1.04510980735
-90.9997 1.03519910837
-90.7997 1.05678503203
-90.5997 1.02722321818
-90.3997 1.00611675576
-90.1997 0.995651309734
-89.9997 1.04354672798
-89.7997 1.00339055431
-89.5996 1.11708933513
-89.3996 0.986473729061
-89.1996 1.01460856195
-88.9996 0.94615281183
-88.7996 1.09532562687
-88.5996 0.926740954643
-88.3996 1.03726997671
-88.1995 1.02475897969
-87.9995 1.03357217097
-87.7995 1.01978117698
-87.5995 1.07503933089
-87.3995 0.962997010369
-87.1995 0.929960051099
-86.9994 1.06283717173
-86.7994 1.06471563521
-86.5994 0.872292099979
-86.3994 0.998438873145
-86.1994 0.97933816463
-85.9994 1.00745050486
-85.7993 0.985429193459
-85.5993 0.915894200484
-85.3993 0.993138968228
-85.1993 0.908903921004
-84.9993 0.935028858627
-84.7992 0.93251245413
-84.5992 1.03249076019
-84.3992 0.890097595526
-84.1992 0.959899674281
-83.9991 0.89790293845
-83.7991 0.950626918465
-83.5991 0.944340962204
-83.3991 1.02938266341
-83.1991 0.956836460003
-82.999 0.993604479441
-82.799 1.07901394992
-82.599 0.963521397056
-82.399 0.921451180387
-82.1989 1.03884605529
-81.9989 1.00636086226
-81.7989 0.870241601308
-81.5989 0.889525369234
-81.3988 0.950128999848
-81.1988 0.990564240524
-80.9988 1.08227988066
-80.7988 1.00250758561
-80.5987 0.941795296405
-80.3987 0.961832968333
-80.1987 1.0335220182
-79.9987 1.01494871773
-79.7986 0.988196835333
-79.5986 0.984246141279
-79.3986 1.11545680291
-79.1986 1.03281078011
-78.9985 1.03252510707
-78.7985 1.03120114897
-78.5985 1.02280715315
-78.3984 1.03057696036
-78.1984 1.08461737281
-77.9984 0.961916909056
-77.7984 1.00036965172
-77.5983 1.00483975636
-77.3983 0.981459559525
-77.1983 1.06035188632
-76.9982 1.08022640956
-76.7982 0.920455013246
-76.5982 0.941714618785
-76.3981 0.97857677905
-76.1981 1.03843825652
-75.9981 0.97685159053
-75.798 1.076772194
-75.598 0.94612974059
-75.398 0.9033467947
-75.198 1.00413621768
-74.9979 1.0540918164
-74.7979 0.941639585528
-74.5978 0.943685205966
-74.3978 1.03513664348
-74.1978 1.08945502828
-73.9977 1.01941022517
-73.7977 1.01321017262
-73.5977 0.939370248521
-73.3976 1.0336112037
-73.1976 1.02898211106
-72.9976 0.952033556252
-72.7975 0.938395571014
-72.5975 0.987959801585
-72.3975 1.00952317816
-72.1974 1.04810023848
-71.9974 1.01602330926
-71.7973 1.06207371096
-71.5973 1.01469012726
-71.3973 1.19944464508
-71.1972 1.00792613379
-70.9972 0.899921690571
-70.7972 0.935463453889
-70.5971 1.03524371733
-70.3971 1.01630169596
-70.197 1.03184225697
-69.997 0.872497953314
-69.797 0.935183331242
-69.5969 0.966348038621
-69.3969 0.932418177099
-69.1968 1.01570837248
-68.9968 0.986470208215
-68.7968 0.988591565079
-68.5967 0.931707161504
-68.3967 1.00486805792
-68.1966 0.994524519017
-67.9966 0.958471261288
-67.7965 0.998626714349
-67.5965 1.03693858238
-67.3965 0.999850351173
-67.1964 0.983599206668
-66.9964 1.03000238387
-66.7963 0.973391151505
-66.5963 0.940051418272
-66.3962 0.945002999481
-66.1962 1.0019896679
-65.9961 1.07300195983
-65.7961 1.06308051454
-65.5961 1.04416114845
-65.396 0.895798667459
-65.196 0.994470952388
-64.9959 0.941746417806
-64.7959 1.01869166689
-64.5958 0.942471757218
-64.3958 0.974819061551
-64.1957 1.03660511811
-63.9957 0.930082052865
-63.7956 1.05012546165
-63.5956 0.933695203718
-63.3955 1.0189261457
-63.1955 1.02346528013
-62.9954 0.842534618378
-62.7954 0.904301301177
-62.5953 0.878192983573
-62.3953 1.00128555989
-62.1952 1.04066761094
-61.9952 0.992726681415
-61.7951 0.934632136234
-61.5951 1.04181781227
-61.395 1.01735158672
-61.195 0.973160018217
-60.9949 0.996261904187
-60.7949 1.07061022893
-60.5948 1.04487533197
-60.3948 1.03111623577
-60.1947 0.922316527506
-59.9947 0.962397385407
-59.7946 0.981986681382
-59.5946 1.00064724466
-59.3945 1.02803093982
-59.1944 0.920476942183
-58.9944 1.06408131171
-58.7943 0.966878004868
-58.5943 0.933046501737
-58.3942 0.977234273185
-58.1942 0.930623416447
-57.9941 1.0692010005
-57.7941 0.911026438566
-57.594 1.09294631629
-57.3939 1.15435999162
-57.1939 1.00600655822
-56.9938 1.05311294286
-56.7938 0.869398422901
-56.5937 0.89210753133
-56.3937 0.900623550405
-56.1936 0.92046202331
-55.9935 0.94393405448
-55.7935 1.0612982433
-55.5934 0.87065105521
-55.3934 1.11827394363
-55.1933 0.984823629644
-54.9932 1.04017401662
-54.7932 0.988972043771
-54.5931 0.991521957199
-54.3931 0.951298323827
-54.193 0.998255886934
-53.9929 1.0035277929
-53.7929 0.909411990869
-53.5928 0.92001688073
-53.3928 1.03060609376
-53.1927 0.904758516122
-52.9926 1.03302909509
-52.7926 1.11079981694
-52.5925 1.02340573614
-52.3924 1.128728444
-52.1924 1.07499313191
-51.9923 0.98298033679
-51.7922 1.02212919802
-51.5922 1.05329294564
-51.3921 1.09058429823
-51.1921 0.995137038431
-50.992 1.0358995647
-50.7919 1.08641084877
-50.5919 1.04142398647
-50.3918 1.04910222552
-50.1917 1.05411116109
-49.9917 0.970217394552
-49.7916 1.06171089679
-49.5915 0.882471069471
-49.3915 0.975740690064
-49.1914 0.907530228559
-48.9913 1.01620686766
-48.7913 1.09471801747
-48.5912 1.00492511437
-48.3911 0.994880929711
-48.191 1.05204979591
-47.991 0.990678046821
-47.7909 1.03698396901
-47.5908 1.0957759484
-47.3908 0.99053682241
-47.1907 1.13829604827
-46.9906 0.928840138511
-46.7906 0.924579221641
-46.5905 1.11977808573
-46.3904 0.994510396441
-46.1903 1.03151458655
-45.9903 1.02478715933
-45.7902 0.962757157217
-45.5901 1.08448323688
-45.3901 1.02955945406
-45.19 0.986253290144
-44.9899 0.940562704019
-44.7898 1.08108473584
-44.5898 1.10352572161
-44.3897 0.910506849964
-44.1896 0.943499531524
-43.9895 0.935105189836
-43.7895 1.01810527313
-43.5894 0.962894550709
-43.3893 1.09392979751
-43.1892 0.913009347993
-42.9892 1.01230266797
-42.7891 0.975742454724
-42.589 1.03816016948
-42.3889 0.961905530186
-42.1889 0.991755279162
-41.9888 1.14089238963
-41.7887 1.02773980043
-41.5886 0.885752283438
-41.3885 0.896349446052
-41.1885 1.00019386697
-40.9884 0.935687125162
-40.7883 0.965829340418
-40.5882 0.880688154957
-40.3881 0.847472171277
-40.1881 0.934309888742
-39.988 1.07764681257
-39.7879 0.946207723891
-39.5878 0.978938577562
-39.3877 1.00212861253
-39.1877 1.01132635046
-38.9876 0.875307380643
-38.7875 1.02149402743
-38.5874 1.00656239907
-38.3873 0.902920263054
-38.1873 1.01929092352
-37.9872 0.901732964098
-37.7871 1.10262680191
-37.587 0.935249974137
-37.3869 1.05597082223
-37.1868 0.882499413438
-36.9868 0.930845091804
-36.7867 0.981249983359
-36.5866 1.03937356789
-36.3865 0.878528346697
-36.1864 1.106349766
-35.9863 1.02800697031
-35.7862 0.950848494168
-35.5862 0.893770815601
-35.3861 0.99384657649
-35.186 1.03093923081
-34.9859 0.978035096634
-34.7858 0.967142724258
-34.5857 1.02100873086
-34.3856 0.986960887207
-34.1856 0.977531797434
-33.9855 0.933533752176
-33.7854 1.0275644653
-33.5853 0.949675550759
-33.3852 0.975181398987
-33.1851 0.880071767177
-32.985 0.877826858502
-32.7849 0.984861579008
-32.5848 0.973342212895
-32.3847 1.11383114398
-32.1847 1.0498999294
-31.9846 0.994815550163
-31.7845 1.04949522224
-31.5844 0.998950753528
-31.3843 0.973296719933
-31.1842 0.919369211336
-30.9841 1.00584600481
-30.784 0.999783982056
-30.5839 0.916523392636
-30.3838 0.98824599417
-30.1837 1.13463897416
-29.9836 0.930832600632
-29.7836 0.919571461334
-29.5835 1.00361981833
-29.3834 1.00410484767
-29.1833 1.00789670562
-28.9832 1.04645022939
-28.7831 0.94061289564
-28.583 0.958712180578
-28.3829 1.118771964
-28.1828 0.891752009959
-27.9827 1.00865994555
-27.7826 1.04308394076
-27.5825 1.03236065042
-27.3824 1.06006547018
-27.1823 1.14452081586
-26.9822 1.00937908653
-26.7821 0.842693389855
-26.582 1.02861392558
-26.3819 1.0208488071
-26.1818 0.991811270865
-25.9817 0.950743518013
-25.7816 1.01979984149
-25.5815 1.00384979459
-25.3814 1.09179511684
-25.1813 1.07192504808
-24.9812 0.96095470454
-24.7811 0.957571930594
-24.581 1.0653560737
-24.3809 0.920368198184
-24.1808 0.943661464553
-23.9807 0.916644667709
-23.7806 0.903739853666
-23.5805 1.04994978597
-23.3804 0.951108346125
-23.1803 1.0316877822
-22.9802 1.02839356967
-22.7801 0.847666986195
-22.58 0.962917616158
-22.3799 1.0570355665
-22.1798 1.08027034723
-21.9797 0.910811065707
-21.7796 0.800586658346
-21.5795 0.988479660329
-21.3794 0.906089356093
-21.1793 0.932256911897
-20.9792 0.983976046888
-20.7791 1.08428466573
-20.579 0.903267567925
-20.3789 0.952663321829
-20.1787 1.02378335852
-19.9786 0.964730669224
-19.7785 1.02041824769
-19.5784 1.01617508502
-19.3783 0.968602597615
-19.1782 1.01374930207
-18.9781 0.928770016365
-18.778 1.07963839385
-18.5779 1.02145154756
-18.3778 1.02728774831
-18.1777 0.959324120406
-17.9776 0.857842447392
-17.7774 0.912334123983
-17.5773 0.963888799368
-17.3772 0.927697447319
-17.1771 0.841691613132
-16.977 0.933439903873
-16.7769 0.958615781072
-16.5768 1.0111127986
-16.3767 0.93837470806
-16.1766 0.974880341915
-15.9764 1.13625429048
-15.7763 0.971429955996
-15.5762 0.988278137768
-15.3761 1.04638997895
-15.176 1.01118408858
-14.9759 1.09472268446
-14.7758 1.01722417316
-14.5757 1.0504329538
-14.3755 1.04487873099
-14.1754 0.937852543993
-13.9753 0.953395652007
-13.7752 0.958623568493
-13.5751 0.937325859457
-13.375 1.05626852324
-13.1749 0.944371049921
-12.9747 1.05729757719
-12.7746 1.10309759738
-12.5745 0.943800395669
-12.3744 0.912873653131
-12.1743 1.00605397676
-11.9742 1.03591301493
-11.774 1.04817120522
-11.5739 0.786699041842
-11.3738 0.879735927649
-11.1737 0.936864748971
-10.9736 1.09367159143
-10.7734 1.03011668094
-10.5733 0.873072907166
-10.3732 0.940803117069
-10.1731 0.876539122842
-9.97296 0.909832836909
-9.77284 0.924985834549
-9.57272 1.01799161776
-9.3726 0.872995589843
-9.17248 1.06336184538
-8.97236 1.04974822618
-8.77224 1.04648300065
-8.57211 0.973936421456
-8.37199 0.921556617405
-8.17187 0.940934202488
-7.97175 1.00642585931
-7.77163 0.922609315377
-7.5715 0.859048326571
-7.37138 1.00210979396
-7.17125 1.06478857091
-6.97113 1.00225547894
-6.77101 0.882761255704
-6.57088 0.859276031415
-6.37076 0.845456025215
-6.17063 0.918794957891
-5.97051 0.993454854405
-5.77038 0.873641909303
-5.57025 0.900926209486
-5.37013 0.712406272164
-5.17 0.897715657745
-4.96987 0.679200565252
-4.76975 0.937884240836
-4.56962 0.764148889686
-4.36949 0.902223082539
-4.16937 0.86374573343
-3.96924 0.874276334155
-3.76911 1.10206164778
-3.56898 0.97492831215
-3.36885 0.845607743796
-3.16872 0.724133258515
-2.96859 0.713788369128
-2.76846 0.785574510925
-2.56833 0.773693814876
-2.3682 0.833607257923
-2.16807 1.03090956391
-1.96794 0.86978023942
-1.76781 0.869289090648
-1.56768 0.829548910432
-1.36755 0.627146739936
-1.16742 0.667580678251
-0.967284 0.919284057905
-0.767152 0.915897332329
-0.567019 1.00348789265
-0.366886 0.875479268787
-0.166753 0.642066476792
0.0333802 0.539424131769
0.233514 0.659300022175
0.433648 0.9486422984
0.633782 0.562426786536
0.833917 0.642072758314
1.03405 0.680272365592
1.23419 0.56724963898
1.43432 0.688884903738
1.63446 0.321863189465
1.83459 0.266324586168
2.03473 0.192674863576
2.23487 0.0662289958627
2.435 0.0376930478632
2.63514 0.0270063588321
2.83528 0.0632640944506
3.03541 0.0223949004477
3.23555 0.0236549009359
3.43569 0.0682048839711
3.63583 0.0337153731429
3.83597 0.0521344809621
4.0361 0.0432775959668
4.23624 0.203017254241
4.43638 0.0820102935335
4.63652 0.29113476466
4.83666 0.0059021324516
5.0368 0.150098972111
5.23694 0.0913004867533
5.43708 0.303376023662
5.63722 0.501333795156
5.83737 0.269132030656
6.03751 0.641791901907
6.23765 0.747507485782
6.43779 0.65068828843
6.63793 0.468381179773
6.83808 0.652276336292
7.03822 0.337359821366
7.23836 0.392574360979
7.4385 0.675615693486
7.63865 0.400494354656
7.83879 0.720492823182
8.03894 0.57138150751
8.23908 0.719211557243
8.43923 0.537053963655
8.63937 0.794387931392
8.83951 0.445933497396
9.03966 0.28766740886
9.23981 0.36296236292
9.43995 0.0353733084366
9.6401 0.591279163848
9.84025 0.482152392965
10.0404 0.422537435431
10.2405 0.78463886471
10.4407 0.481913417649
10.6408 0.77150819854
10.841 0.615492962947
11.0411 0.615061125488
11.2413 0.6044128469
11.4414 1.03979327663
11.6416 0.507681489088
11.8417 0.466297931009
12.0419 0.746846563237
12.242 0.727930055089
12.4422 0.542180080898
12.6423 0.536601484487
12.8425 0.714790293278
13.0426 0.763440078433
13.2428 0.554355806243
13.4429 0.500159295458
13.6431 0.543132076478
13.8432 0.502354784916
14.0434 0.500437609355
14.2435 0.438380328202
14.4437 0.552026213315
14.6438 0.38321456675
14.844 0.412818084669
15.0441 0.544623523335
15.2443 0.277015532626
15.4445 0.697939067921
15.6446 0.390649469687
15.8448 0.545835604782
16.0449 0.513607427239
16.2451 0.470028995761
16.4452 0.517535254315
16.6454 0.598036110126
16.8455 0.937286289234
17.0457 0.7439056934
17.2459 0.605067969133
17.446 0.557365876168
17.6462 0.518543550097
17.8463 0.538081224547
18.0465 0.608314717249
18.2466 0.924093720798
18.4468 0.715833229051
18.647 0.848736439125
18.8471 0.901950881673
19.0473 0.838421024914
19.2474 0.873374552041
19.4476 0.629959144229
19.6478 0.969397414769
19.8479 0.7550443783
20.0481 0.852147164731
20.2482 0.858977201433
20.4484 0.899531336957
20.6486 1.00429575522
20.8487 1.00003603491
21.0489 1.02476849532
21.249 1.06219251531
21.4492 0.897414655081
21.6494 1.04583009164
21.8495 1.08280896821
22.0497 0.997366943355
22.2498 1.00235609824
22.45 1.09059772116
22.6502 1.02231321154
22.8503 0.898875516899
23.0505 0.955927374201
23.2507 0.953456597757
23.4508 0.973294631209
23.651 0.910936879516
23.8512 0.964274126072
24.0513 1.03832191566
24.2515 0.910532355067
24.4517 0.94979035463
24.6518 1.20892316603
24.852 0.937821144489
25.0522 1.00502150815
25.2523 0.885291946155
25.4525 0.990356917893
25.6527 0.974746190377
25.8528 0.96252518045
26.053 1.06007103154
26.2532 1.00332898178
26.4533 0.989132190649
26.6535 1.01559446808
26.8537 0.921200871412
27.0538 1.09057646923
27.254 1.04064795659
27.4542 1.03694425508
27.6544 1.00852291583
27.8545 0.973028740144
28.0547 1.00317899778
28.2549 0.8904175871
28.455 1.04729388558
28.6552 0.964195921161
28.8554 1.08137602797
29.0556 1.03142135684
29.2557 1.04653967592
29.4559 0.944399591016
29.6561 1.01891644604
29.8562 1.02023837317
30.0564 0.934778824954
30.2566 0.955418385368
30.4568 0.924119340847
30.6569 1.06373489906
30.8571 0.896678147821
31.0573 1.00504508044
31.2575 1.01299827703
31.4576 0.938598905044
31.6578 0.95579143734
31.858 0.863662085765
32.0582 1.0017693474
32.2583 1.12807038042
32.4585 0.917184801206
32.6587 1.1359555588
32.8589 1.01696503646
33.0591 0.920874341256
33.2592 1.08412872979
33.4594 1.0240837941
33.6596 1.02467647259
33.8598 1.07813116924
34.0599 0.948876123995
34.2601 0.898528543675
34.4603 0.966791134245
34.6605 1.01531277688
34.8607 0.91634923479
35.0608 0.991029552422
35.261 0.86036079334
35.4612 0.935391254962
35.6614 0.938171957941
35.8616 1.05911125487
36.0617 1.09295188621
36.2619 1.09193568948
36.4621 0.919801267345
36.6623 1.08894368396
36.8625 0.964793362514
37.0627 0.90654640657
37.2628 0.951778670875
37.463 0.990055802806
37.6632 1.2088358049
37.8634 1.02295652041
38.0636 1.00087225919
38.2638 0.990281008377
38.4639 1.02779069383
38.6641 1.0306698747
38.8643 0.937177097945
39.0645 0.96008456093
39.2647 1.03063974954
39.4649 1.05994776605
39.6651 1.04086515549
39.8652 0.985764931675
40.0654 1.06347859916
40.2656 0.889705141652
40.4658 0.883994503838
40.666 0.962204677585
40.8662 0.995817238564
41.0664 1.08635609621
41.2666 1.15629945162
41.4668 1.05340728433
41.6669 1.0340177418
41.8671 1.06458944022
42.0673 1.02562795599
42.2675 0.955257898021
42.4677 0.994543142914
42.6679 0.935711434385
42.8681 0.933384299432
43.0683 0.899227925155
43.2685 1.03190589923
43.4687 1.10669020367
43.6688 1.06881003588
43.869 1.05451442927
44.0692 1.08800429019
44.2694 1.06545008608
44.4696 0.956487744593
44.6698 0.945158800875
44.87 1.00787515346
45.0702 1.01459905671
45.2704 0.965638676219
45.4706 1.08304645055
45.6708 1.00577862746
45.871 0.915370965539
46.0712 0.932649454727
46.2714 1.10619476703
46.4716 0.975687861816
46.6718 1.14032692547
46.8719 0.991684345387
47.0721 1.08630398715
47.2723 1.01189304937
47.4725 0.914312092154
47.6727 0.962785983771
47.8729 1.08616107117
48.0731 0.992940399666
48.2733 1.03559845536
48.4735 1.09418451851
48.6737 0.946357029225
48.8739 0.941573875547
49.0741 1.05561551799
49.2743 0.951532162053
49.4745 1.06104086892
49.6747 0.959008672632
49.8749 1.02450877504
50.0751 1.10861084602
50.2753 1.01513794071
50.4755 1.12622722709
50.6757 1.03952698848
50.8759 0.932560057167
51.0761 0.966236207575
51.2763 0.961704934409
51.4765 1.02826280918
51.6767 0.976204545693
51.8769 0.892569254306
52.0771 1.00675393493
52.2773 0.926896366624
52.4775 0.972991161435
52.6777 0.879179667165
52.8779 0.968428418023
53.0782 0.992368144458
53.2784 0.942960980786
53.4786 0.959059418218
53.6788 0.946243521708
53.879 1.08854282587
54.0792 0.988597451317
54.2794 0.967922013405
54.4796 0.869637755175
54.6798 0.90025630477
54.88 1.09097194502
55.0802 1.0480185643
55.2804 0.956214992065
55.4806 1.00943697432
55.6808 1.08227879428
55.881 1.04068250056
56.0812 0.942998246964
56.2815 1.03105277287
56.4817 1.01394289466
56.6819 1.04704833279
56.8821 1.09824293966
57.0823 0.957915538334
57.2825 1.11518284464
57.4827 1.03947713677
57.6829 0.940312078692
57.8831 0.928697525462
58.0833 1.00799522712
58.2836 1.11415668577
58.4838 1.04016940573
58.684 0.963299335584
58.8842 0.942283064031
59.0844 1.05360435353
59.2846 1.04735482362
59.4848 0.913757875488
59.685 0.998195725556
59.8853 0.996004616802
60.0855 1.08917819612
60.2857 0.987076207959
60.4859 1.04070421806
60.6861 0.99876228764
60.8863 1.06954025887
61.0865 0.986062057689
61.2868 0.938992361546
61.487 0.920262101567
61.6872 0.929447060255
61.8874 0.957672119311
62.0876 1.06297004558
62.2878 0.969194709471
62.4881 0.853712229451
62.6883 0.948728066728
62.8885 0.95950308015
63.0887 1.08175704729
63.2889 1.05619991248
63.4891 0.937773437684
63.6894 0.97608159652
63.8896 1.21382056968
64.0898 0.981584311392
64.29 0.946851721214
64.4902 0.938921831229
64.6905 1.05054521581
64.8907 0.91016446781
65.0909 0.918133160789
65.2911 1.0243400277
65.4913 0.931883751275
65.6916 0.96072459848
65.8918 0.989441978554
66.092 0.974560435443
66.2922 0.979001225101
66.4924 0.953523683385
66.6927 1.01541513358
66.8929 1.00591312327
67.0931 1.06360406943
67.2933 1.07264202826
67.4936 1.03580647071
67.6938 0.905875967558
67.894 1.08125209157
68.0942 1.11625678389
68.2945 0.992846162254
68.4947 1.00848635787
68.6949 1.00819417793
68.8951 0.927334662762
69.0954 1.03778850449
69.2956 0.937359095163
69.4958 0.980202870713
69.696 1.07979726502
69.8963 1.10248484259
70.0965 1.02508492745
70.2967 1.08349278723
70.4969 0.99551595378
70.6972 0.898250812638
70.8974 0.908732480981
71.0976 0.984501759141
71.2979 0.931312857357
71.4981 1.05379366899
71.6983 0.99003735121
71.8985 1.08362277106
72.0988 0.889608263078
72.299 0.979013567203
72.4992 0.947563463893
72.6995 0.965305511536
72.8997 0.963967645404
73.0999 1.01742166472
73.3002 0.997291570378
73.5004 0.816184051222
73.7006 1.05056126316
73.9009 1.05840143722
74.1011 1.00118481906
74.3013 1.06427573114
74.5016 0.944236889316
74.7018 0.947859629432
74.902 1.07047421303
75.1023 1.05295636039
75.3025 1.04028848683
75.5027 1.09437786358
75.703 0.942258378024
75.9032 0.918931543457
76.1034 0.969947106241
76.3037 1.04463140636
76.5039 1.08582385099
76.7041 0.997402027977
76.9044 0.996786272068
77.1046 0.95913698745
77.3048 0.994194743851
77.5051 0.952947674091
77.7053 0.983350105304
77.9056 1.07995061842
78.1058 0.991000509549
78.306 1.01323944619
78.5063 0.938587603519
78.7065 0.949011232213
78.9067 0.989454078515
79.107 0.844018111304
79.3072 1.00756045469
79.5075 0.882497098721
79.7077 1.07678492998
79.9079 1.00850435219
80.1082 1.09423779312
80.3084 1.07127548434
80.5087 0.87994881137
80.7089 1.01265168403
80.9091 1.10865388139
81.1094 1.02236830025
81.3096 1.11328587626
81.5099 0.992545601148
81.7101 0.934631211086
81.9104 1.01438041347
82.1106 1.07398404963
82.3108 0.885327229715
82.5111 0.990945751299
82.7113 1.0262293017
82.9116 1.03012438099
83.1118 1.1341208069
83.3121 0.987183488866
83.5123 1.03536719993
83.7126 1.1033146671
83.9128 0.934478690443
84.113 1.01801993142
84.3133 0.968412138381
84.5135 1.02975878088
84.7138 1.06622897756
84.914 0.911880223166
85.1143 0.96564584504
85.3145 1.04068784261
85.5148 1.14705299367
85.715 1.08189743237
85.9153 0.906766750738
86.1155 1.00965472264
86.3158 1.04361901321
86.516 1.07034251527
86.7163 1.08667408372
86.9165 1.01561139874
87.1168 1.05676534497
87.317 1.03551069999
87.5173 0.964875567571
87.7175 1.00241370049
87.9178 0.960917212752
88.118 0.909501151345
88.3183 0.900955371955
88.5185 0.979686079986
88.7188 0.99893463154
88.919 1.119462921
89.1193 1.11821410988
89.3195 1.04993201979
89.5198 1.0065670172
89.72 0.945281361842
89.9203 1.06962192552
90.1205 0.983110948512
90.3208 1.04205783143
90.521 1.03057808836
90.7213 0.964657949231
90.9216 1.11727505799
91.1218 0.870083436993
91.3221 0.952462850711
91.5223 1.02557499623
91.7226 0.985547812091
91.9228 0.928108052061
92.1231 0.95596753592
92.3233 1.05063474435
92.5236 1.07803035854
92.7239 0.982949526837
92.9241 0.950743988299
93.1244 0.966906246253
93.3246 0.971946313893
93.5249 0.964325628537
93.7252 1.02810002742
93.9254 1.06692136202
94.1257 0.997808571264
94.3259 1.06010869613
94.5262 1.00982713349
94.7264 0.948926906886
94.9267 1.04863682619
95.127 0.88487248355
95.3272 1.04021420063
95.5275 0.957144770787
95.7278 0.846014229364
95.928 0.971238255444
96.1283 1.04569113784
96.3285 1.01763559897
96.5288 0.981111276384
96.7291 1.0551006906
96.9293 1.01942732539
97.1296 0.942736452412
97.3298 0.906981648174
97.5301 1.11760675524
97.7304 1.0288633825
97.9306 0.98468391334
98.1309 0.974215173511
98.3312 1.00640589661
98.5314 0.969550107786
98.7317 0.954473932455
98.932 1.02610250843
99.1322 1.13502816749
99.3325 0.923916599734
99.5328 0.981694214421
99.733 1.108980339
99.9333 0.933364154801
