-113.027 1.46058395442
-112.821 1.33958192433
-112.615 0.993541509162
-112.409 1.10936429525
-112.203 0.903978389044
-111.997 0.116901683129
-111.791 1.74132708562
-111.585 1.32061018524
-111.379 0.421361336295
-111.173 0.985822031938
-110.967 1.22624947831
-110.761 1.10347833784
-110.555 1.00706815026
-110.349 0.7609077411
-110.143 0.67078836645
-109.937 0.788293526398
-109.731 1.32431374709
-109.525 0.428026019942
-109.319 0.712324391077
-109.113 0.311572281713
-108.907 2.0223294873
-108.702 0.896502759626
-108.496 1.00723637267
-108.29 1.06651441575
-108.084 1.44492474059
-107.878 0.362996017296
-107.672 1.38117408081
-107.466 0.972336288453
-107.26 0.797303503715
-107.054 0.370661860465
-106.848 0.739145836876
-106.642 1.08187665358
-106.436 0.530423184742
-106.23 0.962560976343
-106.024 0.658912784735
-105.818 1.23529890409
-105.612 1.16335344275
-105.406 0.749731634444
-105.2 1.62986680842
-104.994 0.217166118507
-104.788 1.98634070782
-104.582 1.32575164707
-104.376 0.81290536001
-104.17 1.23975639181
-103.964 0.659808425293
-103.759 1.02880231155
-103.553 0.970424382324
-103.347 1.56320251536
-103.141 1.00628995569
-102.935 0.965442908999
-102.729 1.77762315829
-102.523 0.233966770795
-102.317 0.738361345325
-102.111 1.58632144492
-101.905 0.887740635868
-101.699 1.78792966333
-101.493 1.41976776451
-101.287 0.96974908289
-101.081 -0.0885686465115
-100.875 1.14104045571
-100.669 0.150483033219
-100.463 1.12096896705
-100.257 1.57175867903
-100.051 1.6607273434
-99.8452 0.771123865403
-99.6392 1.14117473234
-99.4333 0.83977458704
-99.2273 0.134098618725
-99.0213 1.51349483112
-98.8154 1.48798075149
-98.6094 0.681928268442
-98.4034 1.42552611839
-98.1975 1.5814708113
-97.9915 0.696336361165
-97.7855 0.937192442693
-97.5795 -0.0193834878947
-97.3736 2.04424195361
-97.1676 0.735960177358
-96.9616 1.33866866343
-96.7557 0.984348638495
-96.5497 2.2189642926
-96.3437 2.09253350979
-96.1377 -0.0360360256104
-95.9318 0.937717583445
-95.7258 1.12909162395
-95.5198 1.62554598857
-95.3139 1.34846549525
-95.1079 0.0996013817582
-94.9019 0.53464456463
-94.6959 0.209402659787
-94.49 0.959274238791
-94.284 1.34966135675
-94.078 1.43334112698
-93.872 1.3104320504
-93.6661 1.92971968031
-93.4601 0.400171683755
-93.2541 1.07800175735
-93.0481 1.78446142369
-92.8422 2.35437109877
-92.6362 0.536705538114
-92.4302 0.710791952175
-92.2242 1.18079760846
-92.0183 0.682348971973
-91.8123 0.823935953631
-91.6063 0.257948493426
-91.4003 1.53376026622
-91.1943 1.95313594314
-90.9884 1.38186069406
-90.7824 0.427305628884
-90.5764 0.436145140372
-90.3704 0.423877123931
-90.1644 1.23817045809
-89.9585 1.40833820034
-89.7525 0.0126999179576
-89.5465 0.7293561644
-89.3405 1.90535957495
-89.1345 0.890341481579
-88.9286 0.580404336553
-88.7226 0.250618307154
-88.5166 0.520409055648
-88.3106 1.38238128001
-88.1046 1.12290537234
-87.8986 1.18647743357
-87.6927 1.56436288137
-87.4867 1.04089245996
-87.2807 1.33815153411
-87.0747 1.35626402646
-86.8687 1.39152462099
-86.6627 -0.0709359627937
-86.4568 1.58329031632
-86.2508 1.87003223747
-86.0448 1.05623817049
-85.8388 0.583433851181
-85.6328 2.41803034119
-85.4268 0.958761209524
-85.2208 1.2695538873
-85.0148 0.343080978181
-84.8089 0.363114480206
-84.6029 0.82076903183
-84.3969 1.7558478533
-84.1909 1.44544333403
-83.9849 1.79968556711
-83.7789 0.425252091189
-83.5729 1.37116217777
-83.3669 0.504361844581
-83.1609 0.0204877300607
-82.955 0.858271532444
-82.749 0.478336804821
-82.543 0.220840159958
-82.337 0.646753597295
-82.131 1.42405730731
-81.925 0.572851974097
-81.719 0.7202267422
-81.513 0.471990906607
-81.307 0.514477612624
-81.101 0.935459630973
-80.8951 0.863444237744
-80.6891 1.0104522479
-80.4831 0.00642610195763
-80.2771 0.0148106409347
-80.0711 0.240345590501
-79.8651 0.577689738861
-79.6591 0.966371030198
-79.4531 1.86901135316
-79.2471 1.35215457191
-79.0411 1.53028441589
-78.8351 1.4508436034
-78.6291 0.904873217683
-78.4231 0.26616983521
-78.2171 1.15699420983
-78.0111 0.144252432792
-77.8051 0.740913235784
-77.5991 0.386586138089
-77.3931 1.74204401131
-77.1871 0.689492289593
-76.9811 1.51812553949
-76.7751 1.2363301745
-76.5691 2.52731852761
-76.3631 1.46563815488
-76.1571 0.445718700506
-75.9511 0.471816449987
-75.7451 0.374695766265
-75.5391 0.640900875635
-75.3331 0.353763596179
-75.1271 0.637527114203
-74.9211 1.10369656936
-74.7151 1.74623087345
-74.5091 1.69112648808
-74.3031 0.50704532752
-74.0971 0.79534582697
-73.8911 1.36536265478
-73.6851 0.551599084028
-73.4791 0.173412347686
-73.2731 1.53656249186
-73.0671 0.667324735335
-72.8611 1.2433983864
-72.6551 1.00025862673
-72.4491 1.18803760574
-72.2431 1.13933075167
-72.0371 1.95105528376
-71.8311 1.75191376777
-71.6251 1.60462240019
-71.4191 0.775977384338
-71.2131 0.0884755205411
-71.0071 1.49971412021
-70.801 1.44905593181
-70.595 0.69864875013
-70.389 0.488708449105
-70.183 0.949377243526
-69.977 -0.118391806241
-69.771 1.01961798554
-69.565 0.43364025633
-69.359 1.74167644495
-69.153 0.75687330196
-68.947 0.473961116389
-68.741 0.401431082725
-68.535 0.015878897721
-68.3289 0.458853055522
-68.1229 0.234336216984
-67.9169 0.149324473334
-67.7109 0.426389094391
-67.5049 1.10056378162
-67.2989 -0.163840515717
-67.0929 1.02411528224
-66.8869 0.166520176434
-66.6809 0.239856178108
-66.4748 1.38011284165
-66.2688 0.210725920432
-66.0628 0.321615588908
-65.8568 0.00995215252847
-65.6508 0.536374766733
-65.4448 1.58161417536
-65.2388 0.777613581753
-65.0328 0.800949199085
-64.8267 0.955984752075
-64.6207 -0.0233843648965
-64.4147 0.0727282133827
-64.2087 1.00365995926
-64.0027 0.0610028444546
-63.7967 0.783621528642
-63.5906 0.474207225526
-63.3846 1.44893000898
-63.1786 0.0958125806072
-62.9726 1.10009919218
-62.7666 0.342701818207
-62.5606 0.929126556868
-62.3545 0.636675717726
-62.1485 0.531155744515
-61.9425 1.80864470097
-61.7365 1.97090019115
-61.5305 1.65837397958
-61.3244 2.47876999743
-61.1184 0.87400820599
-60.9124 0.254671146658
-60.7064 2.33017430682
-60.5004 0.242474687038
-60.2943 0.700295478946
-60.0883 0.20583984827
-59.8823 0.811782616722
-59.6763 1.18502687803
-59.4702 0.308086936419
-59.2642 1.02484981349
-59.0582 0.179715699201
-58.8522 1.35164668324
-58.6462 2.63529053791
-58.4401 1.58184698673
-58.2341 1.53667189778
-58.0281 0.188499763434
-57.8221 0.721780623255
-57.616 0.065257044213
-57.41 2.38322533019
-57.204 1.34830646376
-56.998 1.0028296778
-56.7919 1.07666355973
-56.5859 1.11555946686
-56.3799 0.820399445011
-56.1739 1.30927686753
-55.9678 1.63798513857
-55.7618 2.82491378915
-55.5558 0.958070074442
-55.3497 1.15895515417
-55.1437 1.52529172341
-54.9377 1.0539075182
-54.7317 0.475645436823
-54.5256 0.193794792481
-54.3196 0.73273621034
-54.1136 0.688576975248
-53.9075 1.78193122726
-53.7015 1.33440391188
-53.4955 0.74085535096
-53.2894 1.76166610407
-53.0834 0.756974674927
-52.8774 1.39401896644
-52.6714 0.936049237153
-52.4653 1.038675961
-52.2593 0.559904079333
-52.0533 0.493637867797
-51.8472 0.932803422814
-51.6412 1.02844281589
-51.4352 0.983697688085
-51.2291 0.814019520268
-51.0231 1.05838413891
-50.8171 1.13850387042
-50.611 1.41660453097
-50.405 0.172565626781
-50.199 0.631247413803
-49.9929 0.892693077069
-49.7869 1.32573170849
-49.5808 1.64407204175
-49.3748 1.70838756658
-49.1688 0.973607939343
-48.9627 0.0583772472901
-48.7567 1.77836114205
-48.5507 0.669635664166
-48.3446 2.04565949909
-48.1386 0.172281958288
-47.9325 0.527159489867
-47.7265 0.862420064654
-47.5205 1.88690649898
-47.3144 1.28575836351
-47.1084 1.21326185774
-46.9024 0.892212039379
-46.6963 0.444233112342
-46.4903 0.758366547919
-46.2842 1.5418142414
-46.0782 1.04086953477
-45.8722 1.855244919
-45.6661 0.683358363049
-45.4601 0.417884215835
-45.254 1.42749579096
-45.048 1.72887687384
-44.8419 1.7440013748
-44.6359 0.909751137676
-44.4299 1.67055554684
-44.2238 0.418600383618
-44.0178 1.31525446311
-43.8117 0.394493567753
-43.6057 1.78284051941
-43.3996 0.818891189349
-43.1936 0.893376713643
-42.9875 1.92430384352
-42.7815 0.801939152715
-42.5755 1.03847114433
-42.3694 0.773628883966
-42.1634 0.302044813229
-41.9573 0.736474677256
-41.7513 1.86936577611
-41.5452 0.633044523763
-41.3392 0.0504511121584
-41.1331 0.0962523018879
-40.9271 1.08499529209
-40.721 1.55452051958
-40.515 0.257047588755
-40.3089 1.65140053461
-40.1029 0.384771961514
-39.8968 0.240189353176
-39.6908 0.258448670979
-39.4847 0.0331228489303
-39.2787 0.109310979696
-39.0726 0.259151147956
-38.8666 1.0654895886
-38.6605 1.9319883628
-38.4545 0.896562112543
-38.2484 1.24800587076
-38.0424 1.75478318586
-37.8363 0.104874655906
-37.6303 1.469398994
-37.4242 1.01902467333
-37.2182 0.0688963848262
-37.0121 1.02131062152
-36.8061 1.61699207127
-36.6 0.764467069507
-36.394 0.81288846471
-36.1879 0.264571471356
-35.9819 0.714840996376
-35.7758 0.883877670916
-35.5697 0.120465265576
-35.3637 0.777766087883
-35.1576 0.769247797158
-34.9516 0.566450363921
-34.7455 0.615678237109
-34.5395 1.09530436981
-34.3334 1.26354951209
-34.1273 0.574192344793
-33.9213 0.185632471234
-33.7152 0.558715783746
-33.5092 2.45552401081
-33.3031 2.47430150045
-33.0971 1.29141786013
-32.891 0.551035355598
-32.6849 0.588831852532
-32.4789 0.983400284072
-32.2728 1.98985314686
-32.0668 0.155029349885
-31.8607 0.061014185897
-31.6546 0.915486694427
-31.4486 0.78187639254
-31.2425 0.810627376081
-31.0365 1.00568860725
-30.8304 0.685168085945
-30.6243 3.02894117385
-30.4183 0.748017070553
-30.2122 0.243928722518
-30.0061 0.904969976305
-29.8001 0.659670901699
-29.594 0.947613379351
-29.388 0.918548730242
-29.1819 0.874070822708
-28.9758 1.46723921606
-28.7698 -0.0611117295175
-28.5637 0.762996060589
-28.3576 1.89583915849
-28.1516 1.38073320735
-27.9455 2.04859941568
-27.7394 1.03855492772
-27.5334 0.559748241051
-27.3273 1.09101672807
-27.1212 1.1001157689
-26.9152 0.0840761508635
-26.7091 0.111860320201
-26.503 0.676003326138
-26.297 1.41123484157
-26.0909 -0.0264236981429
-25.8848 0.325862253966
-25.6788 0.145765573674
-25.4727 0.561878482933
-25.2666 0.513015821245
-25.0606 1.23596786991
-24.8545 0.993487772381
-24.6484 0.104270292963
-24.4423 1.07551334457
-24.2363 1.14877913317
-24.0302 0.753822208836
-23.8241 -0.0899895956325
-23.6181 0.48374899805
-23.412 0.125842959853
-23.2059 0.827398794622
-22.9998 1.56313849763
-22.7938 0.412539885075
-22.5877 0.34611617493
-22.3816 0.785485087767
-22.1756 0.791620455275
-21.9695 0.294257505146
-21.7634 0.263305590499
-21.5573 0.209731267417
-21.3513 0.106654884715
-21.1452 0.12295172944
-20.9391 -0.106637914105
-20.733 0.394160627648
-20.527 -0.0515908801074
-20.3209 0.384983551061
-20.1148 1.43749615457
-19.9087 0.217627378083
-19.7026 0.293827270347
-19.4966 1.24336258417
-19.2905 1.13618468059
-19.0844 0.102194820761
-18.8783 1.06081541795
-18.6723 0.237223303178
-18.4662 0.498303502215
-18.2601 0.470910376053
-18.054 0.196715164356
-17.8479 0.645736404713
-17.6419 0.308273945943
-17.4358 2.7165633647
-17.2297 0.10249733626
-17.0236 0.706395610246
-16.8175 0.0284329343887
-16.6115 0.212488189426
-16.4054 0.727655797163
-16.1993 -0.0414806622667
-15.9932 0.24298319081
-15.7871 -0.123860840262
-15.581 0.866752614733
-15.375 -0.102002893045
-15.1689 0.202315541968
-14.9628 0.207914136396
-14.7567 0.0435101542656
-14.5506 0.637726321874
-14.3445 0.165004545599
-14.1385 0.0776420175598
-13.9324 0.85997738419
-13.7263 0.599383497302
-13.5202 1.17482371681
-13.3141 0.249661184279
-13.108 -0.0650401190917
-12.9019 0.366518331648
-12.6959 1.37012373652
-12.4898 1.36518628862
-12.2837 -0.172031381056
-12.0776 1.39885521991
-11.8715 1.52973386991
-11.6654 0.336822370728
-11.4593 0.443270725455
-11.2532 -0.0543161110693
-11.0472 0.0351479222786
-10.8411 0.720912520716
-10.635 0.170195132921
-10.4289 -0.0134436973333
-10.2228 0.763295791277
-10.0167 0.215579035801
-9.81062 0.216968108578
-9.60453 0.0870334709888
-9.39844 -0.306169933594
-9.19235 2.02483509709
-8.98626 0.132800744425
-8.78016 -0.204479365249
-8.57407 1.20486808714
-8.36798 0.225792400719
-8.16189 0.22630551561
-7.95579 0.0732580206409
-7.7497 0.181725605483
-7.54361 0.207626925437
-7.33751 0.238628050161
-7.13142 -0.0357991777331
-6.92532 -0.0458791069153
-6.71923 1.70620977138
-6.51313 0.0368000269396
-6.30704 0.682381413082
-6.10094 0.175911842934
-5.89485 0.132045574664
-5.68875 0.177046232603
-5.48265 0.370973736574
-5.27656 2.22775121109
-5.07046 0.344269173709
-4.86436 0.11534553234
-4.65827 1.84454699201
-4.45217 0.137431537415
-4.24607 0.116513550036
-4.03997 1.85611109703
-3.83387 -0.07790779506
-3.62777 0.267604562535
-3.42167 1.26927318861
-3.21557 -0.0509508591348
-3.00947 -0.178206827904
-2.80337 0.215088636135
-2.59727 -0.0425215172017
-2.39117 0.629172374777
-2.18507 0.118087652524
-1.97897 1.13712865475
-1.77287 0.345886327031
-1.56677 0.37569282874
-1.36067 -0.21484862902
-1.15456 -0.268868835176
-0.94846 0.516324499878
-0.742357 0.174224047534
-0.536254 -0.266758303183
-0.33015 0.529795302808
-0.124046 2.23572151802
0.082058 0.42844100132
0.288162 0.0837462478909
0.494267 0.467143037157
0.700372 -0.162443095278
0.906477 0.199118246556
1.11258 0.0252894513012
1.31869 0.760054966924
1.52479 0.0761429118493
1.7309 -0.0848941579478
1.93701 -0.178130882333
2.14312 0.139027421898
2.34922 1.24450537295
2.55533 1.03169864885
2.76144 0.908992932818
2.96755 -0.320269967928
3.17365 0.0612040670121
3.37976 0.260496265235
3.58587 0.0817672650131
3.79198 0.17771213291
3.99809 0.6106249162
4.2042 0.406122866508
4.41031 -0.117478089219
4.61642 0.240452504718
4.82253 -0.155007419497
5.02864 -0.260274047729
5.23475 0.30265817112
5.44087 0.0361490642839
5.64698 0.131532263132
5.85309 -0.282983783531
6.0592 0.160078110481
6.26531 -0.0928547019203
6.47143 -0.390386318311
6.67754 0.219331921538
6.88365 -0.0408065969403
7.08977 0.558899803349
7.29588 -0.189854138761
7.502 0.106957592013
7.70811 0.0986405969617
7.91423 -0.251758415997
8.12034 0.219547932642
8.32646 0.381953305903
8.53257 -0.240052813944
8.73869 0.730928371563
8.9448 0.440170755216
9.15092 1.06307525308
9.35704 -0.457186592466
9.56316 0.0486101232321
9.76927 0.0914737117694
9.97539 0.556434760794
10.1815 0.728616960088
10.3876 0.231518470375
10.5937 0.0129012096822
10.7999 0.463547764451
11.006 0.277611858334
11.2121 0.427967287304
11.4182 0.217467229091
11.6243 1.61918841326
11.8305 -0.159858076049
12.0366 0.397536789967
12.2427 0.509219390166
12.4488 1.44540594582
12.6549 0.225836640923
12.8611 0.828660222457
13.0672 -0.0163908619447
13.2733 0.553640503794
13.4794 2.7044876672
13.6856 0.551565785289
13.8917 0.155961194429
14.0978 0.034176324806
14.3039 0.119939813748
14.5101 0.359228088782
14.7162 0.00265437520169
14.9223 0.135580982555
15.1284 0.154972344793
15.3346 -0.170276529081
15.5407 1.73064953615
15.7468 0.17526681974
15.9529 -0.08265840524
16.1591 0.239418930457
16.3652 0.261475312954
16.5713 0.346353292415
16.7774 1.41664268557
16.9836 3.31702475673
17.1897 0.0105048414709
17.3958 0.260473934016
17.6019 0.239387665763
17.8081 0.363476064673
18.0142 1.04785974216
18.2203 0.661854836155
18.4265 0.124682588906
18.6326 0.732639564923
18.8387 0.117824128339
19.0449 0.570909048828
19.251 1.6429530834
19.4571 0.488133458736
19.6632 0.517861356811
19.8694 2.40858873926
20.0755 0.23531753042
20.2816 0.524940447498
20.4878 1.70755585526
20.6939 1.09594957312
20.9 0.345128363666
21.1062 0.701282351583
21.3123 -0.182283891171
21.5184 0.775387133296
21.7246 0.0953381771271
21.9307 -0.0113473436459
22.1368 1.9167282364
22.343 0.111770801529
22.5491 0.770117146072
22.7552 0.560394876224
22.9614 1.85448232234
23.1675 0.112088696718
23.3737 1.67388582103
23.5798 0.0222989194654
23.7859 1.26686353176
23.9921 0.984788484237
24.1982 1.84350126836
24.4043 1.69629392201
24.6105 2.32842446122
24.8166 2.08381605483
25.0228 2.08088033945
25.2289 1.96376488678
25.435 0.0936774850294
25.6412 0.29660667883
25.8473 0.834728685075
26.0534 0.838089083041
26.2596 0.5545647789
26.4657 0.759828053181
26.6719 0.510104562641
26.878 1.55584604441
27.0842 0.632784100978
27.2903 0.730512639757
27.4964 0.377932097304
27.7026 0.189671504963
27.9087 2.73197851393
28.1149 0.796464767299
28.321 3.2385601142
28.5271 0.557031818204
28.7333 1.38048651072
28.9394 1.16063587831
29.1456 0.728633058552
29.3517 1.1700012813
29.5579 0.529451198611
29.764 0.489594917538
29.9702 0.0432797592645
30.1763 1.91524579792
30.3825 1.26165931402
30.5886 1.61137446158
30.7947 1.08201702397
31.0009 0.963513344085
31.207 0.851153032304
31.4132 0.110573508303
31.6193 2.55152007944
31.8255 1.32493846934
32.0316 1.33215724392
32.2378 2.2882336124
32.4439 0.120119481262
32.6501 1.9225837477
32.8562 2.18909052708
33.0624 0.278988173584
33.2685 0.795187008481
33.4747 2.21007036542
33.6808 1.05538926924
33.887 0.999102849498
34.0931 1.29362910923
34.2993 0.179322170304
34.5054 -0.0220057469682
34.7116 2.70043345154
34.9177 0.0352312196859
35.1239 1.606244942
35.33 1.89277571091
35.5362 0.320705844062
35.7423 1.11895761947
35.9485 0.0939967814739
36.1546 0.681525574101
36.3608 0.850648994499
36.567 0.692682277615
36.7731 1.80591739858
36.9793 0.589034990676
37.1854 1.65216486511
37.3916 1.20267309756
37.5977 1.2549736046
37.8039 0.350995329146
38.01 0.130748626643
38.2162 1.21945495715
38.4224 0.798475586446
38.6285 2.15037956902
38.8347 2.21177733192
39.0408 0.966179407588
39.247 1.69577442203
39.4531 0.260951246873
39.6593 1.15586501974
39.8655 2.27449656595
40.0716 0.497029831287
40.2778 0.570683593763
40.4839 0.676724795198
40.6901 0.323506849544
40.8963 0.71060945476
41.1024 2.23705961771
41.3086 1.67352444448
41.5147 0.07002763243
41.7209 0.857811495048
41.9271 0.680359726722
42.1332 1.03283965951
42.3394 0.101506106508
42.5456 1.06369975068
42.7517 3.19231632604
42.9579 1.29020595251
43.164 0.183832858948
43.3702 1.10533943091
43.5764 1.6848153523
43.7825 1.96851503847
43.9887 0.189492866271
44.1949 0.838155432793
44.401 0.344516695563
44.6072 0.237502775344
44.8134 0.108415680706
45.0195 0.541160043158
45.2257 0.232660807133
45.4319 1.25736006299
45.638 0.765470400751
45.8442 0.778963820844
46.0504 0.774298777936
46.2565 1.07344842978
46.4627 1.90286731255
46.6689 1.41256772708
46.875 1.23131213316
47.0812 1.27485689852
47.2874 1.18451911087
47.4935 0.727081112975
47.6997 1.36894224737
47.9059 0.81378197765
48.112 0.838053890107
48.3182 1.57348594121
48.5244 1.12525438171
48.7306 0.69059734388
48.9367 0.848747617861
49.1429 0.664699744367
49.3491 0.307919325794
49.5552 1.29279540444
49.7614 0.290800524967
49.9676 0.274743296614
50.1738 0.646954815104
50.3799 2.08505586054
50.5861 2.43468668936
50.7923 0.0905113215047
50.9985 1.15628316393
51.2046 0.0441310728945
51.4108 1.27761514297
51.617 0.00339044790469
51.8232 1.328254919
52.0293 0.690288924596
52.2355 0.163237503857
52.4417 0.994234040638
52.6479 0.265982150329
52.854 0.0873917603561
53.0602 0.576865038101
53.2664 0.551546931332
53.4726 0.678583540162
53.6788 2.4321396359
53.8849 1.07393101129
54.0911 1.0577331465
54.2973 0.594986307674
54.5035 0.62102386052
54.7096 1.00165765874
54.9158 1.30606567057
55.122 0.996937833853
55.3282 1.98869098456
55.5344 1.0888931854
55.7405 2.19487893812
55.9467 1.66723823213
56.1529 0.347153226932
56.3591 0.938757826814
56.5653 0.560053411783
56.7715 0.257248049518
56.9776 0.189110988525
57.1838 0.408883968434
57.39 0.46338765625
57.5962 1.72832895858
57.8024 1.25022839607
58.0086 1.57232639863
58.2147 1.12786100935
58.4209 1.79595102353
58.6271 0.170317248835
58.8333 1.14463651791
59.0395 1.61175644369
59.2457 0.421508621885
59.4518 0.276415546696
59.658 0.0790618612495
59.8642 1.13450790374
60.0704 0.995403912934
60.2766 2.3868187263
60.4828 2.14126362907
60.689 1.99169506301
60.8952 0.346040097013
61.1013 0.411647500991
61.3075 1.02478239243
61.5137 1.52567160252
61.7199 1.12404286235
61.9261 0.289417817025
62.1323 0.171655015695
62.3385 1.6840757216
62.5447 0.392825247818
62.7509 0.132260057907
62.957 0.283842876361
63.1632 0.75841575254
63.3694 2.77630535333
63.5756 2.01122711121
63.7818 0.61273770625
63.988 1.46985729325
64.1942 0.0243895136571
64.4004 1.33216745936
64.6066 0.643355089944
64.8128 0.38672851517
65.019 0.465040943852
65.2252 0.860535763997
65.4314 0.0639793902157
65.6376 1.8403706363
65.8438 1.39820098147
66.0499 0.969098364028
66.2561 1.64624495549
66.4623 2.28864768964
66.6685 1.09681428538
66.8747 2.52117021503
67.0809 1.13069451592
67.2871 0.278525578259
67.4933 1.34585560212
67.6995 2.15601644896
67.9057 2.1203646582
68.1119 2.22852609885
68.3181 1.88823341214
68.5243 1.88393914291
68.7305 0.559130948031
68.9367 0.0558993519428
69.1429 0.49200470881
69.3491 1.54462144317
69.5553 1.63338468116
69.7615 1.02482041647
69.9677 0.321813502742
70.1739 1.6665528942
70.3801 0.458749561716
70.5863 0.593046439377
70.7925 0.968754417612
70.9987 1.01165555259
71.2049 1.10829209753
71.4111 2.21705468061
71.6173 1.2198658905
71.8235 1.09756885058
72.0297 0.512803283209
72.2359 0.198633464369
72.4421 1.64256730315
72.6483 1.50865225294
72.8545 0.615414421324
73.0607 1.38846584822
73.2669 1.40729966547
73.4731 0.609052637429
73.6794 2.17233631093
73.8856 1.06398610408
74.0918 1.20998703307
74.298 0.889286277488
74.5042 0.089259914793
74.7104 0.193057113242
74.9166 0.199513947015
75.1228 0.144916405107
75.329 1.42038835685
75.5352 0.285181252576
75.7414 1.23043368852
75.9476 2.20039605378
76.1538 1.30415335957
76.36 1.22960797612
76.5663 1.6278416411
76.7725 0.207315261002
76.9787 0.22245733213
77.1849 1.56529864771
77.3911 0.198059665677
77.5973 1.26127402646
77.8035 0.675602766341
78.0097 0.823328700481
78.2159 0.663008230473
78.4221 0.550047670314
78.6284 0.46831564816
78.8346 0.530473415531
79.0408 0.723119994632
79.247 1.13305237118
79.4532 0.811045754424
79.6594 1.23627464109
79.8656 1.01023753467
80.0719 0.738392681907
80.2781 0.507619396445
80.4843 0.719578785747
80.6905 1.56826704594
80.8967 0.657589096857
81.1029 1.27559542875
81.3092 0.717919866371
81.5154 1.83109382492
81.7216 0.77253301755
81.9278 0.829995828648
82.134 1.87774472737
82.3402 0.0587452679773
82.5464 0.43073118685
82.7527 0.641305431126
82.9589 1.20306865015
83.1651 1.46120597291
83.3713 0.913109681235
83.5775 1.40608114335
83.7838 0.0766469065307
83.99 0.0264216100254
84.1962 0.97140847395
84.4024 1.02538710268
84.6086 0.671209651038
84.8149 1.02751899488
85.0211 0.174054990642
85.2273 0.628292515178
85.4335 1.37479692082
85.6397 2.47564749316
85.846 0.213663697879
86.0522 2.19439080278
86.2584 0.990981313461
86.4646 1.06205916397
86.6709 1.379876338
86.8771 2.41539727585
87.0833 0.789704353627
87.2895 1.59176222996
87.4958 0.589545147295
87.702 2.14886958153
87.9082 0.416152975692
88.1144 0.146138364714
88.3207 1.06233851641
88.5269 1.26733971028
88.7331 0.515545328379
88.9393 0.449531777685
89.1456 0.844907491238
89.3518 0.573885128323
89.558 2.50791176583
89.7642 2.40216946416
89.9705 0.914696747968
90.1767 0.63067672787
90.3829 0.522995390584
90.5892 0.927809350423
90.7954 2.11579590222
91.0016 1.17908295682
91.2078 0.862744297663
91.4141 -0.050379568405
91.6203 0.158387886003
91.8265 0.477929682057
92.0328 0.608529503161
92.239 1.39993879694
92.4452 0.38466118729
92.6515 0.225184885643
92.8577 1.42631766998
