-100.0 1.14286599478
-99.8 1.10319276004
-99.6 1.02145979088
-99.4 1.19086047333
-99.2 0.98597624958
-99.0 0.790853552803
-98.8 1.03723554095
-98.6 0.917892578517
-98.4 0.958506994161
-98.2 0.971070124786
-98.0 0.946682885902
-97.8 1.07483793139
-97.6 0.930323293829
-97.4 1.05286076039
-97.2 0.861861729813
-97.0 0.964413353673
-96.8 1.10378198894
-96.6 1.08254467265
-96.4 1.02029939894
-96.2 1.06842317193
-95.9999 0.989216107433
-95.7999 1.06734807477
-95.5999 1.12080402873
-95.3999 1.11425160125
-95.1999 1.15365830766
-94.9999 0.985118712851
-94.7999 1.09229359005
-94.5999 1.21241814905
-94.3999 1.16556491015
-94.1999 1.0265184056
-93.9999 1.11090572333
-93.7999 0.801556355283
-93.5999 1.04018922577
-93.3999 1.0070530878
-93.1999 1.03267092513
-92.9998 0.94064459163
-92.7998 0.957748611587
-92.5998 0.910447431131
-92.3998 1.04099529878
-92.1998 1.02823904899
-91.9998 1.08644161187
-91.7998 1.18302327645
-91.5998 0.770908546973
-91.3998 0.960683529473
-91.1997 0.987797562063
-90.9997 0.934105449002
-90.7997 0.969785505296
-90.5997 0.860306149829
-90.3997 0.983633953713
-90.1997 1.00098954971
-89.9997 1.00979857601
-89.7997 0.902594968616
-89.5996 1.12458335674
-89.3996 1.18536536867
-89.1996 1.0656783796
-88.9996 1.04406688614
-88.7996 1.02828888324
-88.5996 0.849560043096
-88.3996 0.932433865435
-88.1995 0.990504522836
-87.9995 0.902417338732
-87.7995 0.999913479676
-87.5995 1.03163652836
-87.3995 0.917366413933
-87.1995 1.05813183327
-86.9994 1.06223371645
-86.7994 0.877425246494
-86.5994 0.87693549718
-86.3994 0.851300183912
-86.1994 1.10410610303
-85.9994 1.16615464823
-85.7993 0.964241768399
-85.5993 1.0912425051
-85.3993 1.1064696347
-85.1993 1.19167970791
-84.9993 1.04739410603
-84.7992 1.08842443449
-84.5992 0.90398175848
-84.3992 1.03333821691
-84.1992 0.960275711385
-83.9991 0.825156718154
-83.7991 1.07574822284
-83.5991 0.918210265654
-83.3991 1.00512600749
-83.1991 1.12217355234
-82.999 0.987009155532
-82.799 1.05835264112
-82.599 1.00865428725
-82.399 0.975841650789
-82.1989 0.857065326097
-81.9989 0.979512526173
-81.7989 1.04730661572
-81.5989 0.904732893414
-81.3988 0.893535554394
-81.1988 0.913953061015
-80.9988 0.835155850421
-80.7988 1.03486008872
-80.5987 0.944711709227
-80.3987 1.003412282
-80.1987 0.869427686752
-79.9987 1.09718132751
-79.7986 0.946634735739
-79.5986 1.05359984409
-79.3986 1.01440235792
-79.1986 1.01540242058
-78.9985 1.17466192562
-78.7985 1.04495294683
-78.5985 0.838114882554
-78.3984 0.840925088097
-78.1984 1.15127268861
-77.9984 0.865829488114
-77.7984 0.968075094109
-77.5983 1.01369820465
-77.3983 1.08313574702
-77.1983 0.912570425801
-76.9982 1.03046938277
-76.7982 1.00812000837
-76.5982 0.95407458793
-76.3981 0.983417723935
-76.1981 0.938593715521
-75.9981 0.881237311395
-75.798 0.955807862183
-75.598 1.0684011613
-75.398 1.10608757753
-75.198 1.00540321977
-74.9979 1.1085107506
-74.7979 1.00069231776
-74.5978 0.79638432651
-74.3978 0.994607022454
-74.1978 1.00675301201
-73.9977 0.962673071222
-73.7977 0.933402539286
-73.5977 0.852795732041
-73.3976 0.926519642349
-73.1976 0.888651974072
-72.9976 0.837587766728
-72.7975 1.14896362866
-72.5975 0.9828166123
-72.3975 0.9314652532
-72.1974 0.963966312908
-71.9974 1.02220572163
-71.7973 1.12036105511
-71.5973 1.02938023429
-71.3973 1.04081645865
-71.1972 0.922877695434
-70.9972 0.889038371691
-70.7972 0.90527740187
-70.5971 0.949687704014
-70.3971 0.973576975349
-70.197 1.20865531676
-69.997 1.01101657559
-69.797 0.972090976336
-69.5969 0.874928620492
-69.3969 1.10468586973
-69.1968 1.08524027063
-68.9968 1.11212496396
-68.7968 1.04255433318
-68.5967 0.956415448477
-68.3967 1.10226914897
-68.1966 1.01285096104
-67.9966 1.00258649107
-67.7965 0.882092054353
-67.5965 1.16373870179
-67.3965 1.12650170463
-67.1964 1.11210105942
-66.9964 1.02318461613
-66.7963 1.15908799955
-66.5963 1.01559441095
-66.3962 0.909893910062
-66.1962 1.11197602682
-65.9961 1.00695500526
-65.7961 0.992964997132
-65.5961 0.843997174209
-65.396 0.847873127069
-65.196 1.04336092072
-64.9959 0.946830013883
-64.7959 1.21882518409
-64.5958 1.04271130446
-64.3958 1.10412804036
-64.1957 0.881832861109
-63.9957 0.827985769895
-63.7956 0.780490896773
-63.5956 1.09224050038
-63.3955 1.13765016743
-63.1955 1.0074728111
-62.9954 0.827630509216
-62.7954 0.882512328728
-62.5953 0.979105986926
-62.3953 1.05678571909
-62.1952 1.0957806126
-61.9952 1.08765873164
-61.7951 0.917990086638
-61.5951 0.888477162329
-61.395 0.998495534843
-61.195 0.817350297819
-60.9949 1.06273598928
-60.7949 0.88801166477
-60.5948 0.982479453254
-60.3948 1.07289349229
-60.1947 0.9608048095
-59.9947 0.908185388945
-59.7946 1.09966031649
-59.5946 0.90831935905
-59.3945 0.894678258595
-59.1944 1.08276032475
-58.9944 0.966057734241
-58.7943 1.03435047805
-58.5943 0.840829658017
-58.3942 0.935833737569
-58.1942 0.900995855369
-57.9941 0.916772091191
-57.7941 1.0427036063
-57.594 0.806246752776
-57.3939 0.972262613462
-57.1939 1.02046120993
-56.9938 1.04627226889
-56.7938 1.02667500611
-56.5937 1.01159332267
-56.3937 1.06652171786
-56.1936 1.19130393267
-55.9935 1.06243054336
-55.7935 1.1889170357
-55.5934 0.890052123922
-55.3934 0.99328832839
-55.1933 1.03625125991
-54.9932 0.992602972816
-54.7932 0.946698276788
-54.5931 0.840073951443
-54.3931 1.08309003938
-54.193 0.800809042271
-53.9929 0.881947247537
-53.7929 0.937329887127
-53.5928 0.954889079769
-53.3928 0.910380954198
-53.1927 1.05084161614
-52.9926 1.08494952519
-52.7926 0.900193490242
-52.5925 0.891381688687
-52.3924 0.943201858121
-52.1924 1.13276685778
-51.9923 1.00587599463
-51.7922 0.950881814777
-51.5922 0.963326988467
-51.3921 0.971254731585
-51.1921 0.907999412684
-50.992 0.832469375176
-50.7919 1.08378036662
-50.5919 1.00536396589
-50.3918 1.01301247548
-50.1917 0.920330977998
-49.9917 1.18363173107
-49.7916 1.02344315508
-49.5915 0.899033713162
-49.3915 1.06538711523
-49.1914 1.01322603295
-48.9913 1.07403379156
-48.7913 1.18974228958
-48.5912 0.994646242978
-48.3911 1.05404142483
-48.191 1.00974776361
-47.991 0.879396579366
-47.7909 0.962866056702
-47.5908 0.976385727198
-47.3908 1.14764617244
-47.1907 1.03520037523
-46.9906 0.941835282498
-46.7906 0.944022201668
-46.5905 0.879394555422
-46.3904 1.06183994204
-46.1903 0.911578358438
-45.9903 0.926679703244
-45.7902 0.925902386301
-45.5901 0.965119772888
-45.3901 0.972834162299
-45.19 0.923850790494
-44.9899 1.01939248331
-44.7898 0.960718324207
-44.5898 0.964353006004
-44.3897 1.01999683668
-44.1896 1.15295562473
-43.9895 0.997947738596
-43.7895 1.01518207466
-43.5894 0.900015222329
-43.3893 0.962452173668
-43.1892 0.933845021989
-42.9892 1.00392248606
-42.7891 0.947853928796
-42.589 0.936441513548
-42.3889 0.953982748639
-42.1889 0.919551960465
-41.9888 1.02718424637
-41.7887 0.8704096558
-41.5886 0.868789613932
-41.3885 1.00861470661
-41.1885 1.08404581481
-40.9884 0.8228565247
-40.7883 1.06736921327
-40.5882 1.14832679627
-40.3881 1.09783702415
-40.1881 0.974461742702
-39.988 1.05815089592
-39.7879 1.180769448
-39.5878 0.999445153194
-39.3877 1.0191529767
-39.1877 0.892693847115
-38.9876 1.10508256304
-38.7875 1.11497098757
-38.5874 1.16315224562
-38.3873 0.956345199741
-38.1873 0.951894137722
-37.9872 0.930706791589
-37.7871 0.981235347588
-37.587 1.04409457571
-37.3869 0.912191666181
-37.1868 0.87973179308
-36.9868 0.941737521673
-36.7867 0.916414861183
-36.5866 1.16341284644
-36.3865 0.915126811239
-36.1864 1.06204644233
-35.9863 0.915248450759
-35.7862 0.942468318656
-35.5862 0.913226680556
-35.3861 0.815885327892
-35.186 0.987534057088
-34.9859 1.00166582521
-34.7858 0.857151128244
-34.5857 1.0826137069
-34.3856 0.954198521764
-34.1856 0.889903360567
-33.9855 0.98378375329
-33.7854 0.946748981956
-33.5853 1.00777532096
-33.3852 1.058435579
-33.1851 0.955038971969
-32.985 0.853151580246
-32.7849 1.04417561806
-32.5848 1.01356376941
-32.3847 0.972793066238
-32.1847 1.02824906435
-31.9846 0.848541318526
-31.7845 1.07023913937
-31.5844 1.12772166569
-31.3843 1.10295348185
-31.1842 0.963055209179
-30.9841 1.17125168727
-30.784 1.06664576411
-30.5839 0.994237715882
-30.3838 1.23639334123
-30.1837 1.00389582053
-29.9836 0.830141916244
-29.7836 0.9005132666
-29.5835 1.06722795967
-29.3834 0.948422981731
-29.1833 1.04302543577
-28.9832 0.909129261733
-28.7831 0.817901171941
-28.583 0.930101979765
-28.3829 0.997647933399
-28.1828 1.06488305906
-27.9827 1.07858254039
-27.7826 0.888481945536
-27.5825 0.91613853411
-27.3824 1.19634204064
-27.1823 1.04122023891
-26.9822 0.974595564183
-26.7821 0.733740111544
-26.582 0.986253541775
-26.3819 0.850167902376
-26.1818 1.013864426
-25.9817 0.909437684055
-25.7816 1.02328352486
-25.5815 0.895636351769
-25.3814 0.914896260378
-25.1813 1.1440594889
-24.9812 0.878367473604
-24.7811 1.04307657701
-24.581 0.984114361713
-24.3809 0.878417640496
-24.1808 0.9355828742
-23.9807 0.93682835117
-23.7806 0.916289817986
-23.5805 0.911565428216
-23.3804 1.04200542205
-23.1803 0.899926256373
-22.9802 0.798668114567
-22.7801 0.963073830931
-22.58 1.02584647474
-22.3799 0.992926314104
-22.1798 1.0689825119
-21.9797 1.04048707944
-21.7796 0.865272472197
-21.5795 1.01337170799
-21.3794 0.912231389913
-21.1793 0.87617142559
-20.9792 0.855014911969
-20.7791 0.882761005062
-20.579 0.940375155185
-20.3789 0.931722595412
-20.1787 0.734486193886
-19.9786 0.98859955018
-19.7785 1.19331530723
-19.5784 0.916288391417
-19.3783 1.01238678562
-19.1782 1.01518572691
-18.9781 1.07289132883
-18.778 1.00567905462
-18.5779 1.03623546758
-18.3778 0.998669153993
-18.1777 0.982306868716
-17.9776 0.768676449851
-17.7774 1.08419237875
-17.5773 0.751663224867
-17.3772 1.09834579764
-17.1771 1.19611615821
-16.977 1.01982841422
-16.7769 0.983873690917
-16.5768 1.12814340517
-16.3767 0.983096759248
-16.1766 1.04897722168
-15.9764 0.944317134356
-15.7763 1.03136290953
-15.5762 1.04000809014
-15.3761 0.899715598889
-15.176 0.95979885442
-14.9759 1.12274551
-14.7758 1.1966522225
-14.5757 1.12239407845
-14.3755 0.866513011909
-14.1754 1.06465761379
-13.9753 1.0417235117
-13.7752 1.19625164207
-13.5751 1.07495119681
-13.375 0.957589475638
-13.1749 0.881237625872
-12.9747 1.14624560805
-12.7746 0.921107753833
-12.5745 0.846592341539
-12.3744 1.09279981777
-12.1743 0.95602891761
-11.9742 1.07431935385
-11.774 0.914553162719
-11.5739 0.8503842795
-11.3738 1.06341879775
-11.1737 1.018389013
-10.9736 1.00929724065
-10.7734 0.881630708383
-10.5733 0.943273457129
-10.3732 0.85883486881
-10.1731 0.854475826645
-9.97296 0.831979579776
-9.77284 0.985564446546
-9.57272 0.878580678143
-9.3726 0.998317074333
-9.17248 0.995774795254
-8.97236 0.821333342792
-8.77224 0.877237302363
-8.57211 0.791214686389
-8.37199 1.13997943609
-8.17187 0.920117694064
-7.97175 1.00728167568
-7.77163 1.24452751577
-7.5715 0.853451185406
-7.37138 1.0260275477
-7.17125 0.952488591627
-6.97113 0.895132493333
-6.77101 0.80963607736
-6.57088 0.533963793179
-6.37076 0.754843983414
-6.17063 0.929044577125
-5.97051 0.950837417179
-5.77038 0.769675281185
-5.57025 0.569534816668
-5.37013 0.78994982538
-5.17 0.73003328232
-4.96987 0.787721922112
-4.76975 0.889787119743
-4.56962 1.25048776059
-4.36949 0.871092713324
-4.16937 0.836823513383
-3.96924 0.871366825402
-3.76911 0.663407746991
-3.56898 0.737724811916
-3.36885 0.971287858991
-3.16872 0.818775508242
-2.96859 0.655146088809
-2.76846 0.770804912783
-2.56833 0.757918852167
-2.3682 0.812440607946
-2.16807 0.837134313972
-1.96794 1.06116234303
-1.76781 0.880225227672
-1.56768 0.654514277737
-1.36755 0.736861798451
-1.16742 0.965473421401
-0.967284 1.19046564516
-0.767152 0.750245942189
-0.567019 1.00178743172
-0.366886 1.09096298452
-0.166753 1.04980587722
0.0333802 1.08897308232
0.233514 0.834431190022
0.433648 0.743108593364
0.633782 0.704208245929
0.833917 0.515977319126
1.03405 1.18727714111
1.23419 0.579229404994
1.43432 1.23993701325
1.63446 0.879504202157
1.83459 0.739338477111
2.03473 0.668069176273
2.23487 0.979433391363
2.435 0.357084678633
2.63514 0.386589243918
2.83528 0.122683865602
3.03541 0.268456930503
3.23555 -0.0200340624884
3.43569 0.0275295803147
3.63583 -0.0159603329415
3.83597 0.017838931414
4.0361 -0.00543830912068
4.23624 0.191400640435
4.43638 0.077690604047
4.63652 -0.0187898372923
4.83666 -0.00985768925386
5.0368 0.0887112527397
5.23694 0.152469496424
5.43708 -0.12056201156
5.63722 0.0255383867744
5.83737 0.0237857037588
6.03751 0.0314520180742
6.23765 0.0914150100947
6.43779 0.0469259986552
6.63793 0.461412056115
6.83808 0.0317580534896
7.03822 0.0191494430448
7.23836 0.112847920244
7.4385 0.073577458248
7.63865 1.11332696514
7.83879 0.180517795335
8.03894 0.435519743517
8.23908 0.295592959617
8.43923 0.142451762361
8.63937 0.438247138391
8.83951 0.607973599096
9.03966 0.0114512786448
9.23981 0.700370633825
9.43995 0.218458641875
9.6401 1.02835645971
9.84025 0.505108070253
10.0404 0.0750547248475
10.2405 0.409948307605
10.4407 0.247177875667
10.6408 0.36770800992
10.841 0.0433271062239
11.0411 0.29600195186
11.2413 0.34072666427
11.4414 0.272178648255
11.6416 0.079349125566
11.8417 0.0344330089891
12.0419 0.524650068837
12.242 0.268531552708
12.4422 0.12287969659
12.6423 0.378163374688
12.8425 0.094015853734
13.0426 0.0807461042177
13.2428 0.0689329245007
13.4429 0.284023566042
13.6431 0.063303396061
13.8432 0.0902430270413
14.0434 0.0595116069996
14.2435 0.00849378602291
14.4437 0.0497000276944
14.6438 0.359669371742
14.844 0.459925909909
15.0441 0.695730099043
15.2443 0.621925788439
15.4445 0.314897085433
15.6446 0.571079933114
15.8448 0.139792917477
16.0449 0.587849301475
16.2451 0.243774442284
16.4452 0.503275995851
16.6454 0.231211854294
16.8455 0.639031138794
17.0457 0.659638949384
17.2459 0.590117582967
17.446 0.598965047067
17.6462 0.74837279157
17.8463 0.632278738101
18.0465 0.644157338248
18.2466 0.71876236523
18.4468 0.625022160037
18.647 0.728555053778
18.8471 0.852186332551
19.0473 0.512144556929
19.2474 1.05160174238
19.4476 0.980402298324
19.6478 0.828955373812
19.8479 0.832688107161
20.0481 0.584519269442
20.2482 0.769172387208
20.4484 0.757328372365
20.6486 0.815513250262
20.8487 0.846754730621
21.0489 1.01316620963
21.249 0.909112266881
21.4492 0.856834088812
21.6494 0.872334015898
21.8495 0.856525421935
22.0497 1.10593674295
22.2498 1.05439500964
22.45 0.85584460323
22.6502 0.8771875586
22.8503 1.25293428468
23.0505 0.931200771321
23.2507 1.11487142196
23.4508 0.842894976085
23.651 0.960759833112
23.8512 1.03271494388
24.0513 0.962734711881
24.2515 1.21301305155
24.4517 0.969713151869
24.6518 0.967004180023
24.852 1.1288496382
25.0522 1.11911468149
25.2523 0.792991414432
25.4525 1.01934610026
25.6527 1.09153551773
25.8528 0.851951358018
26.053 0.86614900811
26.2532 0.79278521362
26.4533 0.966737335568
26.6535 1.08216227677
26.8537 1.02179293815
27.0538 1.01825765908
27.254 1.03878973396
27.4542 1.10424124684
27.6544 1.10752502185
27.8545 0.937722190969
28.0547 0.810489936623
28.2549 0.938895987116
28.455 0.916935365175
28.6552 1.19638553145
28.8554 1.05244284482
29.0556 0.984354126394
29.2557 1.08223459551
29.4559 1.05026400941
29.6561 0.864890768766
29.8562 0.99338272664
30.0564 0.992083039322
30.2566 1.00424243237
30.4568 0.941658141236
30.6569 0.841257270907
30.8571 1.09779819145
31.0573 0.937064359962
31.2575 0.999615798514
31.4576 0.871962600349
31.6578 1.07338197644
31.858 0.990793742983
32.0582 0.932676251327
32.2583 1.06833191397
32.4585 0.938484756785
32.6587 1.01545258671
32.8589 0.929107620067
33.0591 1.05178994999
33.2592 1.22222098056
33.4594 0.922371387313
33.6596 1.04344979313
33.8598 1.06770371014
34.0599 1.00598254101
34.2601 1.00727907129
34.4603 0.980033766658
34.6605 1.07919561685
34.8607 1.00137897353
35.0608 0.944140366604
35.261 0.919822612123
35.4612 0.896831340356
35.6614 1.0322500957
35.8616 1.07295322531
36.0617 1.07770680464
36.2619 0.907673627555
36.4621 0.872696633758
36.6623 1.0032066746
36.8625 0.943472852179
37.0627 1.15781445878
37.2628 1.07558677303
37.463 0.925096817933
37.6632 1.07532247923
37.8634 0.958192864358
38.0636 0.918909700082
38.2638 0.814529492054
38.4639 0.815881389792
38.6641 0.952110339287
38.8643 0.970202262525
39.0645 1.09193080961
39.2647 0.872774695335
39.4649 0.884497845844
39.6651 0.838359636772
39.8652 1.00669367009
40.0654 1.14407414748
40.2656 0.83901763449
40.4658 0.926365852298
40.666 1.0711590683
40.8662 1.06130969563
41.0664 0.994349427031
41.2666 1.1273157365
41.4668 1.15988400222
41.6669 1.05961914397
41.8671 0.987574820798
42.0673 0.92659345066
42.2675 0.959539171825
42.4677 1.00115206688
42.6679 1.0278325593
42.8681 1.07557381115
43.0683 0.905503029638
43.2685 0.909602334182
43.4687 1.07794213056
43.6688 0.918449225896
43.869 0.93644447694
44.0692 1.06515102405
44.2694 1.00757423816
44.4696 0.994667604828
44.6698 1.06263676171
44.87 1.11512016738
45.0702 1.03145387763
45.2704 0.921588825952
45.4706 0.838815634156
45.6708 0.769796295743
45.871 0.86559528315
46.0712 1.00799238275
46.2714 0.892209633908
46.4716 0.984665050691
46.6718 0.750870913603
46.8719 0.888038475518
47.0721 0.951975175221
47.2723 0.951379158404
47.4725 1.0930024203
47.6727 0.978781498069
47.8729 0.966365443045
48.0731 1.04911676651
48.2733 0.988956381933
48.4735 1.01972281004
48.6737 0.970463653445
48.8739 0.964098400461
49.0741 0.84155971892
49.2743 1.04121646389
49.4745 0.880508219758
49.6747 0.954269763572
49.8749 0.953012607827
50.0751 1.08927733797
50.2753 1.04236262908
50.4755 0.963842656906
50.6757 0.853157664055
50.8759 1.11288269507
51.0761 0.94414668418
51.2763 1.02640309546
51.4765 1.08267212713
51.6767 0.996186576713
51.8769 1.24778007879
52.0771 0.916933005753
52.2773 1.00226968203
52.4775 1.00528178614
52.6777 0.949550489692
52.8779 1.0931926706
53.0782 1.11810324349
53.2784 1.07506919177
53.4786 0.934069010147
53.6788 0.837200995362
53.879 1.15767517837
54.0792 1.12884025891
54.2794 1.0444836213
54.4796 0.895197328313
54.6798 0.899819863962
54.88 0.975843355036
55.0802 1.17278538361
55.2804 1.08026926035
55.4806 0.982280113705
55.6808 1.09102272769
55.881 1.08013575864
56.0812 0.87562593397
56.2815 0.984179060687
56.4817 0.846024024794
56.6819 1.03336776636
56.8821 1.19655359388
57.0823 1.08349680191
57.2825 0.937102979641
57.4827 1.0194856126
57.6829 0.931684194209
57.8831 1.04238895683
58.0833 1.05583188609
58.2836 0.941787270308
58.4838 0.912387912957
58.684 0.886359319556
58.8842 1.02408309089
59.0844 1.00269223982
59.2846 0.912947411833
59.4848 1.16590298903
59.685 0.970102175764
59.8853 0.926345660455
60.0855 1.12382617969
60.2857 1.11497229666
60.4859 1.07361814388
60.6861 1.02140148277
60.8863 1.08823570575
61.0865 0.989667925099
61.2868 1.0975356223
61.487 0.95971826243
61.6872 1.00974517987
61.8874 1.02892111712
62.0876 0.998545470657
62.2878 1.08776641123
62.4881 1.12358205415
62.6883 1.05044230422
62.8885 1.07720697191
63.0887 0.920114051613
63.2889 0.974996402852
63.4891 1.14105934349
63.6894 1.23959378031
63.8896 1.01542896436
64.0898 0.974955768506
64.29 0.955984793722
64.4902 0.99883878047
64.6905 0.998261974012
64.8907 1.04019902246
65.0909 0.731317265388
65.2911 0.816916889776
65.4913 0.78282990506
65.6916 0.919436868464
65.8918 1.08210918066
66.092 0.948667039276
66.2922 1.06882628694
66.4924 1.03021036038
66.6927 0.916206154861
66.8929 1.01313416001
67.0931 0.937650061471
67.2933 0.944256589693
67.4936 0.831195705523
67.6938 1.04185951657
67.894 0.883529753656
68.0942 0.99078643079
68.2945 1.08447982138
68.4947 0.965924536571
68.6949 0.962435795795
68.8951 0.854794484236
69.0954 1.00083819682
69.2956 0.971609797165
69.4958 0.918176253022
69.696 1.13416739787
69.8963 1.10702208565
70.0965 1.14745942639
70.2967 0.992639094209
70.4969 0.874785428719
70.6972 1.05579305625
70.8974 0.888507883132
71.0976 0.937931048705
71.2979 0.980278530525
71.4981 1.07865348352
71.6983 1.00735588374
71.8985 1.00854021168
72.0988 0.950243937276
72.299 0.856030814575
72.4992 0.974326327922
72.6995 0.96062820959
72.8997 1.09228728007
73.0999 0.906513045964
73.3002 1.05166275134
73.5004 0.956073639301
73.7006 0.970912562044
73.9009 1.00802225761
74.1011 0.958448450097
74.3013 0.998555059876
74.5016 0.870972302419
74.7018 0.901929701016
74.902 0.969118454876
75.1023 1.13331945732
75.3025 0.891880161604
75.5027 1.2118406605
75.703 0.954211505513
75.9032 1.10510514802
76.1034 1.04913412476
76.3037 0.962077988854
76.5039 1.06101514343
76.7041 1.06999425366
76.9044 1.01229616926
77.1046 1.04129315373
77.3048 0.993611946903
77.5051 0.946135166496
77.7053 1.06081039481
77.9056 1.28971494584
78.1058 1.02283988812
78.306 1.08890197523
78.5063 0.898804918688
78.7065 1.02887774983
78.9067 0.99739799028
79.107 1.14271855415
79.3072 0.978356939446
79.5075 0.935967020943
79.7077 0.957912677318
79.9079 1.10126641018
80.1082 0.977268052658
80.3084 0.886957091783
80.5087 1.05459078399
80.7089 0.938729606153
80.9091 1.0513211876
81.1094 1.01494818192
81.3096 1.18400200775
81.5099 1.0181870873
81.7101 0.922419193529
81.9104 0.94421373097
82.1106 0.886202893294
82.3108 1.06573981024
82.5111 0.989144010106
82.7113 1.06483107831
82.9116 1.06642246147
83.1118 1.01978975514
83.3121 0.880900666958
83.5123 1.0563869545
83.7126 1.04621126991
83.9128 1.0456343417
84.113 1.01041795163
84.3133 1.01422839939
84.5135 0.990675320007
84.7138 1.08453014403
84.914 0.973215678949
85.1143 0.931259094183
85.3145 0.912220376902
85.5148 1.01099534833
85.715 1.13337493015
85.9153 0.985459611205
86.1155 0.971606944542
86.3158 0.885426867899
86.516 0.985334623167
86.7163 0.993437493021
86.9165 1.098851635
87.1168 0.889917829962
87.317 0.974509043223
87.5173 1.00077918981
87.7175 0.895078654002
87.9178 1.04886834916
88.118 0.914578462442
88.3183 1.03419278703
88.5185 1.0234211869
88.7188 1.2146977379
88.919 1.11336121816
89.1193 0.915757383177
89.3195 1.05722464317
89.5198 0.922657536402
89.72 1.10415019954
89.9203 1.09990508613
90.1205 1.0519557438
90.3208 1.15791775968
90.521 1.02022707848
90.7213 0.809635525739
90.9216 0.859249933352
91.1218 1.00845258038
91.3221 1.1403694787
91.5223 1.02082154607
91.7226 1.06652795686
91.9228 1.12137029518
92.1231 1.08001279818
92.3233 0.942245315567
92.5236 0.873704329921
92.7239 0.992448037319
92.9241 0.793777950905
93.1244 0.851041761281
93.3246 0.963629060247
93.5249 0.938714518194
93.7252 0.871133320972
93.9254 0.97605774169
94.1257 0.937383482756
94.3259 0.944530736536
94.5262 1.03896585942
94.7264 0.942774286794
94.9267 0.898328213446
95.127 1.03640277908
95.3272 1.029998002
95.5275 1.11187212998
95.7278 0.941779368406
95.928 0.85050413336
96.1283 1.05283929222
96.3285 1.01049601428
96.5288 1.03236612244
96.7291 1.18997036793
96.9293 1.00173641309
97.1296 0.895971162381
97.3298 1.11415353209
97.5301 1.26892152317
97.7304 0.938610562551
97.9306 1.01968599408
98.1309 1.10536851908
98.3312 0.796429318991
98.5314 1.01598150761
98.7317 0.954920761594
98.932 0.943805095682
99.1322 1.03080656585
99.3325 0.916220511833
99.5328 1.00645096516
99.733 0.947549865038
99.9333 0.992257951475
