-100.0 1.04963813652
-99.8 1.03021766069
-99.6 1.02813471641
-99.4 0.989257025197
-99.2 0.976738165972
-99.0 1.00618005939
-98.8 0.964652760618
-98.6 1.03528006732
-98.4 1.02552391883
-98.2 0.983163683727
-98.0 1.05833320946
-97.8 1.03924329972
-97.6 0.872941769744
-97.4 0.95581807647
-97.2 1.11981833097
-97.0 1.00634900467
-96.8 1.04926536156
-96.6 0.968574985153
-96.4 0.934090216258
-96.2 0.999795280852
-95.9999 1.09273638113
-95.7999 1.04527959071
-95.5999 1.07951095077
-95.3999 1.06725182603
-95.1999 1.00428178694
-94.9999 1.00169239854
-94.7999 1.03411209559
-94.5999 0.876819914498
-94.3999 1.04437540796
-94.1999 0.906356378784
-93.9999 0.99077008768
-93.7999 0.988847683448
-93.5999 0.943863256493
-93.3999 0.954284038631
-93.1999 1.01257867642
-92.9998 1.10880759622
-92.7998 0.999829999368
-92.5998 0.932566034496
-92.3998 0.985269133586
-92.1998 1.02547758812
-91.9998 1.02168642717
-91.7998 1.01657051086
-91.5998 0.967397640855
-91.3998 1.02952152768
-91.1997 1.04283845541
-90.9997 1.03403690264
-90.7997 0.932691881232
-90.5997 0.914725448963
-90.3997 0.969597085162
-90.1997 0.953012196477
-89.9997 1.01131450547
-89.7997 1.08678718993
-89.5996 0.962961783371
-89.3996 1.13708843898
-89.1996 1.01389641248
-88.9996 1.0286568264
-88.7996 0.893592578216
-88.5996 0.906952204526
-88.3996 0.965118628633
-88.1995 0.996107958493
-87.9995 1.05504152897
-87.7995 1.06049079504
-87.5995 0.967080191414
-87.3995 0.920113521997
-87.1995 0.993630163303
-86.9994 0.997115715959
-86.7994 1.03213711658
-86.5994 1.15074195682
-86.3994 1.05068198936
-86.1994 1.12456926802
-85.9994 0.947047288421
-85.7993 1.03118342226
-85.5993 1.01259130571
-85.3993 0.909387499676
-85.1993 1.03537598848
-84.9993 0.970758546528
-84.7992 0.966990442109
-84.5992 1.06994628657
-84.3992 1.03713034108
-84.1992 1.02025072641
-83.9991 1.01024626296
-83.7991 1.01985969901
-83.5991 1.00457921701
-83.3991 1.0126501255
-83.1991 0.88138300865
-82.999 0.951615773347
-82.799 1.06090571734
-82.599 1.0663033986
-82.399 0.995839523722
-82.1989 1.01957788183
-81.9989 0.94983739759
-81.7989 1.08492281379
-81.5989 1.11243303676
-81.3988 0.920243249847
-81.1988 1.06278744503
-80.9988 0.957537142036
-80.7988 0.898054128134
-80.5987 1.044901011
-80.3987 0.951891429248
-80.1987 0.972578224235
-79.9987 1.08796796421
-79.7986 1.01630878336
-79.5986 1.03763007831
-79.3986 0.987222189097
-79.1986 1.0127219929
-78.9985 1.06308935281
-78.7985 1.00047210786
-78.5985 1.1051224613
-78.3984 0.908522618467
-78.1984 0.999828540373
-77.9984 0.908036203986
-77.7984 0.998363129356
-77.5983 1.03195101925
-77.3983 0.950696655843
-77.1983 1.0573603814
-76.9982 0.967663183211
-76.7982 1.06661398052
-76.5982 0.995741407993
-76.3981 0.958316524804
-76.1981 1.09223555472
-75.9981 1.00458143016
-75.798 1.05802735484
-75.598 0.91356018396
-75.398 0.946983336761
-75.198 0.957799913778
-74.9979 0.96589540854
-74.7979 1.05152746831
-74.5978 0.949001864181
-74.3978 0.973310893849
-74.1978 1.00202603278
-73.9977 0.920502194336
-73.7977 0.989689927761
-73.5977 1.13148477252
-73.3976 1.0762357324
-73.1976 1.06532581693
-72.9976 0.851354687197
-72.7975 0.986922782343
-72.5975 0.996670357845
-72.3975 0.976280590216
-72.1974 0.971697738313
-71.9974 1.04547828215
-71.7973 0.992130111106
-71.5973 0.866063782502
-71.3973 0.915996579343
-71.1972 0.939951780215
-70.9972 0.942581416832
-70.7972 0.903676436793
-70.5971 1.01754966863
-70.3971 0.906838909763
-70.197 1.00012520368
-69.997 0.963302351153
-69.797 0.96513226356
-69.5969 0.969058837995
-69.3969 0.859524659412
-69.1968 1.07734833133
-68.9968 0.939416482631
-68.7968 0.956528887926
-68.5967 1.01991512834
-68.3967 0.99267086151
-68.1966 1.03654841102
-67.9966 1.0356524209
-67.7965 0.973047880729
-67.5965 1.0478890116
-67.3965 1.02577971472
-67.1964 0.952250737334
-66.9964 0.996625957777
-66.7963 0.99798749159
-66.5963 1.00734791406
-66.3962 0.982294165257
-66.1962 0.944754349559
-65.9961 1.10095945974
-65.7961 1.05705372734
-65.5961 1.11472565209
-65.396 0.985064371952
-65.196 0.974318451483
-64.9959 1.02375491999
-64.7959 0.996608513813
-64.5958 0.96049722753
-64.3958 0.998015844877
-64.1957 1.04638803254
-63.9957 0.9571457121
-63.7956 1.06079799867
-63.5956 0.95780968511
-63.3955 1.01126592664
-63.1955 0.971116364664
-62.9954 1.11497021992
-62.7954 1.01494858686
-62.5953 0.973231913866
-62.3953 0.974801735557
-62.1952 0.901972067474
-61.9952 0.957109673439
-61.7951 0.95844278937
-61.5951 1.0015059171
-61.395 1.01304451006
-61.195 1.00772728886
-60.9949 1.05168561044
-60.7949 1.08173245284
-60.5948 1.03042930639
-60.3948 0.989577467287
-60.1947 0.950202237554
-59.9947 0.975198431274
-59.7946 1.04535308334
-59.5946 1.04377063173
-59.3945 0.960438827055
-59.1944 1.0055295838
-58.9944 1.04721240722
-58.7943 0.980229847645
-58.5943 0.85257075808
-58.3942 0.988851335345
-58.1942 1.00653953826
-57.9941 0.990788935043
-57.7941 1.02611511076
-57.594 1.01822247625
-57.3939 1.01288128513
-57.1939 0.87148681317
-56.9938 1.12122505568
-56.7938 0.975626419511
-56.5937 1.03306959525
-56.3937 0.99861058606
-56.1936 1.00494762352
-55.9935 1.0200707422
-55.7935 1.00914344981
-55.5934 1.0468757278
-55.3934 0.958222493598
-55.1933 1.00455164453
-54.9932 0.9045078749
-54.7932 1.00041105196
-54.5931 1.06008581711
-54.3931 1.01446781857
-54.193 0.951551523131
-53.9929 0.944562399792
-53.7929 1.04205784973
-53.5928 0.974998762114
-53.3928 1.12035619772
-53.1927 1.09718647588
-52.9926 0.989470624716
-52.7926 1.02900819884
-52.5925 1.02845755883
-52.3924 0.926847494256
-52.1924 0.922045266545
-51.9923 0.939877016819
-51.7922 1.01507758126
-51.5922 1.02292060116
-51.3921 0.939189996415
-51.1921 1.02780804157
-50.992 1.03969894619
-50.7919 1.02133335207
-50.5919 0.908272928689
-50.3918 1.00191033124
-50.1917 1.13660410635
-49.9917 1.10445228252
-49.7916 1.06478215399
-49.5915 1.06087969036
-49.3915 0.983144982648
-49.1914 0.990557373194
-48.9913 1.06297287284
-48.7913 1.17594367098
-48.5912 1.12215973505
-48.3911 1.03453377733
-48.191 1.04084332244
-47.991 0.901677258052
-47.7909 1.02697789676
-47.5908 1.05138268524
-47.3908 0.97728158879
-47.1907 1.09216298331
-46.9906 1.03984512798
-46.7906 1.06677851161
-46.5905 0.917302313144
-46.3904 0.979134043006
-46.1903 0.919864789441
-45.9903 1.03954906941
-45.7902 1.03209532595
-45.5901 1.01275286415
-45.3901 1.14907140099
-45.19 1.08413908763
-44.9899 0.947542232781
-44.7898 0.967729235666
-44.5898 0.992613197765
-44.3897 0.992725233038
-44.1896 0.985602585067
-43.9895 0.982949501527
-43.7895 1.04219405731
-43.5894 1.06367907325
-43.3893 0.965530017074
-43.1892 0.979301911914
-42.9892 0.948329743421
-42.7891 0.961031595836
-42.589 0.998402151655
-42.3889 1.1367394277
-42.1889 0.99476259443
-41.9888 0.904371659598
-41.7887 0.929583233281
-41.5886 1.06396363435
-41.3885 1.08615497344
-41.1885 1.04655515506
-40.9884 1.04696567056
-40.7883 1.02349760819
-40.5882 0.935207109278
-40.3881 1.14632589199
-40.1881 1.02363515581
-39.988 0.95756543346
-39.7879 0.921264678257
-39.5878 1.03971100345
-39.3877 1.05009362803
-39.1877 0.91752793506
-38.9876 1.0040748018
-38.7875 0.999058721439
-38.5874 0.923436642811
-38.3873 1.02130141624
-38.1873 1.01643686722
-37.9872 0.97260629039
-37.7871 1.00924575787
-37.587 1.04555872574
-37.3869 1.04066578201
-37.1868 1.11669847701
-36.9868 0.990724630661
-36.7867 1.01489196889
-36.5866 0.942141883422
-36.3865 0.953424403408
-36.1864 0.953900950471
-35.9863 1.00262602495
-35.7862 0.992111938579
-35.5862 1.13335737602
-35.3861 0.994438553468
-35.186 1.06753754831
-34.9859 0.926074714253
-34.7858 0.988869628869
-34.5857 1.01550971096
-34.3856 0.896141092739
-34.1856 1.03180147465
-33.9855 1.05886340481
-33.7854 1.04244870743
-33.5853 1.0547122991
-33.3852 0.975262594942
-33.1851 0.940378779066
-32.985 0.792465949794
-32.7849 1.00526709231
-32.5848 0.998237890611
-32.3847 1.0877253895
-32.1847 1.01730987988
-31.9846 1.08707874319
-31.7845 0.987192722971
-31.5844 0.983838243463
-31.3843 0.896718708571
-31.1842 1.0030951375
-30.9841 1.05692933243
-30.784 1.01275292322
-30.5839 0.871706298314
-30.3838 0.890216455457
-30.1837 0.845342939582
-29.9836 0.966733719661
-29.7836 1.15784124487
-29.5835 1.04357398625
-29.3834 1.06729914789
-29.1833 1.03489501015
-28.9832 1.08084103418
-28.7831 1.08146958827
-28.583 1.05235190821
-28.3829 0.95515988738
-28.1828 0.999330263559
-27.9827 1.03036812156
-27.7826 0.897248057358
-27.5825 0.992425204535
-27.3824 1.0325896028
-27.1823 0.914254115237
-26.9822 0.964619924098
-26.7821 1.09809886504
-26.582 0.942030290819
-26.3819 1.01327327335
-26.1818 1.03001380982
-25.9817 1.02746904232
-25.7816 0.866198014522
-25.5815 1.01887945713
-25.3814 0.977611888277
-25.1813 0.999311338712
-24.9812 1.08312115742
-24.7811 1.11838079744
-24.581 1.06878676873
-24.3809 0.962537734587
-24.1808 0.938376494224
-23.9807 1.09451475385
-23.7806 0.99322366533
-23.5805 1.00494910343
-23.3804 1.0220550493
-23.1803 1.03012421965
-22.9802 0.959660400361
-22.7801 1.07796778763
-22.58 1.00025231138
-22.3799 0.986150557151
-22.1798 0.826035373871
-21.9797 1.01030770557
-21.7796 1.01645876845
-21.5795 1.07013049212
-21.3794 1.1105215579
-21.1793 1.01967499248
-20.9792 1.02471782717
-20.7791 1.07066030088
-20.579 1.07232619925
-20.3789 1.11522353041
-20.1787 0.932112545683
-19.9786 1.00011342916
-19.7785 1.00410477985
-19.5784 0.918768961546
-19.3783 1.01337117463
-19.1782 0.978006098934
-18.9781 0.950048883676
-18.778 1.08123791245
-18.5779 1.09705702674
-18.3778 1.0908317717
-18.1777 0.9479057046
-17.9776 1.05479237016
-17.7774 1.12656643419
-17.5773 0.976775600488
-17.3772 0.978038662885
-17.1771 1.00038032145
-16.977 1.10345100081
-16.7769 0.982936307161
-16.5768 0.9934267037
-16.3767 1.0966972851
-16.1766 0.922048862346
-15.9764 0.900461210745
-15.7763 1.03634106488
-15.5762 1.05343027158
-15.3761 1.02802015393
-15.176 1.00935997398
-14.9759 1.0108031905
-14.7758 0.934797429268
-14.5757 0.939707871032
-14.3755 0.897376533036
-14.1754 1.01669457409
-13.9753 0.899073316395
-13.7752 0.986251463829
-13.5751 1.09670319556
-13.375 0.980317444238
-13.1749 1.02058082414
-12.9747 0.768974266381
-12.7746 1.05323057204
-12.5745 0.808226050528
-12.3744 0.921872134211
-12.1743 0.933177854745
-11.9742 1.04814671713
-11.774 0.965500701588
-11.5739 0.854615827458
-11.3738 0.903056355526
-11.1737 0.966244126763
-10.9736 0.957000117131
-10.7734 0.87747908551
-10.5733 0.929179530411
-10.3732 0.9385006794
-10.1731 0.862460738433
-9.97296 0.894572888978
-9.77284 0.99448096504
-9.57272 1.06182052558
-9.3726 0.960572597671
-9.17248 1.05368845522
-8.97236 0.948119374883
-8.77224 0.927860553944
-8.57211 0.916668999002
-8.37199 1.03757560355
-8.17187 1.02980949038
-7.97175 0.971698443144
-7.77163 0.861143287097
-7.5715 1.00468692645
-7.37138 0.962076333129
-7.17125 0.992934779921
-6.97113 0.879758441173
-6.77101 0.833039601196
-6.57088 0.888817473156
-6.37076 0.945386871963
-6.17063 0.991349175457
-5.97051 0.794950357711
-5.77038 0.888530246031
-5.57025 0.790899974113
-5.37013 0.971212510423
-5.17 1.02936562174
-4.96987 0.866525509227
-4.76975 1.00512463433
-4.56962 1.04305787948
-4.36949 0.849255265046
-4.16937 1.15416910005
-3.96924 1.0448160048
-3.76911 0.907111432313
-3.56898 0.95200476605
-3.36885 0.915507804521
-3.16872 0.984090498354
-2.96859 0.892236661293
-2.76846 0.872705369117
-2.56833 0.912212362931
-2.3682 0.776655315575
-2.16807 0.887206838629
-1.96794 0.923663045644
-1.76781 0.989740926598
-1.56768 0.994998420819
-1.36755 1.17176954901
-1.16742 0.892096228408
-0.967284 0.68214043719
-0.767152 1.00420744602
-0.567019 0.774460035635
-0.366886 0.961699547204
-0.166753 0.992964141527
0.0333802 0.969566054655
0.233514 0.847374433824
0.433648 0.622133546158
0.633782 0.477055056588
0.833917 0.880805098991
1.03405 0.782709753245
1.23419 0.617782328384
1.43432 0.529067076262
1.63446 0.64304541804
1.83459 0.62129444662
2.03473 0.537406589241
2.23487 0.532892770572
2.435 0.491122224792
2.63514 0.153763614431
2.83528 0.284477043085
3.03541 0.0567038779795
3.23555 0.0319365446227
3.43569 0.0226320372422
3.63583 -0.0251104867933
3.83597 0.0329413271735
4.0361 0.0391709392943
4.23624 0.0634476465888
4.43638 0.0686430064007
4.63652 0.0126569146707
4.83666 -0.000462209086031
5.0368 -0.0200530591077
5.23694 -0.0300350240138
5.43708 -0.0060969691426
5.63722 -0.0295166359399
5.83737 0.0226273996385
6.03751 -0.0127984495787
6.23765 0.0541289959709
6.43779 0.0424814358524
6.63793 0.295990321947
6.83808 0.342652798548
7.03822 0.462781477043
7.23836 0.698434876864
7.4385 0.780334382179
7.63865 0.637950821765
7.83879 0.617472462866
8.03894 0.615877491371
8.23908 1.06327093687
8.43923 1.02261643344
8.63937 0.772568256932
8.83951 0.865193508955
9.03966 1.10213718953
9.23981 0.986989316164
9.43995 0.859235628289
9.6401 0.827535981329
9.84025 0.738103527609
10.0404 0.876061780512
10.2405 0.802954128211
10.4407 0.772623424312
10.6408 0.718475097247
10.841 0.61532662651
11.0411 0.654642271321
11.2413 0.592436946921
11.4414 0.817024958298
11.6416 0.52917138797
11.8417 0.612545126903
12.0419 0.325546838033
12.242 0.0665450057122
12.4422 0.274583074807
12.6423 0.254533733805
12.8425 0.30636981894
13.0426 0.295043572948
13.2428 0.264568221209
13.4429 0.254848784523
13.6431 0.201182479098
13.8432 0.174003521476
14.0434 0.551716414201
14.2435 0.401883017519
14.4437 0.298938088408
14.6438 0.682431976943
14.844 0.643061204674
15.0441 0.997406528044
15.2443 0.563314203682
15.4445 0.522701009357
15.6446 0.72610519566
15.8448 0.87069677832
16.0449 0.656689273359
16.2451 0.788931029744
16.4452 0.878325801951
16.6454 1.01388186285
16.8455 0.655877683391
17.0457 0.6173632745
17.2459 0.841782398599
17.446 0.963520102382
17.6462 1.12405505082
17.8463 0.719779691903
18.0465 0.963150096481
18.2466 0.854061317062
18.4468 0.962099298391
18.647 0.944651711187
18.8471 0.925559419901
19.0473 0.724442780561
19.2474 0.855036944728
19.4476 0.677967051542
19.6478 0.99481550364
19.8479 0.958949859119
20.0481 1.06326562186
20.2482 0.896308374001
20.4484 0.931057062168
20.6486 0.892389663586
20.8487 0.978468520158
21.0489 0.832372715928
21.249 0.826450800511
21.4492 1.0593884369
21.6494 0.937141514817
21.8495 1.01204570064
22.0497 1.01678860228
22.2498 1.13834177616
22.45 0.913288841519
22.6502 1.06028540297
22.8503 0.980641852051
23.0505 0.935138388526
23.2507 1.12272796486
23.4508 0.983907406497
23.651 1.02683905823
23.8512 0.901786536295
24.0513 0.848522969566
24.2515 1.09044355715
24.4517 1.11167692492
24.6518 0.896508228546
24.852 0.897748182121
25.0522 0.824372265089
25.2523 0.925506204307
25.4525 0.778580049697
25.6527 1.20773453739
25.8528 0.797971510085
26.053 0.985251383035
26.2532 0.840143722899
26.4533 0.852844917452
26.6535 0.891777595386
26.8537 0.859851382717
27.0538 0.787127152611
27.254 0.845688699328
27.4542 1.04293182983
27.6544 0.980280242193
27.8545 0.914438146547
28.0547 0.950286045109
28.2549 0.947549238284
28.455 0.87438757813
28.6552 0.995014054122
28.8554 0.756366657422
29.0556 0.871703433836
29.2557 0.95451342101
29.4559 0.978739138536
29.6561 0.856685058075
29.8562 0.917377620281
30.0564 0.993339070117
30.2566 0.788916186404
30.4568 0.950208367318
30.6569 1.06175640085
30.8571 0.889864874584
31.0573 1.06418071293
31.2575 1.03115779325
31.4576 1.08440526991
31.6578 0.97628923253
31.858 0.968769254489
32.0582 0.983756879346
32.2583 0.96780833131
32.4585 1.11049032323
32.6587 0.974033985981
32.8589 1.11410014007
33.0591 0.964824574197
33.2592 0.932388120159
33.4594 0.94555084871
33.6596 0.983924005174
33.8598 0.978868916836
34.0599 1.10685869884
34.2601 1.06675186954
34.4603 0.935999223801
34.6605 0.800021560846
34.8607 0.981951614371
35.0608 0.907113704314
35.261 0.882777879574
35.4612 1.05678346574
35.6614 0.98401677753
35.8616 0.983522115397
36.0617 0.907407764495
36.2619 1.00801438564
36.4621 0.922474963655
36.6623 0.946442596555
36.8625 0.922253245133
37.0627 0.971257319742
37.2628 1.07596655929
37.463 1.0094415634
37.6632 0.86440735818
37.8634 1.09441881577
38.0636 1.07565780258
38.2638 0.99241550102
38.4639 0.865650943934
38.6641 1.02622471261
38.8643 1.08612997686
39.0645 1.10623514452
39.2647 1.03089010982
39.4649 1.03078433021
39.6651 1.03945417595
39.8652 1.01680954586
40.0654 1.06743294426
40.2656 0.953987404388
40.4658 1.06285982043
40.666 0.981145689674
40.8662 1.04146044295
41.0664 1.13649008789
41.2666 0.978556863786
41.4668 0.996310842261
41.6669 1.06386142955
41.8671 0.973896089769
42.0673 0.928615981117
42.2675 1.02703230056
42.4677 0.944139903464
42.6679 0.858103536712
42.8681 0.880669905212
43.0683 1.00965431308
43.2685 0.928657326892
43.4687 0.987224855042
43.6688 0.990025357203
43.869 0.987245328417
44.0692 1.02722276834
44.2694 0.947590068612
44.4696 1.07322065022
44.6698 1.04473301055
44.87 1.16972460496
45.0702 1.0759619039
45.2704 1.11187222929
45.4706 1.0482359513
45.6708 1.03795502332
45.871 1.00167647228
46.0712 0.994818694232
46.2714 0.980796444742
46.4716 0.89919309006
46.6718 1.0000153926
46.8719 1.0595393506
47.0721 1.17700098321
47.2723 0.988407995646
47.4725 1.03835918477
47.6727 1.06383445128
47.8729 1.00920470877
48.0731 1.06531584069
48.2733 0.923785274332
48.4735 1.03446847893
48.6737 1.01830257639
48.8739 0.951623141316
49.0741 0.968098904902
49.2743 1.00635832371
49.4745 0.93508819917
49.6747 1.10502669322
49.8749 1.13055047592
50.0751 1.01093742202
50.2753 1.09384650734
50.4755 0.926031882918
50.6757 0.992577119021
50.8759 0.995652986755
51.0761 0.998700422719
51.2763 1.03707495517
51.4765 0.962189339985
51.6767 1.01808065078
51.8769 0.983700106572
52.0771 0.910900068882
52.2773 1.02645040517
52.4775 1.03082101851
52.6777 1.06244864482
52.8779 1.00927511246
53.0782 1.11325194324
53.2784 1.01365840821
53.4786 0.966079840748
53.6788 1.02172634607
53.879 0.938804745168
54.0792 1.03700711986
54.2794 1.03341113836
54.4796 0.979335162337
54.6798 1.09637913959
54.88 0.939896078903
55.0802 1.09024022429
55.2804 0.973495704237
55.4806 0.966357026253
55.6808 1.06799534306
55.881 0.955204667466
56.0812 1.02539773336
56.2815 1.06010487687
56.4817 0.928832439592
56.6819 0.940458745803
56.8821 1.13806903938
57.0823 1.0669472525
57.2825 0.958592903551
57.4827 1.01668030374
57.6829 0.981608954108
57.8831 0.988113872441
58.0833 1.01606396525
58.2836 1.04137271151
58.4838 1.0157099772
58.684 0.945942340303
58.8842 1.00994009351
59.0844 0.949163729471
59.2846 0.954122637453
59.4848 1.03491897811
59.685 0.976115004209
59.8853 1.0445860787
60.0855 0.973161836539
60.2857 0.96054495197
60.4859 0.991697261425
60.6861 1.06622554531
60.8863 0.95399978989
61.0865 0.941653014467
61.2868 0.930880718935
61.487 1.01684429667
61.6872 1.02776040154
61.8874 0.850572184163
62.0876 1.02506357173
62.2878 0.92092152793
62.4881 1.03883821255
62.6883 1.06560007286
62.8885 1.1289951854
63.0887 1.00950927229
63.2889 1.03002029593
63.4891 1.00494360167
63.6894 1.00401719297
63.8896 1.05283838035
64.0898 1.00341646737
64.29 0.869229745048
64.4902 1.02449544207
64.6905 1.09354102205
64.8907 1.01341300732
65.0909 0.977545468809
65.2911 1.06853714175
65.4913 0.935614444853
65.6916 1.04067421462
65.8918 1.02125024016
66.092 0.956288590732
66.2922 0.940701325896
66.4924 1.04811024154
66.6927 1.00182143363
66.8929 0.972299051592
67.0931 0.981963776841
67.2933 1.0362373348
67.4936 0.897988561788
67.6938 0.992128130657
67.894 0.995100476065
68.0942 0.910651821217
68.2945 1.03246395781
68.4947 0.986970633557
68.6949 1.12527113214
68.8951 0.926538887483
69.0954 1.00895538025
69.2956 0.920758003588
69.4958 0.997426171956
69.696 1.05932427896
69.8963 1.08177761022
70.0965 0.994594413208
70.2967 1.02929017973
70.4969 1.09780611932
70.6972 1.05153350975
70.8974 1.05004742472
71.0976 0.951791705565
71.2979 1.04897732809
71.4981 1.00278935713
71.6983 0.931811972232
71.8985 0.929983957032
72.0988 0.990276174792
72.299 1.06211911441
72.4992 1.0925851181
72.6995 0.996547001739
72.8997 1.08376436565
73.0999 1.08526200928
73.3002 1.05090323142
73.5004 0.984923684184
73.7006 0.987402948359
73.9009 0.906651253832
74.1011 1.02235532045
74.3013 0.983546284704
74.5016 1.07743062241
74.7018 0.933990892866
74.902 1.0778454028
75.1023 0.961491163482
75.3025 1.05412902841
75.5027 1.14115093096
75.703 1.03755639904
75.9032 1.01892628583
76.1034 0.962948493419
76.3037 0.991916987938
76.5039 0.894221933931
76.7041 0.964731825714
76.9044 1.0654982009
77.1046 0.846464835195
77.3048 0.847871693793
77.5051 0.975000272038
77.7053 1.07412183139
77.9056 0.926822785273
78.1058 0.977058904776
78.306 1.05117622342
78.5063 0.942766463787
78.7065 0.937323398305
78.9067 0.951159762449
79.107 1.05702938239
79.3072 0.972380925207
79.5075 0.990397004277
79.7077 1.00808585838
79.9079 0.986517911932
80.1082 1.08181008332
80.3084 1.03367545383
80.5087 0.981579211731
80.7089 1.07401158062
80.9091 0.964240953676
81.1094 0.909269054797
81.3096 0.973996278082
81.5099 0.866055537312
81.7101 0.982100753905
81.9104 0.952424225833
82.1106 0.924683143062
82.3108 0.966596495496
82.5111 1.03540517304
82.7113 1.00485075027
82.9116 1.01818057058
83.1118 1.08894945098
83.3121 1.0885828475
83.5123 1.03744739628
83.7126 0.914477822172
83.9128 1.04318513182
84.113 0.994392761328
84.3133 0.933364356856
84.5135 1.01124636914
84.7138 1.03827841289
84.914 0.911055507436
85.1143 0.96899261299
85.3145 0.966865427547
85.5148 0.906898534255
85.715 1.03199420145
85.9153 1.00075501398
86.1155 1.03892771739
86.3158 1.03566678144
86.516 1.03037041816
86.7163 1.08266810201
86.9165 0.95977309254
87.1168 0.901360878451
87.317 0.935994525637
87.5173 1.03166778907
87.7175 1.01213744021
87.9178 1.02031566157
88.118 1.10594566731
88.3183 0.992613260183
88.5185 0.928705508615
88.7188 0.912097260297
88.919 1.05522445629
89.1193 1.08126687561
89.3195 0.967026346724
89.5198 0.97513346103
89.72 1.02657465001
89.9203 1.10960697491
90.1205 1.1404090164
90.3208 1.04641301141
90.521 1.02471819821
90.7213 1.01670265056
90.9216 1.03155255486
91.1218 0.93916827075
91.3221 0.908419585074
91.5223 0.920412850181
91.7226 0.945639788027
91.9228 1.13647477434
92.1231 1.02112852386
92.3233 0.906426856586
92.5236 0.828749581291
92.7239 0.970485358102
92.9241 0.989506453177
93.1244 1.00653475775
93.3246 1.10841881019
93.5249 0.978682889461
93.7252 0.99499956036
93.9254 0.97660599816
94.1257 1.12334672908
94.3259 1.07477449188
94.5262 1.09105371315
94.7264 0.979883042055
94.9267 1.13210630965
95.127 1.07661026788
95.3272 1.03222712048
95.5275 0.859295940018
95.7278 0.957173686817
95.928 1.07473056533
96.1283 1.01805189355
96.3285 0.984449112252
96.5288 0.994431568985
96.7291 1.07602067774
96.9293 1.00556089268
97.1296 0.986872222226
97.3298 0.980915194779
97.5301 1.01154486394
97.7304 0.96936642365
97.9306 1.00503110869
98.1309 1.04134139662
98.3312 0.886658206176
98.5314 1.0334610827
98.7317 0.982678540439
98.932 0.950013866258
99.1322 1.06285493009
99.3325 1.03882236082
99.5328 0.963300840966
99.733 0.975765645694
99.9333 0.90840103293
