-100.0 0.880823619684
-99.8 1.17128591787
-99.6 1.30269003088
-99.4 1.18145659904
-99.2 1.19956295382
-99.0 1.21976553325
-98.8 1.03907069855
-98.6 0.904778712669
-98.4 0.927566477924
-98.2 1.10117142009
-98.0 1.26639131103
-97.8 1.34189108704
-97.6 1.20243516757
-97.4 1.11127572417
-97.2 1.25553905605
-97.0 1.02262727165
-96.8 1.09291141179
-96.6 1.17455571284
-96.4 1.14407932457
-96.2 0.805275927016
-95.9999 1.11864620483
-95.7999 1.09628821163
-95.5999 1.28200213621
-95.3999 0.972294527479
-95.1999 1.30488831624
-94.9999 1.16514428194
-94.7999 1.24794218101
-94.5999 1.5283303845
-94.3999 1.13595351533
-94.1999 1.1214787012
-93.9999 1.11704130247
-93.7999 1.39613731371
-93.5999 1.2446131806
-93.3999 0.931876316024
-93.1999 0.872862180009
-92.9998 1.12857065533
-92.7998 1.26125758426
-92.5998 0.785346502109
-92.3998 1.03362579108
-92.1998 0.925875649958
-91.9998 0.905430499036
-91.7998 0.7741658797
-91.5998 1.03396769942
-91.3998 1.02923637199
-91.1997 1.11766716198
-90.9997 1.26695116295
-90.7997 0.991755102095
-90.5997 1.04313734065
-90.3997 1.14654602042
-90.1997 0.952111726037
-89.9997 0.793233180162
-89.7997 1.12789260381
-89.5996 1.0039227438
-89.3996 1.02779484823
-89.1996 0.884575237715
-88.9996 0.913336182301
-88.7996 0.73621321537
-88.5996 1.12353059661
-88.3996 1.31218694962
-88.1995 1.05202683397
-87.9995 0.939515384619
-87.7995 0.811520430632
-87.5995 0.641758283251
-87.3995 1.06158172336
-87.1995 1.049042887
-86.9994 1.0739122151
-86.7994 1.08107881518
-86.5994 1.10276224795
-86.3994 1.11391529828
-86.1994 1.42643328043
-85.9994 1.11844453379
-85.7993 1.19743452649
-85.5993 1.27409389793
-85.3993 1.0675069033
-85.1993 1.13212913103
-84.9993 1.24948125495
-84.7992 0.899588152524
-84.5992 0.968301164833
-84.3992 1.1091713025
-84.1992 1.14446272867
-83.9991 1.17190221161
-83.7991 1.21998625866
-83.5991 1.23107829264
-83.3991 1.00914923451
-83.1991 1.09189826831
-82.999 0.861410272528
-82.799 0.978441253997
-82.599 1.24739007326
-82.399 1.09980702665
-82.1989 1.14782055574
-81.9989 1.28648477067
-81.7989 1.3304604316
-81.5989 1.01625009599
-81.3988 1.26923927258
-81.1988 0.841507472162
-80.9988 1.02140149003
-80.7988 1.13074109038
-80.5987 1.04916259186
-80.3987 1.10399951495
-80.1987 0.677223545851
-79.9987 1.10564201794
-79.7986 1.12991163353
-79.5986 1.1495420502
-79.3986 1.22698229654
-79.1986 1.13369663619
-78.9985 1.0054741055
-78.7985 1.10691357755
-78.5985 1.09583686551
-78.3984 1.07509746212
-78.1984 1.09306075492
-77.9984 1.19885015697
-77.7984 1.11525110732
-77.5983 0.957004504989
-77.3983 1.0380583368
-77.1983 1.02796093916
-76.9982 1.06318423339
-76.7982 1.06763500899
-76.5982 0.998602666535
-76.3981 0.98057924552
-76.1981 1.29637980653
-75.9981 1.30910714646
-75.798 1.15945220983
-75.598 1.05802403997
-75.398 1.32937562656
-75.198 1.10541293961
-74.9979 0.99143436361
-74.7979 1.05349220656
-74.5978 1.14234224228
-74.3978 1.05662628905
-74.1978 0.94093544421
-73.9977 1.32061239594
-73.7977 0.927986373061
-73.5977 0.930017975891
-73.3976 0.759005452547
-73.1976 1.08258653431
-72.9976 0.823415744537
-72.7975 0.783642076362
-72.5975 0.871581405553
-72.3975 0.940856839573
-72.1974 0.720771628223
-71.9974 0.679922036484
-71.7973 0.48693972484
-71.5973 0.483137984373
-71.3973 0.558143100225
-71.1972 0.555940871109
-70.9972 0.747141955605
-70.7972 0.509456905341
-70.5971 0.512545885696
-70.3971 0.662894614424
-70.197 0.384409154334
-69.997 0.552591543865
-69.797 0.570451163619
-69.5969 0.550502082569
-69.3969 0.558781355659
-69.1968 0.767786289819
-68.9968 0.857125785799
-68.7968 0.93012462045
-68.5967 0.762761621022
-68.3967 0.807450937392
-68.1966 0.905328325911
-67.9966 0.818662671989
-67.7965 1.00365859456
-67.5965 1.01065980305
-67.3965 0.9420480894
-67.1964 0.991646732021
-66.9964 1.2567028206
-66.7963 1.28805733163
-66.5963 1.03094154238
-66.3962 1.01452100559
-66.1962 0.898849539031
-65.9961 0.98598589228
-65.7961 0.875105370007
-65.5961 0.966025754312
-65.396 0.78533303178
-65.196 0.664621741865
-64.9959 0.60477775899
-64.7959 0.931401936587
-64.5958 0.883156957716
-64.3958 0.736040774504
-64.1957 0.507178238114
-63.9957 0.932912482749
-63.7956 0.884030453161
-63.5956 0.59752813107
-63.3955 0.607616126467
-63.1955 0.758934162676
-62.9954 0.682277573153
-62.7954 1.00775042398
-62.5953 0.770785094173
-62.3953 0.694676945366
-62.1952 0.775293023518
-61.9952 1.01239475204
-61.7951 0.833069353921
-61.5951 0.997124235409
-61.395 0.76638561556
-61.195 0.669879475607
-60.9949 0.724589823244
-60.7949 0.935020429418
-60.5948 0.912187970958
-60.3948 0.998152811049
-60.1947 0.93141881395
-59.9947 0.753903858312
-59.7946 0.876135346762
-59.5946 0.714439394212
-59.3945 0.827621266596
-59.1944 0.618216813912
-58.9944 1.37108206932
-58.7943 0.750664239917
-58.5943 1.12357861547
-58.3942 1.06281400663
-58.1942 0.961632063566
-57.9941 0.884054885178
-57.7941 1.17414152046
-57.594 0.889413797011
-57.3939 0.924943804225
-57.1939 0.708817111771
-56.9938 0.716863341521
-56.7938 0.695576746761
-56.5937 0.825947883938
-56.3937 1.16062395615
-56.1936 0.940061228422
-55.9935 0.720654980635
-55.7935 0.961828303822
-55.5934 0.740790549264
-55.3934 0.978576538037
-55.1933 1.24250468896
-54.9932 0.964904692085
-54.7932 1.02166152581
-54.5931 1.14670744921
-54.3931 0.963496906768
-54.193 1.06661318089
-53.9929 0.901564219781
-53.7929 0.912103038981
-53.5928 1.16480778247
-53.3928 1.09938732913
-53.1927 0.825154633106
-52.9926 1.14759595023
-52.7926 0.871904986963
-52.5925 0.626212670254
-52.3924 1.08978458435
-52.1924 1.29023420854
-51.9923 1.16544549058
-51.7922 1.03616861406
-51.5922 1.03440913726
-51.3921 0.805831707672
-51.1921 1.16258038942
-50.992 1.16974424586
-50.7919 1.02498299696
-50.5919 0.645294395852
-50.3918 1.09662082784
-50.1917 0.914690299146
-49.9917 1.08192654701
-49.7916 0.925657908065
-49.5915 1.07981068761
-49.3915 1.10845599987
-49.1914 1.07347978477
-48.9913 1.06135204978
-48.7913 1.12940777672
-48.5912 0.84281249106
-48.3911 1.12465463409
-48.191 0.993169210489
-47.991 1.33807943373
-47.7909 1.13961514228
-47.5908 0.702875702463
-47.3908 0.978543391775
-47.1907 0.957388366424
-46.9906 0.729537681504
-46.7906 1.0250908645
-46.5905 0.995730734425
-46.3904 0.860995886554
-46.1903 1.23319597396
-45.9903 0.98412003638
-45.7902 0.859944674197
-45.5901 0.776745693943
-45.3901 1.09302733719
-45.19 1.02860788755
-44.9899 0.756879513299
-44.7898 0.994128308004
-44.5898 1.05122523708
-44.3897 0.957352284608
-44.1896 0.74524948223
-43.9895 1.15024381628
-43.7895 1.01371938622
-43.5894 0.976623395278
-43.3893 1.05252802329
-43.1892 0.977709480423
-42.9892 1.04320675757
-42.7891 0.942792916283
-42.589 1.01803501629
-42.3889 0.948429793408
-42.1889 0.917117572725
-41.9888 1.02757749255
-41.7887 1.05763759263
-41.5886 1.21465207362
-41.3885 1.17798820827
-41.1885 1.11271223296
-40.9884 1.20050933098
-40.7883 1.09016787508
-40.5882 0.685658249797
-40.3881 1.23289694033
-40.1881 1.05688575154
-39.988 0.888212252984
-39.7879 0.874526381483
-39.5878 1.09684831632
-39.3877 0.926411648781
-39.1877 0.909466404896
-38.9876 1.11595812605
-38.7875 0.636612727167
-38.5874 1.13377828925
-38.3873 1.24012248594
-38.1873 0.867868306486
-37.9872 1.14979049951
-37.7871 0.863449982665
-37.587 0.87438103115
-37.3869 0.850705148226
-37.1868 0.883480631998
-36.9868 0.765613268448
-36.7867 0.748793987606
-36.5866 0.724804083397
-36.3865 0.695765671102
-36.1864 0.971969140962
-35.9863 0.541648278645
-35.7862 0.902832889194
-35.5862 0.802892377869
-35.3861 1.0920399759
-35.186 0.999025977394
-34.9859 0.73124013776
-34.7858 1.00392977454
-34.5857 0.873080365949
-34.3856 0.672897809202
-34.1856 0.878940737128
-33.9855 0.799636871761
-33.7854 0.779491338492
-33.5853 0.872176752393
-33.3852 0.678556624868
-33.1851 0.492890016357
-32.985 0.670478915373
-32.7849 0.706923098022
-32.5848 0.709441315213
-32.3847 0.815188100625
-32.1847 0.925303825334
-31.9846 0.824771918632
-31.7845 0.772002008869
-31.5844 0.901119294235
-31.3843 0.451440855036
-31.1842 0.97311362628
-30.9841 0.625106490523
-30.784 0.931381534273
-30.5839 0.873331557833
-30.3838 0.821214948337
-30.1837 0.77070556849
-29.9836 0.556659989863
-29.7836 0.891724879362
-29.5835 0.436769544344
-29.3834 0.328379823219
-29.1833 0.521574034042
-28.9832 0.606212068128
-28.7831 0.984113609168
-28.583 0.81879231663
-28.3829 0.337879501441
-28.1828 0.84924332726
-27.9827 0.724683325757
-27.7826 0.681413938284
-27.5825 0.508592652968
-27.3824 0.557958940907
-27.1823 0.686061537556
-26.9822 0.367809223286
-26.7821 0.171302212898
-26.582 0.617180671008
-26.3819 0.342663463451
-26.1818 0.346190618809
-25.9817 0.507529400898
-25.7816 0.697281317976
-25.5815 1.04331404573
-25.3814 0.615957666595
-25.1813 0.543807787115
-24.9812 0.711007809106
-24.7811 0.591608909528
-24.581 0.575789423278
-24.3809 0.571191936033
-24.1808 0.802658789038
-23.9807 0.424366017566
-23.7806 0.624176597343
-23.5805 0.801081599562
-23.3804 0.688555458874
-23.1803 0.749551956
-22.9802 0.713927921961
-22.7801 0.713200559746
-22.58 0.662149205354
-22.3799 0.700652345103
-22.1798 0.594853727205
-21.9797 0.715164501746
-21.7796 1.12152991859
-21.5795 1.07273618645
-21.3794 0.972080657848
-21.1793 0.680800720605
-20.9792 0.977325319366
-20.7791 0.686248903914
-20.579 1.0525397235
-20.3789 0.686441447717
-20.1787 0.678044177263
-19.9786 0.692297323944
-19.7785 1.22977656599
-19.5784 0.755801250563
-19.3783 0.570731793005
-19.1782 0.549148402923
-18.9781 0.411695570202
-18.778 0.955765423246
-18.5779 0.618678129898
-18.3778 0.248370565976
-18.1777 0.379214619791
-17.9776 0.246298666866
-17.7774 0.345770264893
-17.5773 0.205127292676
-17.3772 0.700269885356
-17.1771 1.18250810872
-16.977 1.18690702477
-16.7769 0.573703050083
-16.5768 0.617769263828
-16.3767 0.321756649791
-16.1766 0.418993043848
-15.9764 0.333096555492
-15.7763 0.848681122872
-15.5762 0.473585535063
-15.3761 0.300190156508
-15.176 0.445264871298
-14.9759 0.818785500015
-14.7758 0.423408864061
-14.5757 0.790419482748
-14.3755 0.331376903419
-14.1754 0.189515315701
-13.9753 0.468588007004
-13.7752 0.755412615862
-13.5751 0.322977807615
-13.375 0.141281609234
-13.1749 0.0463012907447
-12.9747 0.301886182136
-12.7746 0.0262538939901
-12.5745 0.1998334386
-12.3744 0.135556433918
-12.1743 0.294881649247
-11.9742 0.302546470953
-11.774 -0.0105949753854
-11.5739 -0.0627348695843
-11.3738 0.0194495529588
-11.1737 0.0321471741022
-10.9736 0.00581177358782
-10.7734 0.139282875154
-10.5733 0.00811632882715
-10.3732 -0.0618693161575
-10.1731 -0.0711775418264
-9.97296 0.169591091352
-9.77284 -0.155872073024
-9.57272 0.0446125657617
-9.3726 0.388311931198
-9.17248 0.0187280450536
-8.97236 0.162326260016
-8.77224 0.281101684119
-8.57211 0.195304584511
-8.37199 0.0074403897715
-8.17187 0.0385735582904
-7.97175 -0.0157394892629
-7.77163 0.0404186649135
-7.5715 0.0348020737223
-7.37138 -0.0177487384109
-7.17125 0.0291800181748
-6.97113 0.028459773212
-6.77101 0.193493115555
-6.57088 0.0514353018129
-6.37076 -0.120775734233
-6.17063 0.199583205016
-5.97051 0.170557627999
-5.77038 0.777103652592
-5.57025 -0.0849570550785
-5.37013 0.0391205811732
-5.17 0.0586975103014
-4.96987 0.238787707834
-4.76975 0.015329639162
-4.56962 0.218962309986
-4.36949 0.115987274462
-4.16937 0.10989333256
-3.96924 0.0224622309012
-3.76911 0.057970998894
-3.56898 0.0974270598301
-3.36885 0.0832884627956
-3.16872 0.165827215769
-2.96859 0.3344551446
-2.76846 0.0355287747234
-2.56833 0.035535431603
-2.3682 0.177926634239
-2.16807 0.0209669848424
-1.96794 0.137177870869
-1.76781 0.147861004324
-1.56768 0.199735779067
-1.36755 -0.214239349746
-1.16742 -0.0699448513021
-0.967284 0.115683060641
-0.767152 0.0331717649475
-0.567019 0.0295231433231
-0.366886 0.952841401829
-0.166753 0.160851719352
0.0333802 0.0436971591468
0.233514 0.165827318094
0.433648 -0.12656627625
0.633782 -0.0287402974374
0.833917 -0.0718610802682
1.03405 0.0295606117377
1.23419 -0.223720388645
1.43432 0.00412709265803
1.63446 0.0578458912876
1.83459 -0.0676881019034
2.03473 -0.271764485882
2.23487 0.0252044057843
2.435 0.0073112733216
2.63514 0.0655766646193
2.83528 -0.293734325234
3.03541 -0.166945733522
3.23555 0.0425465646223
3.43569 0.110659526948
3.63583 -0.0347103468861
3.83597 0.00331626615046
4.0361 -0.0781285359519
4.23624 0.0361178420026
4.43638 0.126821028889
4.63652 -0.0539163474904
4.83666 -0.0247979180793
5.0368 -0.100282185614
5.23694 0.0357021111903
5.43708 0.119598244701
5.63722 0.0174687752625
5.83737 0.143090641641
6.03751 0.114657828738
6.23765 -0.098572452768
6.43779 -0.0452700631742
6.63793 -0.000775937541256
6.83808 0.0546726491588
7.03822 0.184230815357
7.23836 0.0734461199302
7.4385 0.108339453232
7.63865 -0.0206272819684
7.83879 0.0155318281263
8.03894 -0.00953478534429
8.23908 -0.0135178900355
8.43923 0.103627565885
8.63937 0.0564357368954
8.83951 0.138597425204
9.03966 0.0245612371638
9.23981 0.0646312239083
9.43995 -0.0275942940409
9.6401 -0.031642130489
9.84025 0.006405577757
10.0404 0.211437595731
10.2405 -0.00643150174042
10.4407 -0.00983247742179
10.6408 0.166261538638
10.841 -0.00824871824984
11.0411 0.184347377528
11.2413 0.182647930406
11.4414 0.0139493765061
11.6416 0.153455173141
11.8417 0.170284733743
12.0419 0.0282083194821
12.242 0.0342143827439
12.4422 0.0976199554175
12.6423 0.44384513389
12.8425 0.0780234169903
13.0426 -0.00472324110648
13.2428 0.0686903556311
13.4429 0.241912840551
13.6431 0.0311927174952
13.8432 -0.0188190811058
14.0434 0.12927017428
14.2435 0.0399126527424
14.4437 -0.0226751344408
14.6438 0.123471312788
14.844 0.10552099982
15.0441 0.270918617155
15.2443 -0.066913153548
15.4445 -0.0203933112366
15.6446 -0.016193291699
15.8448 0.0185005342755
16.0449 0.171514948447
16.2451 0.0987090304246
16.4452 0.0234068384452
16.6454 0.137698086711
16.8455 0.025970261298
17.0457 -0.0687725715131
17.2459 0.0653230928263
17.446 -0.0349038440762
17.6462 0.089217585787
17.8463 0.0154201806421
18.0465 0.127451594208
18.2466 0.0142127642891
18.4468 0.22667811729
18.647 0.229469428067
18.8471 0.13743355031
19.0473 0.0924205089453
19.2474 0.0336699543335
19.4476 0.333775827668
19.6478 -0.0122605246007
19.8479 0.100215438419
20.0481 -0.00158642751094
20.2482 0.0496342333352
20.4484 -0.0124725996288
20.6486 -0.0996770831457
20.8487 0.0292092797839
21.0489 0.0391846047997
21.249 0.122205238482
21.4492 0.136288995443
21.6494 0.509061723581
21.8495 -0.0225605287829
22.0497 0.138118973914
22.2498 0.716194619142
22.45 0.119576345852
22.6502 0.332445714944
22.8503 0.448006641812
23.0505 0.312601481908
23.2507 0.128174921403
23.4508 0.192000951021
23.651 -0.0425078652422
23.8512 0.175735176007
24.0513 0.209829069122
24.2515 0.0939528657384
24.4517 0.147545009426
24.6518 0.0214391399841
24.852 0.265410823273
25.0522 0.313500276206
25.2523 0.129468988692
25.4525 0.211732352059
25.6527 0.205535989669
25.8528 0.345310256671
26.053 0.179744743854
26.2532 0.705931755985
26.4533 0.277823529203
26.6535 0.562628189239
26.8537 0.155430274875
27.0538 0.560959397952
27.254 0.633013818099
27.4542 0.602153123223
27.6544 0.907347228296
27.8545 0.446714957758
28.0547 0.573385249748
28.2549 0.654358199113
28.455 0.732547110111
28.6552 0.653178660295
28.8554 0.436112614566
29.0556 0.327244903227
29.2557 0.57532461317
29.4559 0.404824136817
29.6561 0.335505087606
29.8562 0.490874563054
30.0564 1.12007594001
30.2566 0.858655550725
30.4568 0.742695114795
30.6569 0.682558118421
30.8571 0.949542754195
31.0573 0.406151561277
31.2575 0.871993317368
31.4576 0.677877977482
31.6578 0.741351233481
31.858 0.812920666008
32.0582 0.747613661092
32.2583 0.97823144962
32.4585 0.714722262248
32.6587 0.657255270024
32.8589 0.849094375472
33.0591 0.74596262156
33.2592 0.957962400572
33.4594 0.972640619671
33.6596 1.23069918034
33.8598 0.759254422974
34.0599 1.1025224472
34.2601 1.03108410549
34.4603 0.934125289622
34.6605 0.949096972339
34.8607 1.01152148474
35.0608 0.878756931885
35.261 0.964621803739
35.4612 0.449051930922
35.6614 0.813265029869
35.8616 0.82840467622
36.0617 0.920084319717
36.2619 0.784227277065
36.4621 1.24894770074
36.6623 0.990984543309
36.8625 1.21610817116
37.0627 0.846942797176
37.2628 1.04239845636
37.463 0.836800127252
37.6632 1.08684376337
37.8634 1.08604618172
38.0636 1.08243940639
38.2638 0.850769633234
38.4639 1.22665832215
38.6641 1.02403344982
38.8643 0.72806434901
39.0645 0.940283213508
39.2647 0.899729754069
39.4649 0.7463604559
39.6651 0.952051933028
39.8652 0.78917092519
40.0654 0.9622550852
40.2656 0.903775595772
40.4658 0.935752082277
40.666 1.03282137746
40.8662 0.834779052485
41.0664 0.948739612176
41.2666 0.999460963678
41.4668 0.940953068216
41.6669 0.890859847468
41.8671 0.76075006941
42.0673 1.06763579234
42.2675 1.00708296452
42.4677 0.781229574088
42.6679 0.818390663592
42.8681 0.864340454612
43.0683 0.950812881509
43.2685 0.743131877712
43.4687 0.684041196342
43.6688 1.18942136406
43.869 1.05353066816
44.0692 0.836624060596
44.2694 1.23114943976
44.4696 0.806001004568
44.6698 0.891271245446
44.87 1.00558685777
45.0702 0.990663336307
45.2704 0.783623201719
45.4706 0.991733312933
45.6708 0.956200711919
45.871 1.19804683725
46.0712 1.03379123651
46.2714 0.941125088969
46.4716 0.920831956346
46.6718 0.894123483575
46.8719 0.866362182819
47.0721 0.935002194867
47.2723 0.904267028432
47.4725 0.884290649589
47.6727 0.931742864933
47.8729 0.865329481836
48.0731 1.07952205842
48.2733 1.02218248377
48.4735 0.999186128287
48.6737 0.888839678501
48.8739 1.07619331417
49.0741 1.04849884342
49.2743 1.07158243026
49.4745 0.825155156747
49.6747 0.87697645382
49.8749 1.0544158854
50.0751 1.05086853144
50.2753 1.15592856022
50.4755 0.968118874471
50.6757 0.833453986662
50.8759 1.09921379549
51.0761 1.21090518729
51.2763 0.810327683155
51.4765 0.820705679473
51.6767 0.8359337373
51.8769 1.05369384461
52.0771 1.11948354492
52.2773 1.01464904727
52.4775 0.830146530089
52.6777 1.08454267471
52.8779 1.07623223716
53.0782 1.07888880361
53.2784 0.995212064859
53.4786 1.13073721525
53.6788 0.803731395719
53.879 0.853075221988
54.0792 0.842728472509
54.2794 0.961766704707
54.4796 1.03273335778
54.6798 0.900912944566
54.88 1.04646264869
55.0802 1.09192332556
55.2804 0.920280497603
55.4806 1.34100809406
55.6808 0.99166169162
55.881 1.10684160001
56.0812 1.04227855441
56.2815 1.33080328137
56.4817 1.15061595127
56.6819 0.97184374244
56.8821 0.690224622032
57.0823 0.91500985366
57.2825 1.02767085082
57.4827 1.2225187579
57.6829 0.797101228618
57.8831 1.02709325849
58.0833 1.02437786816
58.2836 0.947242094145
58.4838 1.09365851369
58.684 1.13417338142
58.8842 1.05736578121
59.0844 1.161310093
59.2846 1.10855589506
59.4848 1.04491115596
59.685 0.83077326688
59.8853 1.05071612725
60.0855 0.934872682492
60.2857 1.12615790302
60.4859 0.988617693839
60.6861 1.21058440743
60.8863 1.12373139531
61.0865 0.785596771753
61.2868 0.929719902921
61.487 0.853327361615
61.6872 1.03549270195
61.8874 0.929951673841
62.0876 0.906029575297
62.2878 1.16529330624
62.4881 1.10223036411
62.6883 0.900022910697
62.8885 1.01703579994
63.0887 0.935638705177
63.2889 1.16187840603
63.4891 1.20437456561
63.6894 1.09885654653
63.8896 1.2209792941
64.0898 1.10392952498
64.29 0.941865698931
64.4902 0.79155997017
64.6905 1.1835834087
64.8907 0.970203838864
65.0909 1.04610524648
65.2911 0.834814600495
65.4913 1.11808066603
65.6916 0.970706238222
65.8918 1.18057842436
66.092 1.26942761566
66.2922 0.992009540434
66.4924 0.98047752423
66.6927 0.998927112437
66.8929 1.047098649
67.0931 0.981411718327
67.2933 1.01175251948
67.4936 1.06269180115
67.6938 1.19104021326
67.894 0.932531969026
68.0942 1.06556275873
68.2945 1.24720714989
68.4947 0.847111214143
68.6949 0.92490494403
68.8951 1.14001418061
69.0954 0.956459775512
69.2956 1.17530659991
69.4958 0.861377452753
69.696 1.23617777669
69.8963 0.931273311177
70.0965 1.10417019322
70.2967 0.964752924443
70.4969 1.21717359482
70.6972 0.951581189323
70.8974 1.09173646041
71.0976 0.990487483717
71.2979 1.16090059863
71.4981 1.01949397291
71.6983 0.985409978785
71.8985 1.02393501337
72.0988 1.10635981745
72.299 1.13294886547
72.4992 0.910429638035
72.6995 0.939004489676
72.8997 0.891245468428
73.0999 1.06986396681
73.3002 1.33051720713
73.5004 1.19451366111
73.7006 0.829656892867
73.9009 1.1184534477
74.1011 0.744377706045
74.3013 1.08486669425
74.5016 1.09133161805
74.7018 1.05857469693
74.902 0.951217308226
75.1023 0.936215541661
75.3025 1.24290833076
75.5027 1.0122473997
75.703 0.918312423723
75.9032 0.736857859161
76.1034 0.961894161816
76.3037 0.967861143446
76.5039 1.10138687511
76.7041 1.15584176642
76.9044 1.31383602547
77.1046 1.02634010859
77.3048 0.890669328198
77.5051 1.05061021932
77.7053 0.826421682227
77.9056 1.03718932996
78.1058 0.97377590717
78.306 0.921967710912
78.5063 0.988981431651
78.7065 0.908088311613
78.9067 1.070792935
79.107 1.12829636403
79.3072 0.916758062899
79.5075 1.18899146167
79.7077 1.05361117196
79.9079 0.955706426403
80.1082 1.24841118097
80.3084 1.126732916
80.5087 0.929938723004
80.7089 0.886154637666
80.9091 0.968271427364
81.1094 1.28265643875
81.3096 1.19853101452
81.5099 1.03826422838
81.7101 0.99968194915
81.9104 0.895823735078
82.1106 1.19371566113
82.3108 0.892826403537
82.5111 1.23702366742
82.7113 1.18816160783
82.9116 1.04038258118
83.1118 1.2774418366
83.3121 1.05576862875
83.5123 0.919814222054
83.7126 1.03661844082
83.9128 1.08525349425
84.113 0.840132225901
84.3133 0.956724603656
84.5135 1.06811034978
84.7138 1.10510338246
84.914 1.0430889486
85.1143 0.976557562237
85.3145 0.907845632442
85.5148 0.837845691233
85.715 0.666485469742
85.9153 1.09019039169
86.1155 0.744168728763
86.3158 0.930281873926
86.516 0.807459390749
86.7163 1.15172757405
86.9165 1.01922900365
87.1168 0.981227725763
87.317 1.20298180845
87.5173 1.01002372158
87.7175 0.869445013971
87.9178 1.0281269461
88.118 0.968446597118
88.3183 0.978267120685
88.5185 0.739280543648
88.7188 0.949323993829
88.919 0.961990240519
89.1193 0.818573481455
89.3195 1.02763787247
89.5198 0.810347861008
89.72 0.930118467192
89.9203 0.971860743202
90.1205 0.915366400816
90.3208 0.881300574758
90.521 0.846750349259
90.7213 1.15426746534
90.9216 0.962801119083
91.1218 0.644118561213
91.3221 0.878833918999
91.5223 1.02261259783
91.7226 1.18600519062
91.9228 0.890840805911
92.1231 0.961897374153
92.3233 1.04380274642
92.5236 1.09556048277
92.7239 1.08149425303
92.9241 0.794123499185
93.1244 0.975865691367
93.3246 0.967316796602
93.5249 1.03697736629
93.7252 0.899210263303
93.9254 0.974776438051
94.1257 1.16722669609
94.3259 0.957643466129
94.5262 0.862749658576
94.7264 0.919564600806
94.9267 1.06348924832
95.127 1.11913827714
95.3272 0.991812839201
95.5275 1.00706314708
95.7278 0.929689740507
95.928 1.12481757847
96.1283 0.888107306737
96.3285 0.777986753263
96.5288 1.07663315155
96.7291 0.951308551307
96.9293 0.917998228631
97.1296 1.03723487301
97.3298 0.949165017228
97.5301 0.99891619057
97.7304 1.02416470916
97.9306 0.935196471783
98.1309 0.987361503795
98.3312 0.825218214929
98.5314 1.15666458392
98.7317 1.27063234362
98.932 0.944615466049
99.1322 0.917723178918
99.3325 1.16355443579
99.5328 0.942330898964
99.733 0.996996019986
99.9333 0.920381711863
