-100.0 1.82252637727
-99.8 1.09095597255
-99.6 0.324151984077
-99.4 0.83272889479
-99.2 0.651218950529
-99.0 1.21934918682
-98.8 1.31220913136
-98.6 0.738174195264
-98.4 -0.029217617882
-98.2 0.694608288543
-98.0 0.688431715173
-97.8 1.00468333495
-97.6 2.16548375494
-97.4 1.12684173232
-97.2 0.804769463194
-97.0 1.1536405006
-96.8 1.27288179315
-96.6 0.867123573554
-96.4 0.897471570687
-96.2 1.17282422665
-95.9999 1.29295832098
-95.7999 1.33962132898
-95.5999 1.10032113566
-95.3999 1.063621246
-95.1999 0.818394882387
-94.9999 0.927365424407
-94.7999 0.623985415324
-94.5999 1.22643398357
-94.3999 0.870948715476
-94.1999 0.965168212458
-93.9999 2.52338666261
-93.7999 1.10444976043
-93.5999 1.41489782838
-93.3999 0.48927683974
-93.1999 1.19227032867
-92.9998 1.45301938202
-92.7998 1.17109777158
-92.5998 0.911570853367
-92.3998 1.38618482323
-92.1998 0.808916194372
-91.9998 1.93292286344
-91.7998 1.93166418537
-91.5998 1.44755431187
-91.3998 1.03707152195
-91.1997 1.33789132294
-90.9997 0.789529828825
-90.7997 1.27082665647
-90.5997 1.01632035215
-90.3997 1.26483779312
-90.1997 0.696088079454
-89.9997 0.360526646613
-89.7997 1.00774768042
-89.5996 1.41218524997
-89.3996 0.978533934519
-89.1996 1.61668904044
-88.9996 1.70980580404
-88.7996 1.11391823224
-88.5996 0.55985843584
-88.3996 1.28149885665
-88.1995 0.399137654834
-87.9995 1.39299029436
-87.7995 0.726266269358
-87.5995 0.872906583103
-87.3995 1.22436584853
-87.1995 0.696736411603
-86.9994 0.416609203144
-86.7994 0.879804712607
-86.5994 1.23808067374
-86.3994 1.13219758629
-86.1994 1.2509941323
-85.9994 0.958568482403
-85.7993 0.76609209937
-85.5993 0.847462076536
-85.3993 0.566903898332
-85.1993 0.7564192813
-84.9993 0.95238899398
-84.7992 1.22024627069
-84.5992 0.999507050002
-84.3992 0.445789525823
-84.1992 0.571220821692
-83.9991 0.743715375912
-83.7991 1.15174347262
-83.5991 1.29332781246
-83.3991 1.21054900349
-83.1991 0.661703561634
-82.999 0.541301451904
-82.799 0.829216121342
-82.599 0.652213893326
-82.399 0.429443499879
-82.1989 0.988775306893
-81.9989 1.1878360251
-81.7989 0.629469831929
-81.5989 1.18013167334
-81.3988 1.62733672321
-81.1988 1.90456658099
-80.9988 1.27709901646
-80.7988 1.23409040409
-80.5987 0.55476684806
-80.3987 1.03846164041
-80.1987 0.849992204998
-79.9987 1.09103740113
-79.7986 1.05357135355
-79.5986 1.22895807547
-79.3986 0.385165836455
-79.1986 1.12477781253
-78.9985 0.853071741717
-78.7985 0.777935088068
-78.5985 1.04459964228
-78.3984 0.181987700185
-78.1984 0.778218155265
-77.9984 0.446776299049
-77.7984 1.15037933502
-77.5983 1.04200000925
-77.3983 1.60958883594
-77.1983 0.702284571268
-76.9982 1.48977149509
-76.7982 0.650265956193
-76.5982 0.197705373517
-76.3981 0.644221649111
-76.1981 1.32533335655
-75.9981 1.06471265334
-75.798 0.797012915078
-75.598 0.906612573779
-75.398 1.28526155331
-75.198 0.763442120353
-74.9979 1.40191379203
-74.7979 1.04216040042
-74.5978 0.276795813897
-74.3978 0.743950861989
-74.1978 0.173793726708
-73.9977 0.658745889188
-73.7977 1.01840016891
-73.5977 1.31559596486
-73.3976 0.955741247984
-73.1976 0.990851818202
-72.9976 0.211629552232
-72.7975 0.680287821124
-72.5975 1.18650732709
-72.3975 0.56211753335
-72.1974 1.37203517355
-71.9974 1.09401826617
-71.7973 1.27118170377
-71.5973 0.76988223454
-71.3973 0.206083226647
-71.1972 1.09718309552
-70.9972 1.10325308654
-70.7972 0.776363234427
-70.5971 1.0551596248
-70.3971 0.886135908165
-70.197 1.31892442926
-69.997 0.459766329997
-69.797 1.42575262608
-69.5969 1.14870241264
-69.3969 1.28169550672
-69.1968 0.663415318549
-68.9968 0.777999834381
-68.7968 1.51229923932
-68.5967 0.801725722329
-68.3967 0.454822638394
-68.1966 1.51389637427
-67.9966 1.30805779978
-67.7965 1.21484912266
-67.5965 1.42226015567
-67.3965 0.768009694663
-67.1964 0.86514299123
-66.9964 1.42572097256
-66.7963 0.487682528714
-66.5963 0.570731712733
-66.3962 1.00302293457
-66.1962 0.954326264543
-65.9961 1.41231101405
-65.7961 1.04284205654
-65.5961 0.465167079378
-65.396 0.866850359161
-65.196 1.34953311708
-64.9959 0.669243767659
-64.7959 1.08919995172
-64.5958 0.397381892968
-64.3958 0.545700372545
-64.1957 0.433767997163
-63.9957 0.920884906262
-63.7956 1.11919157248
-63.5956 1.36009188999
-63.3955 1.38986264422
-63.1955 1.45819180222
-62.9954 1.43835375671
-62.7954 1.09810588822
-62.5953 0.986386793059
-62.3953 0.827660827596
-62.1952 1.27532499129
-61.9952 1.26782147538
-61.7951 1.35283756715
-61.5951 0.85337373402
-61.395 0.669942774556
-61.195 1.32697709503
-60.9949 1.21762347909
-60.7949 1.05475343487
-60.5948 0.600482021616
-60.3948 0.966958193826
-60.1947 1.46873810954
-59.9947 0.81488242493
-59.7946 1.25563088034
-59.5946 1.36537178346
-59.3945 1.45400372953
-59.1944 1.59155470642
-58.9944 1.14343885877
-58.7943 1.26552015158
-58.5943 0.514379515942
-58.3942 1.29034113504
-58.1942 1.51800465416
-57.9941 1.67720205955
-57.7941 0.396858675896
-57.594 0.948829717797
-57.3939 1.03909993089
-57.1939 1.35516129258
-56.9938 0.7510299335
-56.7938 1.30282190586
-56.5937 0.411646973039
-56.3937 0.514561364167
-56.1936 0.914842574213
-55.9935 0.759784263416
-55.7935 0.926340960665
-55.5934 1.06204073864
-55.3934 0.865810846385
-55.1933 1.52613610535
-54.9932 0.296815583356
-54.7932 1.62770389393
-54.5931 0.512357439733
-54.3931 0.729389242453
-54.193 0.837190284307
-53.9929 0.546306492907
-53.7929 1.15578470133
-53.5928 1.95095916104
-53.3928 0.908665151739
-53.1927 0.384396909126
-52.9926 0.343828894151
-52.7926 1.08531295316
-52.5925 1.12249725402
-52.3924 0.438113941891
-52.1924 0.722292554361
-51.9923 1.42776794724
-51.7922 1.53442444263
-51.5922 1.0650689489
-51.3921 0.513132005471
-51.1921 0.531813450184
-50.992 0.51525732247
-50.7919 1.70534305876
-50.5919 0.965478874789
-50.3918 1.09791551702
-50.1917 0.83325908466
-49.9917 0.62905483091
-49.7916 1.25298033405
-49.5915 0.959736810656
-49.3915 1.11380431636
-49.1914 1.39966081663
-48.9913 1.23412845432
-48.7913 1.20695036901
-48.5912 1.95452575219
-48.3911 1.59873184972
-48.191 1.02557297017
-47.991 0.788255376812
-47.7909 1.43086235624
-47.5908 0.897972676566
-47.3908 0.934232598516
-47.1907 1.09322736359
-46.9906 0.988409507511
-46.7906 1.44493530955
-46.5905 0.668806549137
-46.3904 1.19675478506
-46.1903 1.08386958241
-45.9903 0.832494843747
-45.7902 1.39638563332
-45.5901 0.369604153424
-45.3901 0.649388748738
-45.19 1.32348760384
-44.9899 1.08617435453
-44.7898 1.10155667694
-44.5898 0.958636928416
-44.3897 1.05121776635
-44.1896 0.623997650193
-43.9895 1.31923053286
-43.7895 0.393091330876
-43.5894 1.21992922615
-43.3893 0.124963671399
-43.1892 0.984014476207
-42.9892 1.30386287722
-42.7891 1.61778067522
-42.589 0.247400209017
-42.3889 1.89167617409
-42.1889 1.12958450432
-41.9888 0.988605920108
-41.7887 0.323965324606
-41.5886 1.54367572284
-41.3885 1.30956157846
-41.1885 0.859471069144
-40.9884 0.886634501549
-40.7883 1.43785503656
-40.5882 1.32796056624
-40.3881 0.411422721957
-40.1881 0.749031223544
-39.988 1.08121260022
-39.7879 0.822459718422
-39.5878 1.32522109591
-39.3877 0.21791961086
-39.1877 0.213216184942
-38.9876 0.769698553088
-38.7875 1.54954481933
-38.5874 1.25260055327
-38.3873 0.713888427104
-38.1873 1.1055787731
-37.9872 1.08325261565
-37.7871 0.905408475283
-37.587 0.796420938856
-37.3869 1.7225851792
-37.1868 0.36940678219
-36.9868 1.58433550089
-36.7867 0.556100371979
-36.5866 1.20730416063
-36.3865 1.37081370247
-36.1864 1.6362657078
-35.9863 1.31439145552
-35.7862 0.147415313072
-35.5862 1.75004955108
-35.3861 1.26784630078
-35.186 0.505827365065
-34.9859 1.47396612684
-34.7858 0.603247384693
-34.5857 1.38027910142
-34.3856 0.72957629584
-34.1856 1.07378504952
-33.9855 0.877633405276
-33.7854 0.866333262184
-33.5853 1.24114683251
-33.3852 1.11145380491
-33.1851 1.4188204021
-32.985 0.993969526361
-32.7849 0.859056111186
-32.5848 1.32708702001
-32.3847 1.48075929595
-32.1847 0.589942679398
-31.9846 0.750196936758
-31.7845 1.4532832227
-31.5844 0.503583425947
-31.3843 1.34458844976
-31.1842 0.302648362634
-30.9841 0.0410478207938
-30.784 1.0618713386
-30.5839 1.19058320866
-30.3838 0.239992577116
-30.1837 0.178518381149
-29.9836 0.362164070232
-29.7836 1.13213008599
-29.5835 1.02645043204
-29.3834 1.23919273981
-29.1833 0.20434243382
-28.9832 1.62394935911
-28.7831 0.670236959603
-28.583 0.905179729529
-28.3829 1.38584448039
-28.1828 1.54371483857
-27.9827 1.18249016566
-27.7826 1.59458123617
-27.5825 1.2219002505
-27.3824 0.652579864285
-27.1823 0.667379676339
-26.9822 1.17017359986
-26.7821 1.80696442804
-26.582 1.09226050722
-26.3819 0.646467552809
-26.1818 0.954744812654
-25.9817 0.202064699117
-25.7816 1.35662415575
-25.5815 1.63737502979
-25.3814 0.516916316155
-25.1813 0.641302660513
-24.9812 0.745195920526
-24.7811 1.56498675242
-24.581 0.351960620956
-24.3809 0.588838561205
-24.1808 0.0769581504405
-23.9807 1.45172812062
-23.7806 0.653822151668
-23.5805 0.386522278797
-23.3804 0.545403348635
-23.1803 0.913229095883
-22.9802 1.79873397155
-22.7801 1.7569037063
-22.58 0.893285081724
-22.3799 0.586612154899
-22.1798 1.22270525731
-21.9797 0.742202935335
-21.7796 1.12346660175
-21.5795 1.73463838832
-21.3794 1.65141312796
-21.1793 1.06525108921
-20.9792 0.773404012515
-20.7791 -0.00680941225625
-20.579 0.349842320204
-20.3789 0.28896891639
-20.1787 0.757170436573
-19.9786 0.917337933861
-19.7785 0.884416814217
-19.5784 1.51193173185
-19.3783 0.558759777197
-19.1782 0.649055676928
-18.9781 0.464099857888
-18.778 1.324748751
-18.5779 1.07953542468
-18.3778 1.56858348535
-18.1777 1.31971977873
-17.9776 0.870433435037
-17.7774 1.15013478823
-17.5773 1.0285935011
-17.3772 0.480636106139
-17.1771 0.767031793538
-16.977 0.120693266283
-16.7769 0.293912764323
-16.5768 0.326842805556
-16.3767 0.244078874255
-16.1766 1.02232841518
-15.9764 0.430138541502
-15.7763 1.06210616994
-15.5762 1.12884424681
-15.3761 0.333591755585
-15.176 0.268717149242
-14.9759 0.0193641978764
-14.7758 0.543212386838
-14.5757 0.226636344087
-14.3755 0.654797998733
-14.1754 0.363927377611
-13.9753 0.962256392927
-13.7752 -0.0357004910951
-13.5751 0.0958504128268
-13.375 0.829089858218
-13.1749 0.0503491099589
-12.9747 -0.0632479541121
-12.7746 0.575169423532
-12.5745 1.07578797295
-12.3744 0.974044362291
-12.1743 0.735978550281
-11.9742 0.247600967731
-11.774 0.846020038527
-11.5739 -0.0184343920939
-11.3738 0.817906635512
-11.1737 0.491193465745
-10.9736 1.97686651388
-10.7734 2.14961624532
-10.5733 0.941640097636
-10.3732 0.683431377744
-10.1731 0.44825432571
-9.97296 0.923956414149
-9.77284 0.494852692018
-9.57272 0.103473828511
-9.3726 0.718377812492
-9.17248 -0.0220294770755
-8.97236 0.961587127089
-8.77224 0.193493531348
-8.57211 0.392203705059
-8.37199 0.0453461099029
-8.17187 0.219421904309
-7.97175 -0.0894054130099
-7.77163 -0.100948474528
-7.5715 1.39651976781
-7.37138 1.38274618795
-7.17125 0.650217329421
-6.97113 0.296441773288
-6.77101 0.222440244007
-6.57088 0.876649323832
-6.37076 -0.0443472362187
-6.17063 0.142669848761
-5.97051 0.292023791956
-5.77038 0.102774429808
-5.57025 0.267384496097
-5.37013 0.227330492556
-5.17 0.0795273594377
-4.96987 0.200078593264
-4.76975 0.0733453442202
-4.56962 0.29241230961
-4.36949 0.900324158694
-4.16937 0.126272520329
-3.96924 0.0665335683161
-3.76911 0.205306057631
-3.56898 -0.039718769141
-3.36885 -0.176672874656
-3.16872 0.687002639968
-2.96859 0.210478936245
-2.76846 0.0824511901872
-2.56833 1.18743606906
-2.3682 0.129189009982
-2.16807 0.448969970836
-1.96794 0.397672044222
-1.76781 0.0517549613141
-1.56768 0.756489489238
-1.36755 0.30572044933
-1.16742 -0.122818165876
-0.967284 0.0764334460614
-0.767152 0.205608100768
-0.567019 0.288377299239
-0.366886 0.262839111951
-0.166753 0.0720951598591
0.0333802 0.137436085928
0.233514 0.117582106335
0.433648 -0.000257967703022
0.633782 0.68743617623
0.833917 0.0395909548676
1.03405 0.400218307388
1.23419 0.544322576739
1.43432 0.244472654905
1.63446 -0.0293573687908
1.83459 -0.119169084912
2.03473 -0.201338704323
2.23487 -0.324579214559
2.435 0.0335506621325
2.63514 0.289573245202
2.83528 0.257410836307
3.03541 0.71260592899
3.23555 0.383061114085
3.43569 0.0576156824562
3.63583 -0.0302276417924
3.83597 -0.10090793237
4.0361 -0.0330525772122
4.23624 0.148007817002
4.43638 0.137410122464
4.63652 0.0186675958601
4.83666 -0.203063036935
5.0368 0.138881704838
5.23694 0.145658032349
5.43708 0.0495298772329
5.63722 0.0660340208214
5.83737 0.175202568544
6.03751 0.143563454933
6.23765 -0.176455461309
6.43779 0.131501133354
6.63793 -0.09464866318
6.83808 0.228855990887
7.03822 -0.221296279954
7.23836 0.0532154526323
7.4385 -0.00210231390356
7.63865 0.426089199741
7.83879 0.0146953172051
8.03894 1.4343355805
8.23908 -0.645046479459
8.43923 -0.0780947020274
8.63937 1.15968706099
8.83951 0.0548519947319
9.03966 0.136241035997
9.23981 0.161937899614
9.43995 0.126991271259
9.6401 0.138009995591
9.84025 0.231870181005
10.0404 0.133622647788
10.2405 0.667151367408
10.4407 0.0954617458187
10.6408 -0.0631168390474
10.841 -0.0933398171588
11.0411 -0.570804435056
11.2413 0.203036715969
11.4414 0.304210019229
11.6416 0.301911874896
11.8417 0.351692754347
12.0419 0.142405691682
12.242 -0.0895814097608
12.4422 0.120515672689
12.6423 1.32968471862
12.8425 -0.0882840935314
13.0426 0.867118369462
13.2428 0.121614522697
13.4429 0.20836723421
13.6431 0.261651261828
13.8432 0.146064429341
14.0434 0.191530826558
14.2435 0.160458222305
14.4437 0.310280831938
14.6438 0.0412575018846
14.844 0.870730087889
15.0441 1.1158507903
15.2443 0.328784975556
15.4445 1.74018295117
15.6446 0.501941056249
15.8448 -0.0562462904421
16.0449 0.403477081582
16.2451 0.727827399061
16.4452 0.0729852603404
16.6454 -0.00659968191658
16.8455 1.04340272876
17.0457 0.22374711649
17.2459 0.996364195785
17.446 0.816378886818
17.6462 1.17108974416
17.8463 0.0816374299726
18.0465 -0.0685787866752
18.2466 0.382956852452
18.4468 0.362960544929
18.647 0.187568739414
18.8471 0.945602243935
19.0473 0.193651856949
19.2474 0.0569363477448
19.4476 0.878625870902
19.6478 0.777441534329
19.8479 0.111482311543
20.0481 0.121642154263
20.2482 0.0841599988045
20.4484 0.815933867755
20.6486 -0.00993856969281
20.8487 -0.0934488328633
21.0489 0.562816404825
21.249 0.121535976029
21.4492 0.946577420263
21.6494 -0.00554169923532
21.8495 0.825857896689
22.0497 1.0515336681
22.2498 0.0219268217849
22.45 0.185991400297
22.6502 0.856170518551
22.8503 0.155699085682
23.0505 0.249489567751
23.2507 0.311641717526
23.4508 0.776469471261
23.651 -0.00223833029335
23.8512 0.476107960414
24.0513 0.0628060467661
24.2515 0.670711737322
24.4517 0.0595392381792
24.6518 1.02720552426
24.852 0.309514717025
25.0522 0.0322344008005
25.2523 0.668855422906
25.4525 0.356273302026
25.6527 1.4720575723
25.8528 1.04731907799
26.053 0.198517621224
26.2532 0.969274898172
26.4533 0.46546702465
26.6535 1.48343121698
26.8537 1.35683002335
27.0538 0.629089145759
27.254 1.29689725292
27.4542 0.219657241632
27.6544 0.75522577172
27.8545 0.112492918975
28.0547 0.314807988047
28.2549 0.689092564173
28.455 0.842658634773
28.6552 1.01092498699
28.8554 1.70595139984
29.0556 0.861386077919
29.2557 1.00693717691
29.4559 0.737263043506
29.6561 1.65048725681
29.8562 1.0075171497
30.0564 0.941637932674
30.2566 0.820396983016
30.4568 1.7786259028
30.6569 0.0940621031647
30.8571 1.19136909544
31.0573 1.04354584395
31.2575 1.87237052227
31.4576 1.1705162316
31.6578 0.868693652606
31.858 0.997002406937
32.0582 0.15358323665
32.2583 0.795926327575
32.4585 0.502895261623
32.6587 1.26561257929
32.8589 0.842122280599
33.0591 1.09570543035
33.2592 1.18858471809
33.4594 1.46744416989
33.6596 1.26115167137
33.8598 0.8031339758
34.0599 1.09329773025
34.2601 1.33385616371
34.4603 1.2322234649
34.6605 1.67699497807
34.8607 0.585166523486
35.0608 0.319538046317
35.261 1.79981843142
35.4612 1.97510297112
35.6614 0.87817112648
35.8616 0.68761156629
36.0617 0.760083917534
36.2619 0.769361468384
36.4621 1.42911383717
36.6623 1.57735510345
36.8625 1.19061803277
37.0627 0.345412205485
37.2628 1.33383140788
37.463 1.0001681843
37.6632 1.20469130237
37.8634 1.23742679631
38.0636 1.57176759451
38.2638 0.966168415443
38.4639 0.994572652494
38.6641 1.15753516496
38.8643 1.03445039618
39.0645 0.717334154334
39.2647 1.33455298961
39.4649 1.36294592964
39.6651 1.36139502375
39.8652 1.25566992859
40.0654 0.545822984339
40.2656 1.76277672448
40.4658 0.933606195357
40.666 0.550543186818
40.8662 0.950007517462
41.0664 0.600626316564
41.2666 0.44975585805
41.4668 1.0743706105
41.6669 0.867000879196
41.8671 1.25567595366
42.0673 0.898433315117
42.2675 0.770381856933
42.4677 1.85058840235
42.6679 1.09429876875
42.8681 1.29429123983
43.0683 0.721272031466
43.2685 1.7332698115
43.4687 1.25235065256
43.6688 0.163186659239
43.869 1.45688943407
44.0692 1.56252681649
44.2694 0.923661049078
44.4696 0.797767320668
44.6698 1.59686180305
44.87 0.834871040456
45.0702 0.4964504079
45.2704 1.13687032125
45.4706 0.758360611983
45.6708 1.15749039256
45.871 0.942151823826
46.0712 1.37334590242
46.2714 0.874079833009
46.4716 0.758257933642
46.6718 1.45728124442
46.8719 0.378826808358
47.0721 0.94663275408
47.2723 0.452521950156
47.4725 0.922531526962
47.6727 1.08231052332
47.8729 1.29638691134
48.0731 1.34827621142
48.2733 1.07805081449
48.4735 1.24752626853
48.6737 0.87077814048
48.8739 0.909573877018
49.0741 0.461354275345
49.2743 1.0228092128
49.4745 1.55687231586
49.6747 1.02240983827
49.8749 1.14404549171
50.0751 1.00103540446
50.2753 1.09209750114
50.4755 1.22377384243
50.6757 0.802438994583
50.8759 0.985459041999
51.0761 0.934378597223
51.2763 1.09544737907
51.4765 1.17205504421
51.6767 0.200595861247
51.8769 0.727566800917
52.0771 1.02527858693
52.2773 0.858518875532
52.4775 1.05564503879
52.6777 1.70621380007
52.8779 0.684067684654
53.0782 0.857443811499
53.2784 1.09312840615
53.4786 1.11587317963
53.6788 1.35481452181
53.879 1.97705483319
54.0792 1.10090684616
54.2794 0.520989842762
54.4796 1.35502529062
54.6798 1.26154036798
54.88 0.550163319436
55.0802 0.97080365262
55.2804 1.4042966533
55.4806 0.639220662966
55.6808 0.757099464976
55.881 0.687944644
56.0812 1.27435477347
56.2815 1.10787552724
56.4817 0.828918118803
56.6819 0.77743698401
56.8821 1.25357389727
57.0823 1.22066475739
57.2825 0.941108203345
57.4827 1.41178057052
57.6829 1.63537739255
57.8831 0.903181674906
58.0833 1.36301122564
58.2836 1.3002543247
58.4838 1.58165260436
58.684 1.34865729905
58.8842 0.676314101776
59.0844 1.02391278519
59.2846 0.723532139202
59.4848 0.76747180703
59.685 0.644652124936
59.8853 0.328017376249
60.0855 1.77729190377
60.2857 1.54464001442
60.4859 0.817349651503
60.6861 1.20642260201
60.8863 0.904242776131
61.0865 0.442520171729
61.2868 0.918407439747
61.487 0.75059382679
61.6872 1.35715629166
61.8874 0.921192107109
62.0876 0.596903912713
62.2878 1.0656809568
62.4881 0.75403145307
62.6883 0.745028106742
62.8885 0.94241325079
63.0887 1.28756488734
63.2889 0.639046484485
63.4891 0.579713041254
63.6894 0.775307541143
63.8896 1.02955553163
64.0898 1.69739716133
64.29 0.744647556692
64.4902 1.20722153748
64.6905 1.29249251008
64.8907 1.06713556895
65.0909 1.36663447694
65.2911 0.301249959963
65.4913 0.521030087716
65.6916 0.986043185148
65.8918 0.868050544844
66.092 0.849796013634
66.2922 1.41013594908
66.4924 1.20247723889
66.6927 1.15481085919
66.8929 1.41002695915
67.0931 1.55198215456
67.2933 0.715699869117
67.4936 0.258512196013
67.6938 1.51552512417
67.894 0.98118525046
68.0942 1.1576646759
68.2945 1.45780999604
68.4947 1.39041665763
68.6949 0.998449202227
68.8951 0.74045598975
69.0954 1.89036375735
69.2956 1.31454295096
69.4958 1.27010100855
69.696 0.360542125907
69.8963 1.17446120449
70.0965 1.03001436283
70.2967 1.08627454607
70.4969 0.624965737405
70.6972 0.952047335295
70.8974 0.750616533936
71.0976 0.665726890196
71.2979 1.04189201976
71.4981 1.40804809652
71.6983 0.503127622785
71.8985 0.863613665781
72.0988 0.957113876286
72.299 0.373468123743
72.4992 1.64733754608
72.6995 1.36151757961
72.8997 0.745622891161
73.0999 0.921594209839
73.3002 0.979251260665
73.5004 1.23405015716
73.7006 0.5482978263
73.9009 0.783461482169
74.1011 0.943589794644
74.3013 1.09553726418
74.5016 1.02087291965
74.7018 0.754269357737
74.902 0.397519854642
75.1023 0.948878057159
75.3025 1.10406589856
75.5027 1.23862873046
75.703 1.13104710717
75.9032 0.83091424085
76.1034 0.77856283083
76.3037 0.674336153033
76.5039 0.514835674161
76.7041 1.37993237852
76.9044 1.23439636839
77.1046 1.45909671291
77.3048 1.13588561106
77.5051 1.2200021857
77.7053 1.12290427786
77.9056 1.17170038984
78.1058 1.04603154171
78.306 1.18412415957
78.5063 1.47221777917
78.7065 0.864230240627
78.9067 0.470249463067
79.107 0.646698216144
79.3072 1.18486461331
79.5075 0.713770495439
79.7077 1.10259753052
79.9079 1.07879578836
80.1082 1.55833521561
80.3084 1.10058713275
80.5087 1.12776672629
80.7089 1.49727602548
80.9091 1.438641313
81.1094 0.895580753583
81.3096 0.876281591179
81.5099 1.14201165932
81.7101 1.1116646883
81.9104 1.02618251508
82.1106 0.810865553364
82.3108 0.895517371154
82.5111 1.08681582288
82.7113 0.0615245147108
82.9116 1.09377887639
83.1118 0.931903812889
83.3121 1.28776884736
83.5123 1.68546913016
83.7126 1.31844291862
83.9128 1.19581506534
84.113 1.29137218691
84.3133 1.34329797398
84.5135 2.06158668818
84.7138 1.2975045275
84.914 0.823497580461
85.1143 1.43940338455
85.3145 0.974116688635
85.5148 1.06833900894
85.715 1.60867842371
85.9153 1.37397296997
86.1155 1.33513766683
86.3158 0.316709875543
86.516 0.902770182908
86.7163 0.511801255688
86.9165 0.95100129093
87.1168 0.42311928051
87.317 0.713192540276
87.5173 1.43667973788
87.7175 1.03248797484
87.9178 1.08343483955
88.118 1.34442158996
88.3183 0.946771492078
88.5185 0.804142431155
88.7188 1.46424935772
88.919 1.29681110159
89.1193 0.970755068692
89.3195 0.879303520321
89.5198 1.35678428601
89.72 0.272836653494
89.9203 1.37180132018
90.1205 0.128247254432
90.3208 0.904594771195
90.521 1.12979399791
90.7213 0.68317470062
90.9216 0.203123145158
91.1218 1.23449039727
91.3221 0.35287727095
91.5223 0.927290215776
91.7226 1.32756213022
91.9228 1.11968604575
92.1231 1.21387596011
92.3233 1.10808155618
92.5236 0.495933223859
92.7239 1.06955357664
92.9241 0.833771584636
93.1244 0.583496455744
93.3246 1.05447461374
93.5249 1.22046470177
93.7252 0.520728509337
93.9254 0.306928558459
94.1257 1.38296371689
94.3259 1.01170375541
94.5262 1.20530843589
94.7264 1.38450940363
94.9267 0.612325088774
95.127 0.25029183921
95.3272 1.15400022321
95.5275 0.692357500261
95.7278 0.927935009736
95.928 1.01442329596
96.1283 0.99809728078
96.3285 1.01820004521
96.5288 0.321481444678
96.7291 0.952827273789
96.9293 0.816280625011
97.1296 1.4468385006
97.3298 1.11028358657
97.5301 0.974822952733
97.7304 1.29885325117
97.9306 1.01091990046
98.1309 1.24425101633
98.3312 1.42341937004
98.5314 0.635891602886
98.7317 0.493235065479
98.932 0.9321100677
99.1322 1.39827529486
99.3325 0.744742535045
99.5328 0.661212988919
99.733 1.05143965486
99.9333 0.954660519642
