-100.0 1.00241346056
-99.8 1.03001641043
-99.6 1.04634887702
-99.4 1.12324871537
-99.2 1.02092265711
-99.0 0.888181379417
-98.8 1.02930560622
-98.6 1.2582173209
-98.4 0.948666994432
-98.2 1.03941840875
-98.0 1.07561542709
-97.8 1.16574568329
-97.6 0.93444964509
-97.4 0.901605909886
-97.2 1.05069673279
-97.0 1.04683592153
-96.8 0.939658162172
-96.6 1.06305262397
-96.4 0.849605197275
-96.2 0.984605835437
-95.9999 1.09375131
-95.7999 0.907559387554
-95.5999 1.06398959951
-95.3999 0.935362900366
-95.1999 1.20623526562
-94.9999 0.926810505944
-94.7999 0.958555807142
-94.5999 1.06411441342
-94.3999 1.08877212472
-94.1999 1.10423575623
-93.9999 1.09145347955
-93.7999 1.03474600128
-93.5999 1.01809661452
-93.3999 1.16561302181
-93.1999 1.00440474084
-92.9998 0.894288721938
-92.7998 1.11211284846
-92.5998 0.974856318511
-92.3998 1.12378922154
-92.1998 0.933613033331
-91.9998 1.19712068789
-91.7998 1.1241608058
-91.5998 0.857653272189
-91.3998 0.834552406487
-91.1997 0.908522136506
-90.9997 0.828196181721
-90.7997 0.978542193924
-90.5997 0.980096705645
-90.3997 0.998918572646
-90.1997 1.15235878862
-89.9997 1.13173257951
-89.7997 0.92691597508
-89.5996 0.931032572637
-89.3996 1.19189872376
-89.1996 1.0356967332
-88.9996 1.01283665189
-88.7996 1.0093180389
-88.5996 1.00527940074
-88.3996 0.989853227563
-88.1995 1.08493524083
-87.9995 1.04465257547
-87.7995 0.976032711689
-87.5995 0.915514644199
-87.3995 0.966247124765
-87.1995 1.09805990251
-86.9994 1.03957504682
-86.7994 1.1246498971
-86.5994 0.935671931968
-86.3994 1.26345638009
-86.1994 1.12212188589
-85.9994 0.855476426243
-85.7993 0.79823485291
-85.5993 1.06201756748
-85.3993 1.21147698047
-85.1993 0.954295892346
-84.9993 1.1790519919
-84.7992 0.881296663269
-84.5992 0.986316390949
-84.3992 1.14127673574
-84.1992 0.922094668853
-83.9991 1.19496704858
-83.7991 1.0524609915
-83.5991 0.991385675667
-83.3991 1.07876522989
-83.1991 1.12582799945
-82.999 0.932636764461
-82.799 0.95252592674
-82.599 0.853464427709
-82.399 0.86205982728
-82.1989 1.15756769566
-81.9989 1.05210904066
-81.7989 0.943252578534
-81.5989 1.04523289437
-81.3988 0.997305589539
-81.1988 1.0803334821
-80.9988 0.931430321846
-80.7988 1.06557237398
-80.5987 0.932373116578
-80.3987 0.827239093791
-80.1987 1.01126087493
-79.9987 0.894165373974
-79.7986 0.852403474309
-79.5986 0.985532409917
-79.3986 1.10122757358
-79.1986 0.957115419459
-78.9985 0.986321399158
-78.7985 0.905384697856
-78.5985 1.06219990538
-78.3984 0.872252746656
-78.1984 0.832125829105
-77.9984 1.03465329644
-77.7984 1.00761389803
-77.5983 0.908208556064
-77.3983 1.00775396175
-77.1983 1.1970874465
-76.9982 1.00512993195
-76.7982 1.12293936293
-76.5982 0.923015535576
-76.3981 0.940308918461
-76.1981 1.17330238983
-75.9981 1.14761135994
-75.798 0.877184619439
-75.598 0.824683614536
-75.398 1.05939651322
-75.198 0.868606355568
-74.9979 0.859888444853
-74.7979 1.08106467815
-74.5978 1.0067802085
-74.3978 0.957652954932
-74.1978 0.956739577301
-73.9977 0.894575711898
-73.7977 0.932966971929
-73.5977 1.13664033002
-73.3976 0.992255906322
-73.1976 1.0934604252
-72.9976 0.924842845724
-72.7975 0.794494434021
-72.5975 0.929282470909
-72.3975 0.849823554853
-72.1974 0.933104582917
-71.9974 1.00244022036
-71.7973 1.05248388444
-71.5973 0.926225382615
-71.3973 0.910145013466
-71.1972 0.855882372546
-70.9972 1.16113592892
-70.7972 0.823255363604
-70.5971 1.01737863544
-70.3971 1.01820801423
-70.197 1.22817660681
-69.997 1.08113112977
-69.797 1.12297164912
-69.5969 1.0533845754
-69.3969 0.748237877093
-69.1968 0.954645032517
-68.9968 1.04409552857
-68.7968 1.12733336659
-68.5967 1.05712432967
-68.3967 0.897667899114
-68.1966 1.02841371924
-67.9966 0.960439809649
-67.7965 1.11312478692
-67.5965 0.981147418965
-67.3965 0.915773978246
-67.1964 0.857438803753
-66.9964 1.06058991581
-66.7963 0.734366470403
-66.5963 0.858895705627
-66.3962 0.831176304373
-66.1962 0.984736708424
-65.9961 1.06377184277
-65.7961 1.09243541904
-65.5961 0.939542623269
-65.396 0.981746010533
-65.196 0.914363057462
-64.9959 0.806753435093
-64.7959 1.07775358846
-64.5958 1.10439939027
-64.3958 0.935363826089
-64.1957 0.983255686194
-63.9957 0.796350389536
-63.7956 0.827951129424
-63.5956 1.0517079205
-63.3955 1.05277598317
-63.1955 0.836048018637
-62.9954 0.915535590291
-62.7954 1.15841892986
-62.5953 0.982531714161
-62.3953 0.979461282655
-62.1952 0.977610719527
-61.9952 0.972358324806
-61.7951 0.949387226122
-61.5951 0.858435666048
-61.395 0.842921457172
-61.195 1.19935796557
-60.9949 1.21301515081
-60.7949 0.791417402813
-60.5948 0.98541590202
-60.3948 1.13365850984
-60.1947 1.03195154957
-59.9947 0.981398871503
-59.7946 0.959821210234
-59.5946 0.901922255254
-59.3945 1.07530555908
-59.1944 1.19022599237
-58.9944 1.18717507137
-58.7943 1.01731323371
-58.5943 1.05890583604
-58.3942 1.06560281851
-58.1942 1.02070153625
-57.9941 0.905357169428
-57.7941 1.051657658
-57.594 0.929765064761
-57.3939 0.96278043874
-57.1939 0.902339730294
-56.9938 0.839575548899
-56.7938 0.991385581829
-56.5937 0.902481744785
-56.3937 0.886591330623
-56.1936 1.10850951187
-55.9935 0.96803473355
-55.7935 0.867378257831
-55.5934 0.801067684184
-55.3934 0.706066543594
-55.1933 0.96820074612
-54.9932 0.841174365112
-54.7932 0.772795130271
-54.5931 0.786517173855
-54.3931 0.920996458245
-54.193 0.930484065555
-53.9929 0.66532499071
-53.7929 0.81813133102
-53.5928 0.813253575062
-53.3928 0.928886907672
-53.1927 0.982348984052
-52.9926 0.915964431438
-52.7926 0.869709417656
-52.5925 0.830422152169
-52.3924 0.948989347637
-52.1924 0.935486550769
-51.9923 0.925140866533
-51.7922 0.912645574466
-51.5922 1.15116228027
-51.3921 1.04126134696
-51.1921 0.949675521264
-50.992 0.670292825007
-50.7919 0.896750550255
-50.5919 0.928212529478
-50.3918 1.02763916545
-50.1917 1.12778011783
-49.9917 0.88677979659
-49.7916 0.739435976708
-49.5915 0.863184556008
-49.3915 1.0172699114
-49.1914 1.04417396274
-48.9913 0.935014469703
-48.7913 1.04821063249
-48.5912 1.09283366108
-48.3911 0.971341971222
-48.191 0.922567040951
-47.991 0.970311523458
-47.7909 0.897446015976
-47.5908 0.962781793621
-47.3908 1.02174039839
-47.1907 1.00547061202
-46.9906 0.972619193726
-46.7906 0.784426767347
-46.5905 0.84756657197
-46.3904 1.00610361658
-46.1903 1.12433270179
-45.9903 1.0713792025
-45.7902 1.05740207484
-45.5901 0.94843135399
-45.3901 1.101704063
-45.19 0.965233749749
-44.9899 0.900886834252
-44.7898 0.855626731442
-44.5898 0.964661695725
-44.3897 0.929490299927
-44.1896 1.08627720149
-43.9895 1.03041318061
-43.7895 1.11576112909
-43.5894 0.919078122466
-43.3893 0.646419082799
-43.1892 0.933465351917
-42.9892 0.924740920697
-42.7891 0.977724379744
-42.589 0.975167993858
-42.3889 1.02609702075
-42.1889 1.01212527726
-41.9888 0.943765806366
-41.7887 0.902307297499
-41.5886 1.03796499909
-41.3885 0.933759478799
-41.1885 0.946251920185
-40.9884 1.01276574864
-40.7883 1.08758494218
-40.5882 0.986667662386
-40.3881 1.18922056236
-40.1881 0.976649867403
-39.988 1.08416235169
-39.7879 1.19883815733
-39.5878 0.886306777408
-39.3877 0.983581654118
-39.1877 0.82234709646
-38.9876 1.03945064606
-38.7875 1.07319815195
-38.5874 1.06662112277
-38.3873 1.19462972946
-38.1873 1.07012942145
-37.9872 0.951049652527
-37.7871 1.08694496328
-37.587 0.844043383342
-37.3869 0.954168940999
-37.1868 1.02119496041
-36.9868 0.928459232184
-36.7867 0.967578663221
-36.5866 1.05903469748
-36.3865 0.997344226731
-36.1864 1.02111003664
-35.9863 0.917043123599
-35.7862 0.993666429458
-35.5862 0.956134488966
-35.3861 0.920916121959
-35.186 0.966406858624
-34.9859 0.977131337595
-34.7858 1.0231088414
-34.5857 0.869057487864
-34.3856 0.989299136612
-34.1856 0.902356145841
-33.9855 0.821205542707
-33.7854 1.24137107819
-33.5853 1.37110395893
-33.3852 1.0795795002
-33.1851 1.21064517098
-32.985 0.855604253416
-32.7849 0.947447200746
-32.5848 0.868412249048
-32.3847 0.874255365449
-32.1847 0.80528797774
-31.9846 0.946271444725
-31.7845 0.975973592398
-31.5844 0.672585847568
-31.3843 0.869472852847
-31.1842 0.93612927107
-30.9841 0.779757576667
-30.784 1.0068694403
-30.5839 0.81334322255
-30.3838 0.643312646236
-30.1837 0.83007361647
-29.9836 0.836893798096
-29.7836 0.921287320444
-29.5835 1.05293248768
-29.3834 0.846784705676
-29.1833 0.65414245184
-28.9832 0.672077255279
-28.7831 0.499566397455
-28.583 0.725309524069
-28.3829 0.605216908459
-28.1828 0.713383933177
-27.9827 0.933447252435
-27.7826 0.481360607662
-27.5825 0.627087708339
-27.3824 0.758631380489
-27.1823 0.645915158899
-26.9822 0.520107759669
-26.7821 0.371424516665
-26.582 0.16490715159
-26.3819 0.173281782983
-26.1818 0.155660079802
-25.9817 0.228615731572
-25.7816 0.0619855950852
-25.5815 0.0629216823583
-25.3814 0.0770322004912
-25.1813 -0.0721950209741
-24.9812 0.102727826336
-24.7811 -0.0169303230391
-24.581 0.0406153164605
-24.3809 0.00730244000665
-24.1808 -0.115329677936
-23.9807 -0.170915747287
-23.7806 -0.0279162622535
-23.5805 -0.0674003719895
-23.3804 -0.0320403216182
-23.1803 -0.0781550714786
-22.9802 -0.0769575070536
-22.7801 -0.0173523877866
-22.58 -0.00198367177095
-22.3799 0.0357300599398
-22.1798 0.0813485097157
-21.9797 0.0665491303931
-21.7796 0.00218943662738
-21.5795 0.00872005992915
-21.3794 0.0719250132949
-21.1793 -0.0164556990183
-20.9792 0.0683578071584
-20.7791 0.0768070927351
-20.579 0.0451460539635
-20.3789 0.0244467092723
-20.1787 0.0110205278779
-19.9786 -0.000497002282337
-19.7785 0.0724801248095
-19.5784 0.326994204134
-19.3783 0.333413711866
-19.1782 0.356637438514
-18.9781 0.33132398889
-18.778 0.167445352971
-18.5779 0.310834569493
-18.3778 0.866431675773
-18.1777 0.578492657515
-17.9776 0.662736701347
-17.7774 0.672384388838
-17.5773 0.867229238072
-17.3772 0.552282803139
-17.1771 0.761472929426
-16.977 0.584036634985
-16.7769 0.585192623202
-16.5768 0.646747074683
-16.3767 0.611393322631
-16.1766 0.467421224738
-15.9764 0.33870869303
-15.7763 0.680237727359
-15.5762 0.383489850162
-15.3761 0.333220077333
-15.176 0.615403041513
-14.9759 0.317787777665
-14.7758 0.402456125133
-14.5757 0.146872117069
-14.3755 0.422164873398
-14.1754 0.290403241615
-13.9753 0.269406564771
-13.7752 0.159454122219
-13.5751 0.364852765601
-13.375 0.0940937116189
-13.1749 0.3109110668
-12.9747 0.278100030597
-12.7746 0.379050848028
-12.5745 0.519040481912
-12.3744 0.134862643432
-12.1743 0.102684565585
-11.9742 0.279150718904
-11.774 0.428785704253
-11.5739 0.512261292345
-11.3738 0.282106467037
-11.1737 0.0083468088334
-10.9736 0.106368972048
-10.7734 0.223848609007
-10.5733 0.1461031379
-10.3732 0.25873893347
-10.1731 0.1972285827
-9.97296 0.484367007365
-9.77284 0.261681713026
-9.57272 0.288353848156
-9.3726 0.284060482288
-9.17248 0.419710341878
-8.97236 0.132930701608
-8.77224 0.450088519301
-8.57211 0.695266004619
-8.37199 0.371488832943
-8.17187 0.0999038165168
-7.97175 0.204788321378
-7.77163 0.00785298034458
-7.5715 -0.0179960819501
-7.37138 0.112307167864
-7.17125 -0.0704360267295
-6.97113 0.132162849261
-6.77101 0.0475594274569
-6.57088 0.0964683616213
-6.37076 0.0465949338268
-6.17063 0.564178683495
-5.97051 0.109926867607
-5.77038 -0.00631460964396
-5.57025 0.0415833118783
-5.37013 0.39544152874
-5.17 0.16420931948
-4.96987 0.0876922527941
-4.76975 0.0151777144516
-4.56962 -0.0587286287734
-4.36949 0.0648022771017
-4.16937 0.150611233505
-3.96924 0.000680364141042
-3.76911 0.0409810102222
-3.56898 0.00717320825195
-3.36885 -0.150765574526
-3.16872 0.0124584640502
-2.96859 0.0714880724873
-2.76846 0.00461906100007
-2.56833 0.0077789276718
-2.3682 -0.034929315745
-2.16807 0.0382067780022
-1.96794 0.0360729002067
-1.76781 0.346281938812
-1.56768 0.319157251128
-1.36755 0.244726699524
-1.16742 0.0306802751011
-0.967284 -0.112030870124
-0.767152 0.0816804106467
-0.567019 0.551932809547
-0.366886 0.923199576328
-0.166753 0.0736005312852
0.0333802 -0.0155806723411
0.233514 0.0992991682584
0.433648 -0.00441449884044
0.633782 0.0121666191053
0.833917 0.382312113033
1.03405 0.0332119199637
1.23419 0.220876374035
1.43432 0.0130302443208
1.63446 0.37696820119
1.83459 -0.0103000786873
2.03473 0.0550494948693
2.23487 0.401866555105
2.435 -0.00402298011757
2.63514 -0.0391549554859
2.83528 0.307841294964
3.03541 0.0673811043656
3.23555 0.214935055299
3.43569 0.0351961672737
3.63583 0.0480901440146
3.83597 -0.00137327104579
4.0361 -0.0188425643019
4.23624 0.0862216186921
4.43638 -0.0206230695708
4.63652 -0.127626823951
4.83666 -0.0872055343562
5.0368 -0.0270993636674
5.23694 -0.121437050672
5.43708 0.0333979995302
5.63722 0.0242006859868
5.83737 -0.0668804035137
6.03751 0.0422582070298
6.23765 0.0787603244
6.43779 0.00553772744923
6.63793 0.0733513199532
6.83808 0.0525570570163
7.03822 0.00822888328487
7.23836 -0.0342439321717
7.4385 -0.0636484659991
7.63865 0.0161330188652
7.83879 0.0197571640649
8.03894 0.0509790651866
8.23908 -0.0553954419676
8.43923 0.0623960117866
8.63937 0.170178482876
8.83951 0.0634577460537
9.03966 0.164792783743
9.23981 0.0989017536355
9.43995 0.109919324317
9.6401 0.233489681006
9.84025 0.145514333944
10.0404 0.704132233182
10.2405 0.686487225456
10.4407 0.497673530441
10.6408 0.0683101060076
10.841 0.649514662972
11.0411 0.490110500195
11.2413 0.380049254089
11.4414 0.459763612348
11.6416 0.214958948893
11.8417 0.524898407377
12.0419 0.297494332827
12.242 0.611028633938
12.4422 0.261494370086
12.6423 0.551776479153
12.8425 0.52880641077
13.0426 0.643561601636
13.2428 0.560636352406
13.4429 0.13303110818
13.6431 0.428250829259
13.8432 0.485166642478
14.0434 0.380420451696
14.2435 0.449364553575
14.4437 0.359013235148
14.6438 0.399487766387
14.844 0.699707079708
15.0441 0.412207110638
15.2443 0.275564910546
15.4445 0.288540896276
15.6446 0.472183839147
15.8448 0.41230424371
16.0449 0.815823480807
16.2451 0.295011570003
16.4452 0.251417728348
16.6454 0.590006922093
16.8455 0.546758627808
17.0457 0.419795625646
17.2459 0.365299310671
17.446 0.49702830597
17.6462 0.901647570154
17.8463 0.520523702953
18.0465 0.686518170141
18.2466 1.06393514368
18.4468 0.719818396892
18.647 0.54637411861
18.8471 0.827928108307
19.0473 1.00939510093
19.2474 0.824883940284
19.4476 0.318057966776
19.6478 0.569771905061
19.8479 0.770547774908
20.0481 0.512858259644
20.2482 0.441624337172
20.4484 0.78686569154
20.6486 1.06036069637
20.8487 0.74835622871
21.0489 0.578817201189
21.249 0.450862254608
21.4492 0.640758488121
21.6494 0.77246299264
21.8495 0.708420007508
22.0497 0.654504401929
22.2498 0.725981061533
22.45 0.852059565445
22.6502 0.570476967567
22.8503 0.69317572874
23.0505 0.592918233282
23.2507 0.676849243267
23.4508 0.589238926962
23.651 0.695108623197
23.8512 0.760618452748
24.0513 0.736060650608
24.2515 1.10340236691
24.4517 1.20202006827
24.6518 0.620382616532
24.852 1.10604220698
25.0522 0.588273906748
25.2523 0.977191054017
25.4525 1.10412746709
25.6527 0.679554632309
25.8528 0.827547703876
26.053 0.986107029154
26.2532 0.849868976416
26.4533 1.13554181708
26.6535 0.925108609288
26.8537 0.913853677548
27.0538 1.03531835915
27.254 0.88222427859
27.4542 0.86227265723
27.6544 0.89718562468
27.8545 1.1584236733
28.0547 1.03140362266
28.2549 0.847382022485
28.455 1.22864822494
28.6552 0.835008349737
28.8554 0.767801059588
29.0556 0.605591366924
29.2557 0.789214952984
29.4559 1.07877147048
29.6561 1.01512300778
29.8562 1.11914745645
30.0564 0.955842654156
30.2566 0.997640763813
30.4568 0.843037007255
30.6569 0.911792511972
30.8571 0.851063470562
31.0573 0.962111588062
31.2575 0.995490382934
31.4576 1.00369454804
31.6578 1.03793806853
31.858 0.978528816084
32.0582 0.952745152943
32.2583 0.874289468136
32.4585 0.983258918077
32.6587 0.946474911443
32.8589 0.973408389223
33.0591 0.91361455884
33.2592 1.04089569786
33.4594 1.01517601506
33.6596 1.21520535185
33.8598 1.3068638774
34.0599 0.99261791108
34.2601 1.18453388472
34.4603 0.902462367755
34.6605 1.14414256513
34.8607 1.05913287804
35.0608 0.793714137994
35.261 1.14373751741
35.4612 0.997288025639
35.6614 1.0249230192
35.8616 0.864673816603
36.0617 0.713824904636
36.2619 1.08705776949
36.4621 0.826471615325
36.6623 0.764178105941
36.8625 1.03132794061
37.0627 0.939484287979
37.2628 1.14165571002
37.463 1.03247158032
37.6632 0.844802526332
37.8634 0.849088335437
38.0636 0.985731102701
38.2638 0.913442964803
38.4639 0.9835333317
38.6641 1.05072869541
38.8643 0.928752860841
39.0645 0.855480003503
39.2647 1.05893939915
39.4649 0.907960146802
39.6651 0.961286734453
39.8652 1.0207794304
40.0654 1.09403980449
40.2656 0.957587919331
40.4658 1.18755557328
40.666 1.05582511664
40.8662 0.911043586953
41.0664 1.07379413789
41.2666 0.825636484471
41.4668 1.04014644816
41.6669 0.805179511748
41.8671 0.675363792254
42.0673 1.03803825577
42.2675 1.11808993583
42.4677 1.02730437806
42.6679 0.803973919625
42.8681 1.07201450983
43.0683 1.05373459894
43.2685 1.05123427843
43.4687 0.970823223335
43.6688 0.679056311837
43.869 0.926813090312
44.0692 0.788546413277
44.2694 0.994716361079
44.4696 1.0509482104
44.6698 0.988188345727
44.87 0.930209283199
45.0702 0.994411089259
45.2704 0.99010064458
45.4706 0.869648570242
45.6708 0.864399888293
45.871 0.818131473939
46.0712 0.889901707814
46.2714 1.00571643041
46.4716 0.881369190443
46.6718 0.804829027236
46.8719 0.93910750949
47.0721 1.01510466526
47.2723 1.04904758907
47.4725 1.05823979388
47.6727 1.00675457532
47.8729 0.941189262686
48.0731 1.11296047893
48.2733 1.13839263709
48.4735 1.05104295394
48.6737 1.03848371614
48.8739 1.05696945454
49.0741 1.04944106178
49.2743 1.04491916834
49.4745 1.14855504183
49.6747 1.0272073922
49.8749 1.02908284556
50.0751 1.03414016343
50.2753 0.912090181589
50.4755 0.968712558007
50.6757 1.07149784556
50.8759 1.01002044478
51.0761 1.07031276993
51.2763 1.09992941071
51.4765 0.892750877138
51.6767 1.0661655727
51.8769 0.953692439161
52.0771 0.96252845522
52.2773 0.885548113169
52.4775 0.941905209159
52.6777 0.955487758004
52.8779 0.881895746213
53.0782 0.991658996702
53.2784 1.01311357378
53.4786 0.740165894431
53.6788 1.10759862285
53.879 0.844830150477
54.0792 0.936222363188
54.2794 0.950850970093
54.4796 0.799260561444
54.6798 0.924769216236
54.88 1.03200538511
55.0802 1.10240239723
55.2804 1.07414577314
55.4806 0.985472361067
55.6808 0.739983033952
55.881 1.00187066275
56.0812 0.893913675875
56.2815 1.15917916267
56.4817 0.993309105836
56.6819 1.13268018089
56.8821 0.871431460088
57.0823 1.01306340352
57.2825 0.981563968448
57.4827 1.14108853538
57.6829 1.12314043441
57.8831 1.06591553255
58.0833 0.985959918821
58.2836 1.17727136169
58.4838 0.970261333543
58.684 1.01871690213
58.8842 1.07137955806
59.0844 0.873848745406
59.2846 0.985890827562
59.4848 0.957744455277
59.685 0.992867790803
59.8853 0.911516473578
60.0855 0.968117842471
60.2857 1.12052694055
60.4859 0.989046579267
60.6861 0.981902055204
60.8863 1.00527980158
61.0865 1.09173014641
61.2868 1.05747558788
61.487 1.03706053097
61.6872 1.07814278903
61.8874 1.00934269942
62.0876 0.96712699632
62.2878 0.908142406817
62.4881 1.09219903862
62.6883 0.991326029556
62.8885 0.980572333164
63.0887 0.899590076814
63.2889 0.953040070816
63.4891 1.05993518336
63.6894 1.01938803413
63.8896 1.11005889996
64.0898 1.06495014894
64.29 0.985212029033
64.4902 0.972250037201
64.6905 1.02258329598
64.8907 1.19612384197
65.0909 0.830556836112
65.2911 1.19148332063
65.4913 0.997700505841
65.6916 1.01946909158
65.8918 0.899040410268
66.092 1.00558995412
66.2922 0.902058193007
66.4924 0.887747780996
66.6927 1.18324030109
66.8929 0.976477885849
67.0931 1.05514206359
67.2933 0.962592048416
67.4936 0.909394692063
67.6938 1.13644806541
67.894 1.11102350403
68.0942 1.04600956503
68.2945 0.908705560309
68.4947 1.12213214186
68.6949 0.889967997263
68.8951 1.10557549999
69.0954 0.987781511168
69.2956 0.953784795323
69.4958 1.08252234759
69.696 0.935978239101
69.8963 1.00639125682
70.0965 0.840702596919
70.2967 1.01758597291
70.4969 1.00078816141
70.6972 1.03966865949
70.8974 0.880914169015
71.0976 1.04816767942
71.2979 1.02757644441
71.4981 0.932891227409
71.6983 1.02120570575
71.8985 1.00361667002
72.0988 0.93526795982
72.299 1.19589169438
72.4992 1.15656613786
72.6995 0.982230458932
72.8997 0.89419618063
73.0999 1.03376050714
73.3002 1.21989464265
73.5004 0.974361553945
73.7006 0.866398636068
73.9009 0.909300468012
74.1011 1.03325574022
74.3013 1.1662779832
74.5016 0.940858013153
74.7018 0.884148176456
74.902 1.08879940679
75.1023 0.953108834409
75.3025 1.17116546417
75.5027 1.17259783218
75.703 1.11471209741
75.9032 1.03269801116
76.1034 0.830320265534
76.3037 0.819645956595
76.5039 0.938321373817
76.7041 0.893218885772
76.9044 1.02101946464
77.1046 1.07551982077
77.3048 0.966744465492
77.5051 1.04234832313
77.7053 1.05340876328
77.9056 1.07668633842
78.1058 0.906314529706
78.306 1.03406285787
78.5063 0.954199125171
78.7065 1.14890031882
78.9067 1.06743820186
79.107 0.879049172517
79.3072 0.951901894088
79.5075 0.812538983841
79.7077 1.11598311479
79.9079 1.07644616766
80.1082 1.01210942754
80.3084 0.933345756389
80.5087 1.02474576341
80.7089 0.89427291172
80.9091 0.994813585446
81.1094 1.10003006999
81.3096 1.01838062776
81.5099 1.05544040929
81.7101 1.09012516251
81.9104 0.976997075636
82.1106 1.06760732385
82.3108 0.907925988345
82.5111 1.22986724043
82.7113 1.14123011371
82.9116 1.17874445665
83.1118 0.876954004161
83.3121 1.07580773597
83.5123 0.911778661027
83.7126 0.974159548316
83.9128 0.998565924965
84.113 1.05460999673
84.3133 0.909456606979
84.5135 0.850159746551
84.7138 0.953328735743
84.914 1.08775988461
85.1143 0.91286652948
85.3145 1.22313694428
85.5148 1.1568650392
85.715 0.965434950691
85.9153 0.883963796367
86.1155 0.922575309505
86.3158 0.884099966601
86.516 1.10701816973
86.7163 0.989762372342
86.9165 1.01755966266
87.1168 1.12228260551
87.317 0.940324206738
87.5173 0.84223221784
87.7175 1.02362404734
87.9178 0.996620908376
88.118 0.997876630748
88.3183 1.03010541515
88.5185 0.999459655383
88.7188 0.977945828296
88.919 0.860112858086
89.1193 1.06919551821
89.3195 0.933984951967
89.5198 0.909373135201
89.72 0.93065686551
89.9203 0.873603670173
90.1205 1.02204264459
90.3208 1.03497365691
90.521 1.12516488313
90.7213 1.12695367308
90.9216 1.02131399881
91.1218 1.01725644623
91.3221 0.995802539427
91.5223 0.866744528424
91.7226 0.861828152088
91.9228 0.95193742215
92.1231 1.0358381553
92.3233 1.17808619383
92.5236 0.893024039269
92.7239 0.889743783037
92.9241 0.922195698299
93.1244 0.919117753936
93.3246 0.938880610549
93.5249 0.871816431926
93.7252 0.910657270562
93.9254 0.965933984103
94.1257 1.04190768346
94.3259 0.943984034912
94.5262 1.05440717234
94.7264 1.03915989848
94.9267 1.02950488639
95.127 0.935931423449
95.3272 1.00804385553
95.5275 0.925029781808
95.7278 1.01613028278
95.928 1.13782741822
96.1283 0.942701015391
96.3285 1.23282826339
96.5288 1.08990633483
96.7291 0.754311602444
96.9293 0.8413385191
97.1296 0.905711936963
97.3298 0.879547596135
97.5301 1.04591927209
97.7304 0.951627356762
97.9306 1.14943443202
98.1309 1.08558582868
98.3312 1.0608916176
98.5314 0.959853444218
98.7317 0.965956481363
98.932 1.04012352193
99.1322 1.01440775003
99.3325 0.860674148533
99.5328 1.0248432354
99.733 1.08648082477
99.9333 1.06780519686
