-100.0 0.23434775965
-99.8 0.963133768743
-99.6 0.896374639644
-99.4 1.04361117052
-99.2 0.345282514539
-99.0 0.499960271554
-98.8 0.783739296132
-98.6 0.947007792839
-98.4 0.771180737703
-98.2 1.42669602376
-98.0 0.974894373742
-97.8 1.06118053934
-97.6 1.08020420163
-97.4 1.23991642864
-97.2 0.890364249314
-97.0 1.05273075741
-96.8 1.29740118113
-96.6 0.748739522944
-96.4 0.610987936585
-96.2 0.423486413876
-95.9999 1.18738443383
-95.7999 0.941141165907
-95.5999 1.10278008856
-95.3999 1.12736661464
-95.1999 1.11524631095
-94.9999 1.2755840653
-94.7999 0.991570908819
-94.5999 0.961826523079
-94.3999 1.08242505909
-94.1999 0.807047746313
-93.9999 1.23817545079
-93.7999 1.07035564337
-93.5999 0.881802682718
-93.3999 0.700932487858
-93.1999 0.860284748034
-92.9998 1.37740337586
-92.7998 1.70769503186
-92.5998 1.60785544206
-92.3998 0.578884707696
-92.1998 0.666942820527
-91.9998 0.658282430781
-91.7998 0.429803617012
-91.5998 1.08668713711
-91.3998 0.941321143619
-91.1997 0.559113436719
-90.9997 0.777962549953
-90.7997 0.480817716355
-90.5997 0.700104807754
-90.3997 0.677358773067
-90.1997 0.919262162827
-89.9997 0.514724250201
-89.7997 0.955844836377
-89.5996 0.934393485472
-89.3996 0.363556523255
-89.1996 1.34502596423
-88.9996 0.854116185952
-88.7996 1.087935851
-88.5996 1.05676775631
-88.3996 1.06947670997
-88.1995 0.715855497285
-87.9995 0.375777647358
-87.7995 1.36907182205
-87.5995 0.211802189846
-87.3995 1.44774106829
-87.1995 0.660459361523
-86.9994 2.02351013068
-86.7994 1.19381063163
-86.5994 1.17453576397
-86.3994 1.16924635737
-86.1994 1.44042513154
-85.9994 1.0148405696
-85.7993 1.36734024269
-85.5993 1.41533045796
-85.3993 0.211521857447
-85.1993 0.508779606072
-84.9993 0.805751311705
-84.7992 0.758315917851
-84.5992 0.965390843896
-84.3992 1.08846322736
-84.1992 1.64725706619
-83.9991 0.841702960402
-83.7991 0.890860314727
-83.5991 1.23004696543
-83.3991 1.40170796188
-83.1991 1.34956324894
-82.999 1.17292819332
-82.799 1.19372081415
-82.599 0.344525564604
-82.399 1.03986085674
-82.1989 1.2860491148
-81.9989 1.28991790122
-81.7989 1.01445270362
-81.5989 0.993334835486
-81.3988 0.560794382856
-81.1988 1.31049882587
-80.9988 0.73737400446
-80.7988 1.0208225415
-80.5987 0.75673447925
-80.3987 1.09380210495
-80.1987 0.844489433771
-79.9987 1.33599104495
-79.7986 0.767549659821
-79.5986 1.07956325107
-79.3986 1.29089815098
-79.1986 1.1939273536
-78.9985 1.37329669727
-78.7985 0.739447211547
-78.5985 0.723701386602
-78.3984 1.40871048503
-78.1984 0.967913360807
-77.9984 0.963665478853
-77.7984 0.433072492656
-77.5983 0.884917547724
-77.3983 1.18793173209
-77.1983 1.34917040468
-76.9982 1.56312333266
-76.7982 1.10779822441
-76.5982 1.50651624966
-76.3981 0.502200562351
-76.1981 1.48479236351
-75.9981 1.41396419452
-75.798 0.92158023527
-75.598 0.971451930368
-75.398 0.845016654621
-75.198 1.64824834861
-74.9979 1.40010391192
-74.7979 1.82110375631
-74.5978 1.01337800066
-74.3978 1.72700046672
-74.1978 0.578168847058
-73.9977 1.04153480027
-73.7977 0.788406867205
-73.5977 1.46699775564
-73.3976 0.644621206995
-73.1976 2.073831797
-72.9976 0.97896778924
-72.7975 1.53098766721
-72.5975 0.946269472263
-72.3975 0.64159884393
-72.1974 0.989815572719
-71.9974 0.639174495235
-71.7973 1.03831621071
-71.5973 1.2747833303
-71.3973 1.7155468189
-71.1972 1.03517668732
-70.9972 2.09489353854
-70.7972 0.52608145839
-70.5971 0.665040402219
-70.3971 0.902630277594
-70.197 0.22281382458
-69.997 0.267531340139
-69.797 0.633882905085
-69.5969 1.74360907213
-69.3969 1.24430737705
-69.1968 0.612898492702
-68.9968 1.40457178102
-68.7968 1.42022590913
-68.5967 0.621808906576
-68.3967 1.94656056899
-68.1966 0.469128535051
-67.9966 0.58783583516
-67.7965 0.733639916947
-67.5965 0.859736796171
-67.3965 1.47314111357
-67.1964 1.15795900006
-66.9964 0.936959335289
-66.7963 1.46101758037
-66.5963 1.17645979664
-66.3962 0.702350782368
-66.1962 0.567980516003
-65.9961 1.00850484151
-65.7961 0.348182442715
-65.5961 1.19938695468
-65.396 1.26512582661
-65.196 0.822315984642
-64.9959 1.02339207151
-64.7959 1.57224316335
-64.5958 0.812420461503
-64.3958 1.51513760914
-64.1957 0.276406157852
-63.9957 0.406094335496
-63.7956 1.26074111463
-63.5956 1.24612395529
-63.3955 1.52335162935
-63.1955 0.176902004211
-62.9954 0.729831433812
-62.7954 1.66030860666
-62.5953 0.526810347643
-62.3953 1.09929254081
-62.1952 1.02032018016
-61.9952 0.883773471679
-61.7951 0.945263269413
-61.5951 0.489411504422
-61.395 0.449438501684
-61.195 1.20528368631
-60.9949 1.08294852132
-60.7949 1.29955326871
-60.5948 0.789924189278
-60.3948 1.10786344358
-60.1947 1.32150200825
-59.9947 1.47641553085
-59.7946 0.712396638376
-59.5946 0.733589659671
-59.3945 1.75265232441
-59.1944 1.17064342379
-58.9944 1.34873144666
-58.7943 0.503164234744
-58.5943 0.725405527013
-58.3942 0.408539360935
-58.1942 0.594612200279
-57.9941 1.51002980607
-57.7941 0.584620969521
-57.594 1.31618833569
-57.3939 0.855044988769
-57.1939 0.705299826903
-56.9938 0.092280467688
-56.7938 1.31985686345
-56.5937 0.960811599281
-56.3937 0.933441429628
-56.1936 1.52520160053
-55.9935 0.87544621551
-55.7935 0.318091041481
-55.5934 0.443444364649
-55.3934 0.990773820797
-55.1933 0.754471552944
-54.9932 1.22862895855
-54.7932 0.881667877474
-54.5931 0.995769315257
-54.3931 0.885393707297
-54.193 1.12067558575
-53.9929 1.20239676818
-53.7929 1.62075830876
-53.5928 1.57180660274
-53.3928 0.625453216682
-53.1927 1.22565385905
-52.9926 0.687413386393
-52.7926 0.81905209368
-52.5925 1.67352553107
-52.3924 1.48319315269
-52.1924 1.36454837313
-51.9923 1.25222262341
-51.7922 0.525577495723
-51.5922 0.213064937509
-51.3921 0.602947256963
-51.1921 1.14581325978
-50.992 0.992179335266
-50.7919 0.710345566617
-50.5919 1.18136600537
-50.3918 0.758181657622
-50.1917 2.11311786435
-49.9917 1.43116287671
-49.7916 1.58787475639
-49.5915 0.765305081906
-49.3915 1.56977079161
-49.1914 1.43072413229
-48.9913 0.923949670522
-48.7913 1.11339146282
-48.5912 0.961668372818
-48.3911 1.11454089728
-48.191 1.19611810084
-47.991 1.41774984212
-47.7909 1.83063553718
-47.5908 0.829115024301
-47.3908 1.14712278539
-47.1907 0.473212479906
-46.9906 0.32385124509
-46.7906 1.05431388952
-46.5905 1.70729634197
-46.3904 1.11318273377
-46.1903 0.432700283778
-45.9903 1.47938261185
-45.7902 1.06686715475
-45.5901 1.0904159678
-45.3901 0.858605340237
-45.19 1.54705559578
-44.9899 0.82406379944
-44.7898 0.873614083378
-44.5898 0.813373155724
-44.3897 0.833123528617
-44.1896 0.536506324535
-43.9895 0.64639261632
-43.7895 1.15798110883
-43.5894 0.942684912816
-43.3893 1.86761294361
-43.1892 1.55609207148
-42.9892 0.42268294781
-42.7891 0.784563748043
-42.589 1.30233876845
-42.3889 0.891074102379
-42.1889 0.639376062417
-41.9888 0.382130952838
-41.7887 0.845789179134
-41.5886 1.03559136287
-41.3885 0.487189291308
-41.1885 0.980369125795
-40.9884 0.844751949468
-40.7883 0.80479199304
-40.5882 1.22070656921
-40.3881 0.441433046986
-40.1881 1.93298000106
-39.988 1.24501527897
-39.7879 1.76021514028
-39.5878 1.60513452219
-39.3877 0.494046621328
-39.1877 0.584116097455
-38.9876 2.10261407335
-38.7875 0.641220873151
-38.5874 1.86325291865
-38.3873 1.02420978732
-38.1873 0.843478859341
-37.9872 0.701836668741
-37.7871 1.02505545817
-37.587 0.821246032877
-37.3869 0.713819217929
-37.1868 1.16422316885
-36.9868 0.52479327865
-36.7867 0.460334589569
-36.5866 1.30155186032
-36.3865 1.41240266591
-36.1864 1.29162383123
-35.9863 0.362210362715
-35.7862 0.447511182438
-35.5862 0.50900416923
-35.3861 0.739696749299
-35.186 1.98963435372
-34.9859 0.73415892921
-34.7858 1.26748516331
-34.5857 0.911185978604
-34.3856 1.45429894167
-34.1856 1.64851820108
-33.9855 1.70360067784
-33.7854 1.66475593761
-33.5853 1.20901342691
-33.3852 0.402190414002
-33.1851 0.548865706228
-32.985 0.551270997851
-32.7849 1.98140688269
-32.5848 1.14691709747
-32.3847 1.60136940628
-32.1847 0.779797229288
-31.9846 1.61234466152
-31.7845 0.676255211065
-31.5844 0.860602837344
-31.3843 0.571998842032
-31.1842 1.16160193912
-30.9841 1.27082537662
-30.784 1.14186575534
-30.5839 1.0002355767
-30.3838 0.894937709405
-30.1837 0.898842772523
-29.9836 0.80788408064
-29.7836 1.60568634929
-29.5835 1.05716602142
-29.3834 0.301700444264
-29.1833 2.23029674513
-28.9832 1.1545942198
-28.7831 1.18799814561
-28.583 1.4625213765
-28.3829 1.08589436819
-28.1828 1.02271051282
-27.9827 0.686654484946
-27.7826 1.04952664544
-27.5825 0.868490691481
-27.3824 1.02873311062
-27.1823 1.10415316823
-26.9822 0.418277221136
-26.7821 0.883229639483
-26.582 0.864965298092
-26.3819 0.691317534391
-26.1818 0.964553343138
-25.9817 0.460111437096
-25.7816 0.433006915683
-25.5815 0.752387836502
-25.3814 0.787015279778
-25.1813 0.519436428938
-24.9812 1.92608801682
-24.7811 1.04928462071
-24.581 0.920143526654
-24.3809 0.386678291424
-24.1808 0.91025957293
-23.9807 0.330316596151
-23.7806 0.514530562468
-23.5805 0.0913715913983
-23.3804 0.776970127355
-23.1803 1.09006649561
-22.9802 1.21158944034
-22.7801 0.27004168525
-22.58 0.0841931665235
-22.3799 0.29528558332
-22.1798 0.2763428428
-21.9797 0.325295850124
-21.7796 0.115227501999
-21.5795 0.714622957269
-21.3794 0.705113738458
-21.1793 1.3509819618
-20.9792 0.566331562056
-20.7791 1.06842539278
-20.579 0.388209922196
-20.3789 0.911782410651
-20.1787 0.345831230264
-19.9786 0.326026194537
-19.7785 0.511067918541
-19.5784 -0.164877084061
-19.3783 0.72971007027
-19.1782 0.868062855949
-18.9781 0.370311698604
-18.778 0.885584420932
-18.5779 0.101643157329
-18.3778 0.610985714213
-18.1777 1.24849326171
-17.9776 0.45810503499
-17.7774 0.40423903709
-17.5773 0.450545983454
-17.3772 0.958175733532
-17.1771 0.374910596309
-16.977 1.01695435633
-16.7769 0.453019474852
-16.5768 0.282455033156
-16.3767 0.706736241541
-16.1766 0.385533630543
-15.9764 0.329399362882
-15.7763 0.227328862536
-15.5762 0.19240109355
-15.3761 0.0870215898839
-15.176 0.147271932917
-14.9759 -0.067203764866
-14.7758 -0.15066460876
-14.5757 0.0932627231691
-14.3755 0.192199689036
-14.1754 0.879623148608
-13.9753 0.013988073147
-13.7752 -0.133752656757
-13.5751 -0.19008483701
-13.375 0.0568597648826
-13.1749 -0.0972738312497
-12.9747 0.140684754062
-12.7746 0.28048819593
-12.5745 0.575707703271
-12.3744 0.0698039476265
-12.1743 -0.130976112552
-11.9742 0.204622875866
-11.774 -0.437797502055
-11.5739 0.061598483251
-11.3738 0.184758892133
-11.1737 0.0587307887471
-10.9736 0.377226101997
-10.7734 0.332051240833
-10.5733 0.894636957853
-10.3732 0.341365487707
-10.1731 -0.0829543677748
-9.97296 0.119255765863
-9.77284 0.424100811587
-9.57272 0.706439409424
-9.3726 0.0673100010948
-9.17248 0.883598229474
-8.97236 0.234471637893
-8.77224 0.355543339863
-8.57211 1.15251274348
-8.37199 0.486302560215
-8.17187 1.10300712367
-7.97175 0.0579860089276
-7.77163 0.385685185167
-7.5715 1.52271122205
-7.37138 0.0370557263558
-7.17125 0.327733171053
-6.97113 0.807724968854
-6.77101 0.41518623525
-6.57088 0.0394156625166
-6.37076 1.17729365932
-6.17063 0.357055936969
-5.97051 0.400002472633
-5.77038 0.736434783714
-5.57025 1.03034035697
-5.37013 0.0878067333802
-5.17 0.477144852245
-4.96987 0.450493020914
-4.76975 0.216045187905
-4.56962 -0.118163497214
-4.36949 1.2546506953
-4.16937 0.197466750742
-3.96924 0.183002692456
-3.76911 0.437169347865
-3.56898 -0.162360600363
-3.36885 -0.0655558972728
-3.16872 -0.0531948680168
-2.96859 0.163151003819
-2.76846 0.0702198015917
-2.56833 0.469186804134
-2.3682 -0.257807465264
-2.16807 0.760128353327
-1.96794 0.509644415428
-1.76781 -0.160673339919
-1.56768 -0.436354705682
-1.36755 -0.357731796446
-1.16742 -0.156416958945
-0.967284 0.176920139211
-0.767152 0.396142225451
-0.567019 0.545849182363
-0.366886 0.193643054205
-0.166753 1.47254691761
0.0333802 0.505734576867
0.233514 -0.24848696774
0.433648 0.387618828993
0.633782 2.69806522918
0.833917 0.535973230282
1.03405 0.190519919183
1.23419 1.64085414825
1.43432 0.261528740848
1.63446 -0.279555289631
1.83459 0.961905684131
2.03473 0.0944646273286
2.23487 0.786472006443
2.435 0.112214537207
2.63514 -0.114615823652
2.83528 -0.148380543413
3.03541 -0.655757060003
3.23555 0.392357151388
3.43569 -0.103473350398
3.63583 0.105514245939
3.83597 0.480492895917
4.0361 -0.302031906928
4.23624 -0.363171917117
4.43638 0.0319150999782
4.63652 -0.0433427899595
4.83666 -0.0186065859508
5.0368 0.364975600142
5.23694 -0.107788290754
5.43708 0.631979458763
5.63722 0.603810685446
5.83737 -0.333776692811
6.03751 0.305915635802
6.23765 0.0690434110186
6.43779 0.489172419475
6.63793 0.28962655114
6.83808 0.38123634309
7.03822 0.00600821764209
7.23836 0.0684077501325
7.4385 -0.191246207712
7.63865 0.111469170949
7.83879 0.724341800008
8.03894 0.526428757834
8.23908 0.318083579676
8.43923 0.298553598593
8.63937 0.338432964438
8.83951 0.282415382215
9.03966 0.353725174941
9.23981 0.165064868069
9.43995 2.05648660395
9.6401 0.920357439098
9.84025 0.0840938749885
10.0404 0.554741133218
10.2405 0.236154165833
10.4407 0.151322286601
10.6408 0.0881562611738
10.841 0.288555349266
11.0411 -0.275162044393
11.2413 -0.101930264358
11.4414 0.611840363706
11.6416 0.0458673272285
11.8417 0.301031524323
12.0419 0.866691679674
12.242 0.896093212923
12.4422 0.062290734147
12.6423 0.513979222277
12.8425 1.63686967309
13.0426 0.538460395617
13.2428 0.417473336254
13.4429 0.138420583519
13.6431 1.53302623415
13.8432 0.390702330778
14.0434 0.459026299299
14.2435 0.819827280598
14.4437 1.19443025724
14.6438 1.00726363065
14.844 1.23506714483
15.0441 0.59980697664
15.2443 0.907127600185
15.4445 0.851697446167
15.6446 0.00547756034341
15.8448 0.105304083245
16.0449 0.270262379552
16.2451 0.232482105497
16.4452 0.53911751441
16.6454 0.470688086538
16.8455 1.40532494955
17.0457 1.43483307605
17.2459 1.20361710965
17.446 1.15619729397
17.6462 0.88639292532
17.8463 0.404856807278
18.0465 0.167801162655
18.2466 0.509002199937
18.4468 0.847867123392
18.647 1.62742774749
18.8471 1.72046246523
19.0473 1.01962872216
19.2474 1.60519795657
19.4476 1.74429632394
19.6478 1.11086325711
19.8479 0.317071108954
20.0481 0.927713053142
20.2482 0.323228405753
20.4484 1.26118566384
20.6486 0.882157903699
20.8487 1.15595857609
21.0489 1.00505091521
21.249 0.473258411447
21.4492 0.814745011727
21.6494 1.85065684885
21.8495 0.336528889053
22.0497 0.950522927582
22.2498 0.546314316851
22.45 0.265426452117
22.6502 0.719833054047
22.8503 0.102681969783
23.0505 0.718995174748
23.2507 0.251147651071
23.4508 1.02760476623
23.651 0.808124936866
23.8512 1.37143418143
24.0513 1.77153568387
24.2515 1.71408263018
24.4517 1.19297327418
24.6518 0.569840436906
24.852 0.566693972053
25.0522 1.48904168483
25.2523 1.33113366728
25.4525 0.441942269082
25.6527 0.516877789709
25.8528 0.260330357337
26.053 0.146789301047
26.2532 1.06670171578
26.4533 1.38968363816
26.6535 1.76613979204
26.8537 0.656869645888
27.0538 0.917790948197
27.254 1.43359768005
27.4542 0.502671776828
27.6544 1.04453999495
27.8545 0.671360209464
28.0547 0.95391047343
28.2549 0.455638136423
28.455 0.538924464938
28.6552 0.414931401057
28.8554 0.520415376016
29.0556 0.448236015912
29.2557 0.561197899273
29.4559 0.207092633424
29.6561 0.476569406612
29.8562 1.45254416697
30.0564 0.745428193944
30.2566 0.243619349171
30.4568 1.14652772734
30.6569 1.0814174814
30.8571 0.97054862353
31.0573 0.653594808851
31.2575 0.691497733022
31.4576 1.16527528868
31.6578 1.49350044519
31.858 1.21411719018
32.0582 1.21319727507
32.2583 1.09164360849
32.4585 1.11230866363
32.6587 0.498472544527
32.8589 0.274277155531
33.0591 0.216403223084
33.2592 1.52807544313
33.4594 0.693173409619
33.6596 0.500351143766
33.8598 0.787511089994
34.0599 1.05443351034
34.2601 1.00021471887
34.4603 0.3562506566
34.6605 0.558843072378
34.8607 1.25030340126
35.0608 0.832470554321
35.261 1.0988412502
35.4612 1.23585161411
35.6614 0.132174370533
35.8616 0.65134709759
36.0617 0.835943141586
36.2619 0.867562765701
36.4621 0.880675416599
36.6623 1.25600489415
36.8625 1.80379427726
37.0627 0.470764871489
37.2628 1.01082822307
37.463 1.0273539165
37.6632 1.28082335408
37.8634 0.561931509298
38.0636 0.350598311424
38.2638 1.31262932991
38.4639 0.909006256703
38.6641 1.19591252375
38.8643 0.922036280406
39.0645 0.797820385218
39.2647 0.991006615641
39.4649 1.22349941341
39.6651 0.282437259242
39.8652 0.745571513778
40.0654 1.33013464701
40.2656 0.837545833853
40.4658 0.143171360197
40.666 1.41758189831
40.8662 0.88579727512
41.0664 0.316005038631
41.2666 1.19122662573
41.4668 0.665065882732
41.6669 0.541587730584
41.8671 0.972364198674
42.0673 0.936808651974
42.2675 0.897131557696
42.4677 0.520200694764
42.6679 1.02689439477
42.8681 0.785365337254
43.0683 1.14374131939
43.2685 1.07808703366
43.4687 0.837662993344
43.6688 1.37168941887
43.869 1.35776413808
44.0692 1.31991516817
44.2694 0.924579504375
44.4696 0.685837002473
44.6698 0.64233352846
44.87 1.93252350391
45.0702 0.828721442404
45.2704 1.51583157506
45.4706 2.55665048524
45.6708 1.33873062821
45.871 0.696629346248
46.0712 0.953052231479
46.2714 0.654399003597
46.4716 0.604541377636
46.6718 1.40452378981
46.8719 1.10416660744
47.0721 1.29751062322
47.2723 1.10765772451
47.4725 0.770787933925
47.6727 0.759934397067
47.8729 1.25673374097
48.0731 0.919228771694
48.2733 1.62129134732
48.4735 1.00046751828
48.6737 1.420979248
48.8739 0.840850499477
49.0741 1.49720963367
49.2743 0.445444863765
49.4745 1.08127979527
49.6747 0.706583989408
49.8749 0.807410050205
50.0751 1.58218891219
50.2753 1.40976929005
50.4755 1.61552617263
50.6757 0.264021635472
50.8759 0.754416126504
51.0761 1.23496170447
51.2763 1.03622902979
51.4765 1.13097566011
51.6767 0.830908467853
51.8769 1.13563653042
52.0771 1.01251315457
52.2773 0.301645298817
52.4775 1.13823474492
52.6777 0.818008089374
52.8779 0.565895641279
53.0782 0.99199759885
53.2784 0.970413798175
53.4786 1.39845570231
53.6788 0.751470965055
53.879 1.15924160272
54.0792 0.780918018255
54.2794 0.673812588109
54.4796 1.23138226216
54.6798 1.432286716
54.88 1.07122871644
55.0802 1.27542874594
55.2804 0.869164521754
55.4806 1.15446981587
55.6808 1.12700111951
55.881 1.30030608747
56.0812 0.656222340706
56.2815 0.725017134874
56.4817 0.78308893019
56.6819 0.248730311965
56.8821 1.38173881277
57.0823 0.86313183061
57.2825 0.537400964391
57.4827 1.2389829149
57.6829 0.573579959103
57.8831 0.797696613691
58.0833 1.70148029038
58.2836 1.02257117981
58.4838 0.817844638276
58.684 0.494753249558
58.8842 1.48273241318
59.0844 0.748083938874
59.2846 1.17356061675
59.4848 0.57741552147
59.685 1.21301278639
59.8853 1.24079182286
60.0855 0.855335875857
60.2857 0.936835376175
60.4859 1.16882925794
60.6861 0.544855737064
60.8863 1.23501128741
61.0865 0.514932085588
61.2868 0.538334257394
61.487 1.4855893216
61.6872 0.84955418721
61.8874 1.17624189584
62.0876 1.24947253436
62.2878 1.05074114404
62.4881 1.27003991484
62.6883 1.15113142232
62.8885 0.199699669678
63.0887 1.14246021455
63.2889 1.18952312829
63.4891 0.751992334371
63.6894 1.49084511585
63.8896 0.330890354915
64.0898 0.601502524881
64.29 1.40469041177
64.4902 1.19891553935
64.6905 0.767556265569
64.8907 0.773978700394
65.0909 0.778189174616
65.2911 1.59540074134
65.4913 0.97397337479
65.6916 1.1891091149
65.8918 1.49572317888
66.092 0.509059007758
66.2922 0.836334878514
66.4924 1.05950613707
66.6927 0.174062845803
66.8929 0.803590468021
67.0931 0.854682984969
67.2933 1.19315272642
67.4936 0.499812872035
67.6938 0.840805851659
67.894 0.876756385715
68.0942 1.76810294735
68.2945 1.18621648386
68.4947 0.42018034212
68.6949 0.528416595421
68.8951 1.23381666036
69.0954 0.689387260782
69.2956 1.03563203093
69.4958 0.688615129859
69.696 1.10111112151
69.8963 1.00138390025
70.0965 1.06644261581
70.2967 0.787245834894
70.4969 0.642453987266
70.6972 1.67772044071
70.8974 1.02812041389
71.0976 0.967149097554
71.2979 1.1875126315
71.4981 1.53437794345
71.6983 1.38937807603
71.8985 0.945907634014
72.0988 0.974895868876
72.299 0.580560974975
72.4992 0.959854778558
72.6995 1.16894001764
72.8997 1.07751304708
73.0999 1.23296506017
73.3002 1.66490390194
73.5004 1.78342000128
73.7006 1.44060764171
73.9009 0.74320250149
74.1011 0.719521195457
74.3013 0.973204731119
74.5016 0.554755489002
74.7018 1.37162240783
74.902 1.61408932071
75.1023 1.12637924822
75.3025 0.973931233428
75.5027 1.18727684067
75.703 1.57076835395
75.9032 0.967992959163
76.1034 0.634195335549
76.3037 1.23676810561
76.5039 1.0185902955
76.7041 1.02765645235
76.9044 0.476112575923
77.1046 1.33173634551
77.3048 1.27794103557
77.5051 0.920979419598
77.7053 0.600298783261
77.9056 1.1705379467
78.1058 0.684571512354
78.306 1.50004960057
78.5063 0.868696503821
78.7065 1.00741197982
78.9067 0.452098258783
79.107 0.632464990725
79.3072 0.86313455861
79.5075 0.933477587157
79.7077 1.43663791656
79.9079 1.04228522865
80.1082 1.63085895628
80.3084 0.603111818542
80.5087 0.895810764464
80.7089 0.61097524395
80.9091 0.693125090159
81.1094 1.34774178435
81.3096 0.360153590989
81.5099 1.09423140242
81.7101 0.863973679571
81.9104 1.11149357776
82.1106 0.610604251984
82.3108 0.729318008919
82.5111 0.947367347808
82.7113 1.04745734258
82.9116 1.31795401377
83.1118 1.03674189533
83.3121 0.591310745448
83.5123 0.820457653732
83.7126 1.42551082684
83.9128 1.02998275767
84.113 0.746839286224
84.3133 1.29309486116
84.5135 1.19601361166
84.7138 1.36371451156
84.914 1.02758832983
85.1143 0.799985623735
85.3145 0.748380256855
85.5148 0.293925866648
85.715 0.84495680711
85.9153 1.33018216303
86.1155 1.24104070468
86.3158 0.719944420149
86.516 1.0573303344
86.7163 1.16859243367
86.9165 0.684515671174
87.1168 1.26822037108
87.317 1.66158904102
87.5173 0.820856151463
87.7175 1.83119435278
87.9178 0.833719225434
88.118 0.966353671887
88.3183 0.907863979618
88.5185 1.27291370413
88.7188 0.832830813077
88.919 1.04619347433
89.1193 1.24566420535
89.3195 0.869166737066
89.5198 1.13125406596
89.72 1.35153200076
89.9203 1.03344738307
90.1205 0.663470569004
90.3208 1.17968460004
90.521 1.00464331324
90.7213 1.15073644787
90.9216 1.30526622585
91.1218 0.64825444366
91.3221 0.993736196084
91.5223 1.12183537248
91.7226 1.19893440543
91.9228 1.5118207779
92.1231 1.10582156573
92.3233 1.0213725687
92.5236 1.24159522677
92.7239 0.776864401333
92.9241 1.27400896985
93.1244 1.23499248138
93.3246 0.96490518121
93.5249 0.803651378762
93.7252 1.47971719998
93.9254 1.21904557932
94.1257 0.704440869534
94.3259 1.08147159656
94.5262 1.35736492612
94.7264 0.585933919901
94.9267 1.35076282823
95.127 1.48008372062
95.3272 0.691417213446
95.5275 1.12533384007
95.7278 1.09126334743
95.928 0.60022246697
96.1283 0.661970988086
96.3285 0.716450007775
96.5288 0.850229673904
96.7291 0.775247499081
96.9293 0.901637653045
97.1296 0.282563655525
97.3298 1.08884117557
97.5301 0.912697630269
97.7304 1.28794104718
97.9306 0.927746749024
98.1309 0.416935771101
98.3312 1.05487814169
98.5314 0.792752359597
98.7317 0.886081483644
98.932 0.788124911142
99.1322 1.05143061097
99.3325 0.930348211746
99.5328 0.793387135819
99.733 0.908064170346
99.9333 0.969066922234
