-100.0 0.872780762317
-99.8 1.14439321586
-99.6 1.11158334373
-99.4 1.12776230646
-99.2 0.923039267186
-99.0 1.0063723855
-98.8 1.15919852211
-98.6 1.00235283641
-98.4 1.0143648547
-98.2 0.917631506555
-98.0 0.842423599173
-97.8 1.10469677665
-97.6 0.936310307644
-97.4 1.08407314007
-97.2 1.24243135854
-97.0 1.05448496323
-96.8 0.889311547735
-96.6 0.892723817341
-96.4 0.872883563175
-96.2 1.08882417046
-95.9999 1.08865018749
-95.7999 1.21625869363
-95.5999 0.892714532981
-95.3999 1.01055588887
-95.1999 0.80382471453
-94.9999 1.21266316889
-94.7999 1.2714492822
-94.5999 0.892295582393
-94.3999 0.937127961084
-94.1999 0.934020938315
-93.9999 0.854194317927
-93.7999 1.22053181686
-93.5999 0.907982107435
-93.3999 1.01270195513
-93.1999 0.874412980059
-92.9998 1.00437315484
-92.7998 1.01221504967
-92.5998 0.957997508537
-92.3998 1.13413888499
-92.1998 0.981450127269
-91.9998 0.855877594595
-91.7998 0.879332054839
-91.5998 0.947163489457
-91.3998 0.983169952859
-91.1997 1.06487453007
-90.9997 0.930953943098
-90.7997 1.11578588971
-90.5997 1.20808478471
-90.3997 0.992092463049
-90.1997 0.873100346348
-89.9997 0.816474851522
-89.7997 1.00523192011
-89.5996 0.737864906707
-89.3996 0.647746199971
-89.1996 0.990537614779
-88.9996 1.01970632442
-88.7996 1.19349739299
-88.5996 1.1135326115
-88.3996 1.12851916673
-88.1995 1.16008427356
-87.9995 0.777945274438
-87.7995 0.850072912693
-87.5995 1.0876109345
-87.3995 0.915991732325
-87.1995 0.796141397783
-86.9994 0.884655177535
-86.7994 1.06089814336
-86.5994 0.88820971267
-86.3994 1.11847584996
-86.1994 1.11947699334
-85.9994 1.10016899026
-85.7993 0.932473896661
-85.5993 0.944725344177
-85.3993 0.998459495147
-85.1993 0.996260613104
-84.9993 1.20532634709
-84.7992 0.963645174226
-84.5992 0.706547098613
-84.3992 0.675026980507
-84.1992 1.04436774029
-83.9991 0.996743008704
-83.7991 1.16779327629
-83.5991 1.07366803897
-83.3991 1.2306494571
-83.1991 1.10652989312
-82.999 1.03100947193
-82.799 0.840215296476
-82.599 1.03083982905
-82.399 0.821551165349
-82.1989 0.795095145722
-81.9989 0.759550355866
-81.7989 0.905756704202
-81.5989 1.05433700925
-81.3988 0.721654557602
-81.1988 1.21385070708
-80.9988 1.37557701608
-80.7988 1.24814265509
-80.5987 1.12357999581
-80.3987 1.03811947575
-80.1987 0.889848729908
-79.9987 0.847300728076
-79.7986 0.954622678809
-79.5986 1.06199927383
-79.3986 0.900653220998
-79.1986 0.642312626719
-78.9985 1.08735872647
-78.7985 1.07463904079
-78.5985 0.840937601083
-78.3984 1.32412167665
-78.1984 1.01887219074
-77.9984 0.861301419961
-77.7984 0.912435040812
-77.5983 1.09242429086
-77.3983 1.10109018696
-77.1983 0.937145409709
-76.9982 1.02644938699
-76.7982 1.16111935592
-76.5982 0.941831541217
-76.3981 0.806805790018
-76.1981 0.974979924048
-75.9981 0.962482309072
-75.798 0.962767867265
-75.598 1.03056901754
-75.398 1.05492987752
-75.198 1.09044684886
-74.9979 1.29626410772
-74.7979 1.11110091992
-74.5978 1.1377534144
-74.3978 1.0356285306
-74.1978 1.12088461395
-73.9977 0.980058819076
-73.7977 1.02103566024
-73.5977 0.945648532229
-73.3976 1.20664394264
-73.1976 1.03988778637
-72.9976 0.871508242434
-72.7975 0.894909940826
-72.5975 0.929395365813
-72.3975 0.976938995794
-72.1974 0.983218416449
-71.9974 1.07128495017
-71.7973 0.958513016251
-71.5973 1.02881098989
-71.3973 1.10313171755
-71.1972 1.18855813757
-70.9972 1.02946973098
-70.7972 0.875998555709
-70.5971 1.25229580717
-70.3971 1.14610497028
-70.197 1.14879160865
-69.997 0.960829005298
-69.797 0.980434717676
-69.5969 1.08626657352
-69.3969 0.988830508872
-69.1968 1.05532161134
-68.9968 1.03539804816
-68.7968 0.835538329787
-68.5967 1.09388807195
-68.3967 1.14203488581
-68.1966 1.01931561242
-67.9966 0.720971204669
-67.7965 0.85368416548
-67.5965 0.823306962157
-67.3965 0.849166073346
-67.1964 1.0884060188
-66.9964 0.972792322253
-66.7963 0.782432963999
-66.5963 0.832561226956
-66.3962 1.45788678946
-66.1962 1.03630082997
-65.9961 1.01090428762
-65.7961 0.970998752298
-65.5961 0.864967288522
-65.396 1.08327769952
-65.196 0.818696769501
-64.9959 1.18369274573
-64.7959 0.74900016423
-64.5958 1.05744038555
-64.3958 1.01629350816
-64.1957 1.09092758799
-63.9957 0.978037110639
-63.7956 0.887001567434
-63.5956 0.973552211802
-63.3955 1.10598796166
-63.1955 1.04739060024
-62.9954 0.924447442046
-62.7954 1.09085710405
-62.5953 0.802442748396
-62.3953 1.15460341072
-62.1952 1.15221951652
-61.9952 1.22511028501
-61.7951 0.774295881367
-61.5951 0.870686000391
-61.395 0.744229241531
-61.195 0.801676157414
-60.9949 1.27953180446
-60.7949 1.28386796214
-60.5948 0.792155329012
-60.3948 0.966486720992
-60.1947 1.05649835688
-59.9947 1.13875974558
-59.7946 0.945753673553
-59.5946 1.19594668649
-59.3945 0.927056804252
-59.1944 0.910325829379
-58.9944 1.07253755565
-58.7943 0.956476310682
-58.5943 0.827525713707
-58.3942 0.794330783592
-58.1942 1.09543902838
-57.9941 0.886064813818
-57.7941 0.846023580204
-57.594 0.914710514116
-57.3939 0.966122081847
-57.1939 1.1810689588
-56.9938 1.13447806104
-56.7938 0.677181748097
-56.5937 0.847999287735
-56.3937 0.92402620282
-56.1936 0.950722662167
-55.9935 1.07065467457
-55.7935 1.03040248486
-55.5934 1.22761997489
-55.3934 0.915287805437
-55.1933 1.33280222577
-54.9932 0.924563153295
-54.7932 0.619101055025
-54.5931 0.838349934536
-54.3931 1.21841774602
-54.193 0.88906843984
-53.9929 1.03923146746
-53.7929 0.902144623808
-53.5928 0.913668910155
-53.3928 0.838718954164
-53.1927 1.07447449615
-52.9926 1.02683178962
-52.7926 0.846231024011
-52.5925 0.987672190448
-52.3924 0.859361091122
-52.1924 1.0051529325
-51.9923 1.02070864584
-51.7922 0.991903702136
-51.5922 0.898273457949
-51.3921 0.941066282424
-51.1921 1.17048845345
-50.992 0.745956133921
-50.7919 0.996357803496
-50.5919 1.03111976974
-50.3918 1.14037881374
-50.1917 1.13419801215
-49.9917 1.02624222357
-49.7916 0.897186525756
-49.5915 0.849565150207
-49.3915 0.977073198237
-49.1914 1.22838793528
-48.9913 1.01742821511
-48.7913 1.00111561803
-48.5912 0.946115811481
-48.3911 0.807355114993
-48.191 1.09214492172
-47.991 1.06017850786
-47.7909 1.03412397088
-47.5908 1.04204980018
-47.3908 1.12384600788
-47.1907 1.26891119772
-46.9906 1.07355996439
-46.7906 1.07351442821
-46.5905 1.38049212218
-46.3904 1.09319159155
-46.1903 0.959008114752
-45.9903 1.34363859504
-45.7902 1.04203655007
-45.5901 0.812299722376
-45.3901 0.949378147089
-45.19 1.21203800203
-44.9899 0.911634048627
-44.7898 1.06381164072
-44.5898 1.02413408737
-44.3897 0.998877046024
-44.1896 1.01884890857
-43.9895 0.813878275012
-43.7895 1.07543786955
-43.5894 1.15951214081
-43.3893 0.837705144072
-43.1892 0.977233963313
-42.9892 1.06030911882
-42.7891 0.956766371836
-42.589 0.910285784555
-42.3889 0.945006552685
-42.1889 1.06407213109
-41.9888 1.04511031991
-41.7887 1.08991344964
-41.5886 0.891601595814
-41.3885 1.20880765578
-41.1885 0.876578036861
-40.9884 1.30997796899
-40.7883 0.912380669695
-40.5882 1.03515523805
-40.3881 0.790938608841
-40.1881 1.24491996314
-39.988 0.875916033135
-39.7879 0.834781685412
-39.5878 0.909580100093
-39.3877 0.803627543826
-39.1877 0.858139264137
-38.9876 0.898962351019
-38.7875 1.01775307236
-38.5874 0.92228067789
-38.3873 0.938925441569
-38.1873 1.0822972059
-37.9872 0.986062929134
-37.7871 1.10647121037
-37.587 0.688733398776
-37.3869 1.07933219801
-37.1868 0.946646920486
-36.9868 0.960054187156
-36.7867 1.5101840173
-36.5866 1.00653564311
-36.3865 1.04741613258
-36.1864 1.01187227771
-35.9863 1.06815252589
-35.7862 1.04394721043
-35.5862 0.877928135893
-35.3861 1.04431128818
-35.186 0.986219094165
-34.9859 0.872484607189
-34.7858 0.882457662206
-34.5857 1.17656156901
-34.3856 1.02354477043
-34.1856 1.07624341038
-33.9855 0.906600848928
-33.7854 1.1356374201
-33.5853 0.939364761854
-33.3852 1.13887551376
-33.1851 0.984401300439
-32.985 1.05225677305
-32.7849 1.2778837413
-32.5848 0.819411391482
-32.3847 1.09426113622
-32.1847 0.913832524826
-31.9846 1.20107064676
-31.7845 1.08985864859
-31.5844 0.953262011648
-31.3843 0.932919767126
-31.1842 0.954791878519
-30.9841 0.877941731922
-30.784 1.01357499937
-30.5839 1.16390207364
-30.3838 1.03766572945
-30.1837 1.03447764374
-29.9836 1.01249758856
-29.7836 1.05872199396
-29.5835 1.14417681154
-29.3834 0.88595299364
-29.1833 1.0318454955
-28.9832 0.991118892449
-28.7831 0.827669271663
-28.583 0.829141079432
-28.3829 1.12177873752
-28.1828 1.08248803261
-27.9827 0.926856972894
-27.7826 1.02401302568
-27.5825 0.945609487806
-27.3824 1.01779776444
-27.1823 0.963799194169
-26.9822 0.790996305402
-26.7821 0.858429562911
-26.582 1.0532386738
-26.3819 1.15444485795
-26.1818 0.948465587337
-25.9817 1.12419191037
-25.7816 1.39140500716
-25.5815 1.04334209216
-25.3814 1.20271243304
-25.1813 0.935843913528
-24.9812 0.673857877451
-24.7811 0.73366441399
-24.581 1.24860415889
-24.3809 1.04471831768
-24.1808 1.18934126979
-23.9807 1.05098097271
-23.7806 0.832817905951
-23.5805 0.746533952273
-23.3804 0.8840960895
-23.1803 1.38576761525
-22.9802 0.971142966792
-22.7801 0.884493393405
-22.58 1.32099367239
-22.3799 1.0981628659
-22.1798 1.09947566738
-21.9797 1.33628782771
-21.7796 1.07730652122
-21.5795 1.05274694805
-21.3794 0.838023194612
-21.1793 1.13222545492
-20.9792 1.04786983551
-20.7791 1.13970350617
-20.579 1.00455652219
-20.3789 1.25714149339
-20.1787 0.925268332167
-19.9786 0.999831010252
-19.7785 0.895005588585
-19.5784 0.961844103028
-19.3783 1.20724494941
-19.1782 1.07045953544
-18.9781 1.2080935428
-18.778 1.35833662548
-18.5779 1.28329558698
-18.3778 0.961473228428
-18.1777 0.851732538878
-17.9776 0.875751109182
-17.7774 0.598455969755
-17.5773 0.972835080866
-17.3772 0.847534667764
-17.1771 0.938171999249
-16.977 1.07002696039
-16.7769 1.25428380186
-16.5768 0.778012009013
-16.3767 0.593717758119
-16.1766 0.789460083565
-15.9764 1.01484495086
-15.7763 0.666561021291
-15.5762 1.04732817524
-15.3761 1.15005928974
-15.176 0.898662932207
-14.9759 0.933392852426
-14.7758 0.968606404248
-14.5757 0.775884315058
-14.3755 1.00023248819
-14.1754 1.16586900382
-13.9753 1.03024421984
-13.7752 0.702736857517
-13.5751 0.763296007692
-13.375 0.690441486583
-13.1749 1.04687907747
-12.9747 1.39882449947
-12.7746 0.981132214691
-12.5745 1.13512446004
-12.3744 0.886024758831
-12.1743 0.975680538204
-11.9742 0.980444334742
-11.774 1.1345287454
-11.5739 0.81637715005
-11.3738 0.691015351637
-11.1737 0.864949213271
-10.9736 1.21220507247
-10.7734 1.17687661571
-10.5733 0.983557027603
-10.3732 0.790982625744
-10.1731 1.08504879901
-9.97296 1.18264917577
-9.77284 0.657710333983
-9.57272 0.893581155139
-9.3726 0.850004030521
-9.17248 1.09958170338
-8.97236 0.73912186947
-8.77224 0.91850566563
-8.57211 0.98337984739
-8.37199 1.06686720265
-8.17187 0.902226143546
-7.97175 1.34934773538
-7.77163 0.54587217454
-7.5715 0.477613302411
-7.37138 0.937744054426
-7.17125 0.786920808322
-6.97113 1.00406225839
-6.77101 1.10583867429
-6.57088 1.22295837889
-6.37076 0.960360083639
-6.17063 0.631591270777
-5.97051 0.590021995542
-5.77038 1.08061045596
-5.57025 1.13445708728
-5.37013 0.963924960496
-5.17 0.896864685032
-4.96987 0.405177669252
-4.76975 0.841093709781
-4.56962 1.08974685715
-4.36949 0.903653981837
-4.16937 0.868665876782
-3.96924 0.588352081156
-3.76911 0.934086398968
-3.56898 0.508842583163
-3.36885 1.03513723652
-3.16872 0.826659581938
-2.96859 0.145166820973
-2.76846 0.696261454166
-2.56833 0.148606997767
-2.3682 0.917481757646
-2.16807 1.07729498336
-1.96794 0.699865346191
-1.76781 0.857107423638
-1.56768 0.773971897614
-1.36755 0.66338746688
-1.16742 1.1805749027
-0.967284 0.700663022136
-0.767152 0.299452381138
-0.567019 0.581347520228
-0.366886 0.918135169321
-0.166753 0.767070500373
0.0333802 0.473501406962
0.233514 0.249118456303
0.433648 0.579383355334
0.633782 0.772836867529
0.833917 1.07054133919
1.03405 0.0379382588077
1.23419 0.86727827423
1.43432 0.412817187227
1.63446 0.392061066487
1.83459 0.0599820394129
2.03473 0.023318736996
2.23487 0.0648869299644
2.435 0.173012723971
2.63514 -0.0856471676438
2.83528 -0.0179030008943
3.03541 -0.0221765963197
3.23555 -0.0803157554684
3.43569 0.161548222643
3.63583 0.1032692815
3.83597 -0.222137728237
4.0361 -0.0667445053319
4.23624 -0.0378282006328
4.43638 -0.0223058740095
4.63652 0.0219479764883
4.83666 0.324512993774
5.0368 0.0400431397893
5.23694 0.00346250580883
5.43708 0.0190225560284
5.63722 -0.0890952616339
5.83737 -0.00240531089745
6.03751 -0.0198209393302
6.23765 -0.0211515990191
6.43779 0.0186466624687
6.63793 0.00467794913932
6.83808 0.0683194092332
7.03822 0.614495084827
7.23836 0.435416041895
7.4385 0.0673491560594
7.63865 0.17660483431
7.83879 0.397916194491
8.03894 0.0524347518027
8.23908 0.268305242106
8.43923 0.181955006939
8.63937 0.229189015059
8.83951 0.222563376493
9.03966 0.128159446287
9.23981 0.307812004196
9.43995 0.107279840168
9.6401 0.184551993612
9.84025 0.358690306889
10.0404 0.077701995981
10.2405 0.368844278399
10.4407 0.294645430755
10.6408 0.679269832114
10.841 0.581538525448
11.0411 0.149374313673
11.2413 0.462904028486
11.4414 0.239490607956
11.6416 0.620335845007
11.8417 0.669662843847
12.0419 0.708341921427
12.242 0.43771332713
12.4422 0.332891141171
12.6423 0.369851096074
12.8425 0.513392074282
13.0426 0.257106262232
13.2428 0.275838282424
13.4429 0.12687685609
13.6431 0.228151509219
13.8432 0.450660324901
14.0434 0.491638085173
14.2435 0.0765744143852
14.4437 0.143859035336
14.6438 0.395373219636
14.844 0.755432204141
15.0441 1.06044945116
15.2443 0.142618108992
15.4445 0.413907156858
15.6446 0.654333421816
15.8448 0.366032725095
16.0449 1.1199479369
16.2451 0.608203562104
16.4452 0.451157566859
16.6454 0.829077200043
16.8455 0.457597798681
17.0457 0.295805420038
17.2459 0.947974748093
17.446 1.05149090207
17.6462 1.03095491115
17.8463 0.911946150418
18.0465 0.85756037908
18.2466 0.73181850308
18.4468 0.397913950106
18.647 0.91366955813
18.8471 0.826676118878
19.0473 0.694937544185
19.2474 0.676736689944
19.4476 0.303465301594
19.6478 1.13015171354
19.8479 0.834755974115
20.0481 0.652528002674
20.2482 0.261251487869
20.4484 0.986510432749
20.6486 0.88399379494
20.8487 1.07375238904
21.0489 1.19917686957
21.249 0.789466404718
21.4492 0.316096290435
21.6494 1.02853613317
21.8495 1.02525778904
22.0497 0.517474898851
22.2498 0.546704551943
22.45 1.25673575229
22.6502 0.790137534331
22.8503 0.786286978848
23.0505 0.473573160495
23.2507 1.03929821076
23.4508 1.28547057846
23.651 0.513133959331
23.8512 1.05974390011
24.0513 0.80972064523
24.2515 1.01467214908
24.4517 0.585623387525
24.6518 0.840192998586
24.852 0.798800567951
25.0522 0.900725885565
25.2523 0.924489825993
25.4525 1.36166880103
25.6527 0.615845603539
25.8528 0.878002915231
26.053 0.851649077904
26.2532 1.04228248415
26.4533 0.791704511064
26.6535 0.731436898493
26.8537 0.842028950473
27.0538 1.24272844238
27.254 1.21999783406
27.4542 1.09630660884
27.6544 0.861539590572
27.8545 0.914466806253
28.0547 0.777093413129
28.2549 0.522139336999
28.455 0.614487666902
28.6552 1.01647090429
28.8554 0.851067926538
29.0556 1.10969396881
29.2557 0.735745292057
29.4559 0.610264777402
29.6561 0.806343710978
29.8562 1.00270912014
30.0564 0.839609656802
30.2566 0.949473264736
30.4568 0.64588353483
30.6569 0.709072382911
30.8571 0.753813574585
31.0573 1.12916308852
31.2575 0.9748677544
31.4576 0.811732672602
31.6578 0.977636528174
31.858 1.15475013605
32.0582 0.90308393614
32.2583 0.708835357498
32.4585 1.25547141659
32.6587 0.876622663638
32.8589 1.25930634437
33.0591 0.898101141414
33.2592 0.968108044294
33.4594 1.04052726299
33.6596 1.2171500658
33.8598 1.09517259667
34.0599 0.91189537245
34.2601 0.784563506965
34.4603 0.752119883497
34.6605 1.11413173853
34.8607 1.12387612769
35.0608 1.05477492699
35.261 0.890037351561
35.4612 0.760931352236
35.6614 0.860005037949
35.8616 0.902954957305
36.0617 1.16669868187
36.2619 0.791356116457
36.4621 0.736976979591
36.6623 0.978128545364
36.8625 0.891808027012
37.0627 0.879937129145
37.2628 1.29705377206
37.463 1.08042210119
37.6632 0.884318979951
37.8634 0.711397953856
38.0636 1.15297337493
38.2638 1.18267685165
38.4639 1.16210922725
38.6641 0.946807429209
38.8643 1.05892368943
39.0645 0.807610749345
39.2647 0.990380090477
39.4649 1.0649241969
39.6651 0.628037374733
39.8652 1.04760370095
40.0654 1.09086833005
40.2656 1.21981825872
40.4658 1.11527867538
40.666 1.04790882373
40.8662 0.850049124375
41.0664 0.780003163498
41.2666 1.06181449319
41.4668 0.957994005211
41.6669 1.06796430911
41.8671 0.806156576912
42.0673 1.12664978193
42.2675 1.24020116515
42.4677 0.909255546345
42.6679 0.893039434503
42.8681 0.786856996626
43.0683 1.28026874632
43.2685 0.910749818183
43.4687 1.03322204323
43.6688 1.11611530621
43.869 1.00118649379
44.0692 1.14295931048
44.2694 1.05929742227
44.4696 1.00575670184
44.6698 1.41069720906
44.87 1.16367588572
45.0702 1.02828107578
45.2704 0.921885349687
45.4706 0.72062058355
45.6708 1.17240582576
45.871 0.858279545513
46.0712 1.29942015143
46.2714 1.23280723598
46.4716 1.05697579976
46.6718 1.16532764927
46.8719 1.17069738421
47.0721 0.907882031643
47.2723 0.925205375245
47.4725 0.839966456323
47.6727 1.08563976215
47.8729 0.826737831203
48.0731 1.17724031584
48.2733 0.797321901756
48.4735 0.989400558509
48.6737 1.12165052766
48.8739 0.775772051108
49.0741 0.892561895953
49.2743 0.933477044411
49.4745 1.06578341681
49.6747 0.918861207059
49.8749 0.823989993339
50.0751 0.934467227017
50.2753 1.10450125722
50.4755 1.03304058039
50.6757 0.839735680263
50.8759 0.977031682694
51.0761 0.894207553582
51.2763 0.876888827647
51.4765 0.755640726728
51.6767 1.01650001667
51.8769 1.28245756912
52.0771 0.809694774836
52.2773 1.21004463139
52.4775 0.996155955303
52.6777 0.885258161364
52.8779 0.706127127672
53.0782 0.964422720629
53.2784 1.3012697672
53.4786 1.03825580131
53.6788 0.936473598361
53.879 1.00480838446
54.0792 0.639905919075
54.2794 0.909669700987
54.4796 1.02340557244
54.6798 0.921157427129
54.88 0.966798489826
55.0802 1.16538869454
55.2804 1.14118971706
55.4806 0.898648636081
55.6808 1.12448065839
55.881 0.935278380461
56.0812 1.10333177129
56.2815 0.951040849163
56.4817 0.991362478925
56.6819 0.874806459902
56.8821 0.966528944079
57.0823 0.783213911575
57.2825 0.927816786233
57.4827 1.01016242548
57.6829 0.951135186644
57.8831 0.933306751442
58.0833 1.26638316578
58.2836 1.12409951088
58.4838 0.933785439139
58.684 0.701479332209
58.8842 1.00406849723
59.0844 0.930020011377
59.2846 1.04186219656
59.4848 0.874638949404
59.685 0.863722317414
59.8853 1.04180092156
60.0855 1.43973781784
60.2857 1.05788915233
60.4859 1.11621289767
60.6861 0.916699924323
60.8863 0.693099333429
61.0865 0.840454738389
61.2868 0.985957478282
61.487 0.840687213416
61.6872 1.06184020778
61.8874 1.07895324028
62.0876 1.0195817909
62.2878 1.22978208222
62.4881 0.918767267611
62.6883 1.09530718463
62.8885 1.06758606499
63.0887 1.26202647151
63.2889 1.0353767119
63.4891 1.20652309065
63.6894 1.15524597019
63.8896 1.03700910118
64.0898 1.19568748743
64.29 0.872964178987
64.4902 0.988281738494
64.6905 0.896153422406
64.8907 0.731840952296
65.0909 0.990462355529
65.2911 1.0104300561
65.4913 0.941922828923
65.6916 0.835522832991
65.8918 0.955494889459
66.092 0.852103358383
66.2922 1.06931066236
66.4924 0.998496313197
66.6927 0.872043004771
66.8929 1.22040827332
67.0931 1.02936104937
67.2933 1.12681761238
67.4936 1.10892232419
67.6938 1.04074796144
67.894 0.677320806975
68.0942 1.01570337388
68.2945 0.803884721292
68.4947 0.781027373872
68.6949 1.14075097596
68.8951 0.933266562368
69.0954 0.846735905206
69.2956 0.929470517857
69.4958 0.662957122723
69.696 0.923281385196
69.8963 1.12523425483
70.0965 1.07020431816
70.2967 0.948966229467
70.4969 1.03046830637
70.6972 0.868596375484
70.8974 0.939696695185
71.0976 0.821402519788
71.2979 1.02711091349
71.4981 1.19775265144
71.6983 1.10376651133
71.8985 1.12764936516
72.0988 0.813861694059
72.299 0.840275978946
72.4992 0.928031029751
72.6995 0.940292711614
72.8997 0.875763690384
73.0999 1.06927335063
73.3002 1.13281614761
73.5004 0.886859440484
73.7006 1.23779250138
73.9009 1.07397527737
74.1011 0.906861679863
74.3013 1.20821524397
74.5016 0.961105194068
74.7018 0.926776101677
74.902 0.949603534529
75.1023 1.04112818207
75.3025 0.92419897799
75.5027 1.03429287453
75.703 0.904852030349
75.9032 1.28579575238
76.1034 1.0082943844
76.3037 1.13343234495
76.5039 0.883018308538
76.7041 1.34826759855
76.9044 1.08364704996
77.1046 1.25867471952
77.3048 0.886784868982
77.5051 0.838159253003
77.7053 0.997733187343
77.9056 1.1164645832
78.1058 1.22026854143
78.306 0.919599772303
78.5063 0.906316637329
78.7065 1.02832310213
78.9067 0.792182757739
79.107 1.08952686201
79.3072 0.91931361088
79.5075 1.12063334383
79.7077 0.936995079731
79.9079 1.0752132375
80.1082 0.875683427356
80.3084 0.766611421646
80.5087 0.879695522626
80.7089 1.10898369079
80.9091 1.12845197047
81.1094 0.84779329029
81.3096 1.23354200629
81.5099 1.04998536722
81.7101 1.12986933559
81.9104 0.854303594993
82.1106 0.859789825045
82.3108 0.831050690754
82.5111 0.773470762737
82.7113 0.846637813111
82.9116 0.89792428837
83.1118 1.11886165795
83.3121 0.916897269176
83.5123 1.34936107376
83.7126 0.943658633352
83.9128 0.95572259081
84.113 1.06290462649
84.3133 1.08651713764
84.5135 0.837955927391
84.7138 0.711252668767
84.914 1.27519772995
85.1143 1.15862482796
85.3145 1.06684308347
85.5148 1.09201057951
85.715 0.846487781505
85.9153 1.07668604504
86.1155 0.989572588329
86.3158 0.784974428768
86.516 0.723417347506
86.7163 0.908469994799
86.9165 0.732742495633
87.1168 1.13366629734
87.317 0.949937765973
87.5173 1.23814756629
87.7175 1.06397263541
87.9178 0.72241922408
88.118 0.858301591352
88.3183 0.665883008174
88.5185 0.984874724054
88.7188 1.20379132662
88.919 1.18283021722
89.1193 0.921501627197
89.3195 0.881879255795
89.5198 1.0074256762
89.72 1.04378226907
89.9203 1.02110110875
90.1205 1.15983196591
90.3208 1.0016363429
90.521 0.952297089742
90.7213 1.38899989894
90.9216 0.888290652001
91.1218 1.01028837508
91.3221 1.00380729135
91.5223 1.2579054449
91.7226 0.832799664618
91.9228 1.06815380465
92.1231 1.18796119662
92.3233 0.991842744972
92.5236 1.1478494374
92.7239 0.861575730271
92.9241 0.978039444595
93.1244 0.981634694858
93.3246 1.08248868946
93.5249 1.1283104271
93.7252 0.760580251183
93.9254 1.05514043979
94.1257 0.948531918467
94.3259 0.607879085715
94.5262 0.980927396185
94.7264 1.05260398533
94.9267 0.949599282468
95.127 0.824560661941
95.3272 1.02650417681
95.5275 1.06357499001
95.7278 0.932187636078
95.928 1.01575922077
96.1283 1.118863226
96.3285 1.14116002361
96.5288 1.26688137503
96.7291 0.764643507556
96.9293 1.00599456113
97.1296 1.15461935935
97.3298 1.13167354535
97.5301 1.09080349881
97.7304 1.09874352649
97.9306 0.843664144101
98.1309 0.935812621502
98.3312 1.21796565497
98.5314 1.01263475273
98.7317 0.918026209421
98.932 1.13283592
99.1322 0.942233144244
99.3325 1.11426399137
99.5328 1.03265771281
99.733 1.07626869399
99.9333 0.923756442495
