-100.0 0.921705058265
-99.8 0.96311852261
-99.6 1.12463836871
-99.4 0.769878576014
-99.2 1.38185160071
-99.0 1.15037018491
-98.8 0.882511285314
-98.6 0.909433185711
-98.4 1.1139182246
-98.2 1.13284733054
-98.0 1.13307346523
-97.8 1.25340018359
-97.6 0.799650836023
-97.4 1.25309093986
-97.2 0.935335158877
-97.0 0.889754477368
-96.8 1.34206083321
-96.6 0.895174484726
-96.4 0.890174531367
-96.2 0.916204801121
-95.9999 1.18977971123
-95.7999 0.753225683498
-95.5999 1.19027798783
-95.3999 1.21008252745
-95.1999 1.07822650138
-94.9999 0.794605647291
-94.7999 0.888783392267
-94.5999 1.00191253037
-94.3999 1.05988231348
-94.1999 0.871361966324
-93.9999 0.815651492452
-93.7999 0.93852138724
-93.5999 1.20328373652
-93.3999 1.15690173834
-93.1999 1.07023211263
-92.9998 0.646576649205
-92.7998 0.928581758462
-92.5998 0.927446254595
-92.3998 1.06083547025
-92.1998 0.9520519527
-91.9998 0.919748477018
-91.7998 1.16964666744
-91.5998 0.957916070863
-91.3998 0.998540728857
-91.1997 0.987805434261
-90.9997 1.32053859073
-90.7997 0.887625991935
-90.5997 0.734770477162
-90.3997 0.945118924971
-90.1997 1.10720251048
-89.9997 1.07102662605
-89.7997 0.887314243441
-89.5996 0.990699132492
-89.3996 0.927167922991
-89.1996 1.14828249527
-88.9996 0.987089814649
-88.7996 1.18027993136
-88.5996 0.923239123635
-88.3996 1.07678028203
-88.1995 1.07178064703
-87.9995 1.05299431085
-87.7995 1.18884022019
-87.5995 0.885592813955
-87.3995 0.863894819305
-87.1995 1.2410697655
-86.9994 0.967915954429
-86.7994 1.15595806453
-86.5994 1.33479820435
-86.3994 1.21427711626
-86.1994 1.29638064535
-85.9994 0.986958086411
-85.7993 1.17957332865
-85.5993 0.955488374639
-85.3993 1.21996359842
-85.1993 0.957086383839
-84.9993 0.856725482842
-84.7992 0.954124805249
-84.5992 1.01216249082
-84.3992 0.849609175417
-84.1992 0.940674727545
-83.9991 1.20130256369
-83.7991 0.886968949177
-83.5991 0.709555166709
-83.3991 0.872172287998
-83.1991 1.06714192036
-82.999 1.05469292876
-82.799 1.14022508658
-82.599 1.02850161086
-82.399 1.21332823148
-82.1989 1.23099943795
-81.9989 1.08332248777
-81.7989 0.782047763052
-81.5989 1.01960980135
-81.3988 0.884952054159
-81.1988 0.836143922603
-80.9988 1.21761762199
-80.7988 1.36548672686
-80.5987 1.04678191551
-80.3987 1.00719073718
-80.1987 1.03034991265
-79.9987 1.13949333015
-79.7986 1.19617742541
-79.5986 1.11494145159
-79.3986 1.01312832713
-79.1986 1.24317978491
-78.9985 1.16695817779
-78.7985 0.971506815962
-78.5985 0.754019045777
-78.3984 1.33913399364
-78.1984 0.73858191393
-77.9984 0.976547034773
-77.7984 1.22772975888
-77.5983 1.2163513587
-77.3983 1.12430310458
-77.1983 0.870090322013
-76.9982 0.803412514654
-76.7982 1.07459960026
-76.5982 0.922086564654
-76.3981 0.959730303187
-76.1981 0.798905760339
-75.9981 0.950082320826
-75.798 0.883636350307
-75.598 0.768389815126
-75.398 0.670502744707
-75.198 0.979321861874
-74.9979 0.816298564643
-74.7979 1.02172830023
-74.5978 0.77308867973
-74.3978 0.852035270534
-74.1978 0.647297476745
-73.9977 1.09102743014
-73.7977 1.01895037329
-73.5977 1.12579742119
-73.3976 0.900888162509
-73.1976 0.658064393623
-72.9976 0.670509913997
-72.7975 1.3122017492
-72.5975 1.16743502012
-72.3975 1.31550323361
-72.1974 1.1062859
-71.9974 1.05394467887
-71.7973 0.889952690597
-71.5973 0.96018385784
-71.3973 1.21787719561
-71.1972 0.794204798787
-70.9972 0.769694605828
-70.7972 0.616538687892
-70.5971 0.766335195074
-70.3971 0.792278442237
-70.197 0.832137267468
-69.997 1.09486622232
-69.797 1.14558552986
-69.5969 1.15333974687
-69.3969 1.22304545564
-69.1968 1.05923560416
-68.9968 1.19171299272
-68.7968 0.884569852505
-68.5967 0.564980114018
-68.3967 1.04397131377
-68.1966 0.901651059688
-67.9966 1.15033451416
-67.7965 0.870502444201
-67.5965 1.34237319888
-67.3965 0.752158254919
-67.1964 0.756815747359
-66.9964 1.34112672225
-66.7963 0.898125191283
-66.5963 1.44530275579
-66.3962 0.882969773317
-66.1962 1.14576550032
-65.9961 1.06988885964
-65.7961 0.951337673673
-65.5961 0.691136060736
-65.396 0.948747780758
-65.196 1.06915867038
-64.9959 0.811401866614
-64.7959 0.876197738128
-64.5958 0.753914493031
-64.3958 1.04888926403
-64.1957 0.965812311288
-63.9957 0.98383692518
-63.7956 1.21914207054
-63.5956 1.12772542645
-63.3955 0.822205393918
-63.1955 0.850443125281
-62.9954 0.91197400193
-62.7954 0.920844042498
-62.5953 1.01082502026
-62.3953 0.482422625653
-62.1952 1.06806693763
-61.9952 0.656289840664
-61.7951 1.01271966817
-61.5951 0.910566378044
-61.395 0.90650850778
-61.195 1.02754299292
-60.9949 0.981294701508
-60.7949 1.14881334004
-60.5948 1.09817594923
-60.3948 1.13353645523
-60.1947 0.960728712845
-59.9947 0.974044644353
-59.7946 0.872964084798
-59.5946 0.808766203836
-59.3945 0.957791979684
-59.1944 0.527351721445
-58.9944 1.00005316635
-58.7943 0.89614158846
-58.5943 0.99213041498
-58.3942 0.951366635927
-58.1942 1.06885446338
-57.9941 1.07356628112
-57.7941 0.679875920867
-57.594 0.881291651307
-57.3939 1.12185769741
-57.1939 0.921269045382
-56.9938 0.962386251522
-56.7938 0.640950040525
-56.5937 1.00793893909
-56.3937 1.05189755275
-56.1936 0.86503288033
-55.9935 1.10890366353
-55.7935 1.30202422538
-55.5934 0.856187647306
-55.3934 0.890513239744
-55.1933 0.909314492604
-54.9932 1.0298998409
-54.7932 0.983617866417
-54.5931 1.08402681983
-54.3931 0.993424551748
-54.193 0.934820180763
-53.9929 0.927973450265
-53.7929 1.18350572512
-53.5928 1.20204328555
-53.3928 1.0294972586
-53.1927 1.30661706199
-52.9926 1.03593482999
-52.7926 1.03322130627
-52.5925 0.912993847504
-52.3924 0.998960002969
-52.1924 1.03374646983
-51.9923 0.914770653611
-51.7922 1.09136670728
-51.5922 1.13237253909
-51.3921 0.799666240184
-51.1921 1.35304670634
-50.992 0.923704261092
-50.7919 1.4489852952
-50.5919 0.999041405935
-50.3918 1.1924305835
-50.1917 1.15879558271
-49.9917 1.2268199147
-49.7916 1.01323082743
-49.5915 1.21155320632
-49.3915 0.923357771661
-49.1914 1.00792868805
-48.9913 1.01632994936
-48.7913 0.958709510482
-48.5912 1.29974262483
-48.3911 1.10968691488
-48.191 1.18740683291
-47.991 0.989810810241
-47.7909 0.987282700876
-47.5908 0.965735795299
-47.3908 1.10533051293
-47.1907 0.962138365423
-46.9906 0.907797281658
-46.7906 1.28846658187
-46.5905 0.826695676794
-46.3904 1.27974144977
-46.1903 1.26857240237
-45.9903 1.14867219693
-45.7902 1.42214900849
-45.5901 1.18476236713
-45.3901 1.00284030957
-45.19 1.05209487036
-44.9899 0.999130298344
-44.7898 1.11715908143
-44.5898 1.11112623223
-44.3897 1.30871787851
-44.1896 0.91256603532
-43.9895 0.852286612409
-43.7895 1.06341295975
-43.5894 0.980311583496
-43.3893 0.899633990197
-43.1892 0.707939779785
-42.9892 0.945669144727
-42.7891 1.01177261333
-42.589 1.13850405128
-42.3889 0.937526276783
-42.1889 0.910793296869
-41.9888 0.814568191178
-41.7887 0.982266667157
-41.5886 1.03814144467
-41.3885 0.955641231851
-41.1885 0.926580794894
-40.9884 0.854130309987
-40.7883 1.10906828862
-40.5882 1.40606733669
-40.3881 1.30684560865
-40.1881 1.28250915563
-39.988 1.10380893217
-39.7879 1.10258961879
-39.5878 1.22582965712
-39.3877 0.991663281806
-39.1877 1.32473867147
-38.9876 1.01631991641
-38.7875 1.24249003621
-38.5874 0.915481933926
-38.3873 0.942840658548
-38.1873 1.06978602791
-37.9872 0.961734263205
-37.7871 1.13579583045
-37.587 0.895620322373
-37.3869 0.959545506775
-37.1868 1.01736331521
-36.9868 0.856432113379
-36.7867 1.09069707408
-36.5866 1.00875146577
-36.3865 0.837563515265
-36.1864 1.46262138938
-35.9863 1.14898596615
-35.7862 1.27768959646
-35.5862 0.922104465831
-35.3861 0.891762648149
-35.186 1.14491995634
-34.9859 1.4187492294
-34.7858 0.944334841658
-34.5857 0.898774237367
-34.3856 1.42152803965
-34.1856 0.954782169042
-33.9855 0.982546118198
-33.7854 0.95285639138
-33.5853 0.802308477792
-33.3852 1.08207892511
-33.1851 0.918381810726
-32.985 1.17067431628
-32.7849 0.977632666597
-32.5848 1.19366860393
-32.3847 1.02399938644
-32.1847 0.764243640961
-31.9846 0.937702587781
-31.7845 1.05145872654
-31.5844 0.856580740559
-31.3843 0.655333102845
-31.1842 1.13576943925
-30.9841 0.979709725057
-30.784 1.23605420237
-30.5839 0.928804627458
-30.3838 1.0815952042
-30.1837 1.0411820717
-29.9836 1.14752976864
-29.7836 1.12235849923
-29.5835 0.888845538426
-29.3834 0.847534353411
-29.1833 0.933007878565
-28.9832 1.12049071041
-28.7831 1.07291501974
-28.583 1.27279333356
-28.3829 0.918202210496
-28.1828 0.924242830247
-27.9827 1.20689354422
-27.7826 1.11038205811
-27.5825 1.14098635086
-27.3824 1.19996607211
-27.1823 1.22390271843
-26.9822 0.994536624734
-26.7821 1.12573169599
-26.582 0.702538687102
-26.3819 0.701487000899
-26.1818 1.03302794448
-25.9817 1.07761548943
-25.7816 0.752257239881
-25.5815 1.00769514646
-25.3814 0.971525667309
-25.1813 0.843945192569
-24.9812 0.821824867152
-24.7811 1.32493528784
-24.581 1.53776966106
-24.3809 1.1325915488
-24.1808 1.34928331872
-23.9807 1.22584193615
-23.7806 0.540239091512
-23.5805 0.488298601034
-23.3804 0.876180048752
-23.1803 0.925932364186
-22.9802 0.80409434941
-22.7801 0.653064352763
-22.58 1.34263758303
-22.3799 0.977361037407
-22.1798 0.749540974227
-21.9797 1.01126921546
-21.7796 0.715254600512
-21.5795 1.2026901647
-21.3794 0.892261317611
-21.1793 0.715764138751
-20.9792 1.24313968487
-20.7791 0.823558077423
-20.579 0.815014378668
-20.3789 1.07570752617
-20.1787 1.28356429577
-19.9786 1.0792139374
-19.7785 1.01612911715
-19.5784 0.854081773415
-19.3783 0.748834083076
-19.1782 1.15226159514
-18.9781 1.29046492734
-18.778 1.15482371471
-18.5779 1.14540422759
-18.3778 1.08644453523
-18.1777 1.09825414894
-17.9776 0.972218914789
-17.7774 1.04419096425
-17.5773 0.790350866594
-17.3772 0.864689616858
-17.1771 0.979268392765
-16.977 1.13042472878
-16.7769 1.10466568351
-16.5768 1.03003204164
-16.3767 0.820540157715
-16.1766 1.26032267054
-15.9764 1.29266632416
-15.7763 1.1441441511
-15.5762 1.0329371999
-15.3761 1.24659309457
-15.176 1.07413188046
-14.9759 0.952078771105
-14.7758 1.01522902307
-14.5757 1.13970062367
-14.3755 0.632599149109
-14.1754 0.962163728347
-13.9753 1.03916108792
-13.7752 1.04537901992
-13.5751 1.05818003664
-13.375 0.944923000752
-13.1749 1.2380560195
-12.9747 0.648090920489
-12.7746 1.23604279443
-12.5745 1.01925521011
-12.3744 0.530815089321
-12.1743 0.742871547238
-11.9742 1.2582270197
-11.774 1.08896170489
-11.5739 1.39905697999
-11.3738 1.0259587506
-11.1737 1.17704282307
-10.9736 0.982624901689
-10.7734 1.25951029921
-10.5733 0.785277648311
-10.3732 1.06785762958
-10.1731 0.798595671639
-9.97296 0.92886590691
-9.77284 0.737819154343
-9.57272 0.71956604553
-9.3726 1.1041408279
-9.17248 1.23839457409
-8.97236 0.91104118354
-8.77224 0.796511804932
-8.57211 0.834142776503
-8.37199 1.03772963755
-8.17187 0.745499712647
-7.97175 1.0997849238
-7.77163 1.2763058821
-7.5715 0.710314204763
-7.37138 0.668155756046
-7.17125 0.960692364984
-6.97113 0.768120868727
-6.77101 1.09526289274
-6.57088 0.90946271732
-6.37076 1.05176410698
-6.17063 0.827539191802
-5.97051 0.801638146744
-5.77038 1.34905157872
-5.57025 1.18093338402
-5.37013 1.40387641283
-5.17 1.24311950357
-4.96987 0.995719841731
-4.76975 1.15223513721
-4.56962 0.314150403871
-4.36949 0.817977288436
-4.16937 0.84704143059
-3.96924 0.742553547041
-3.76911 1.10447765525
-3.56898 0.604917745487
-3.36885 0.688274203151
-3.16872 0.554458862038
-2.96859 0.680855124857
-2.76846 0.669117443346
-2.56833 0.37851600439
-2.3682 0.511261076616
-2.16807 0.430328575736
-1.96794 0.749699843493
-1.76781 0.250363369806
-1.56768 0.21780137853
-1.36755 0.627634186567
-1.16742 0.309846406066
-0.967284 0.332665079406
-0.767152 0.503421755015
-0.567019 0.120139385229
-0.366886 0.63087579294
-0.166753 1.08356601332
0.0333802 0.666020369666
0.233514 0.269438114762
0.433648 0.0616252074886
0.633782 0.116595228923
0.833917 0.124186639725
1.03405 0.183405009621
1.23419 -0.0554412590765
1.43432 0.0610242409863
1.63446 0.337937433178
1.83459 0.0979857430368
2.03473 0.0789311998452
2.23487 0.0867436428044
2.435 0.470683693702
2.63514 0.308988366892
2.83528 0.0736897491932
3.03541 0.0189762473582
3.23555 0.0287464948854
3.43569 0.114787922078
3.63583 -0.144706036151
3.83597 -0.0119330305432
4.0361 0.0481864365546
4.23624 0.167368212534
4.43638 0.049087547667
4.63652 0.0187383201508
4.83666 0.11917840593
5.0368 -0.0192619150043
5.23694 0.123805699721
5.43708 -0.12673627592
5.63722 -0.00808197539702
5.83737 0.124861665172
6.03751 0.128688504009
6.23765 0.146891830313
6.43779 -0.138774777371
6.63793 0.286271341019
6.83808 0.188538640357
7.03822 0.426712049872
7.23836 0.142705431822
7.4385 0.0577024475647
7.63865 -0.106884616394
7.83879 0.162598898905
8.03894 0.198159830581
8.23908 0.25149075596
8.43923 0.3244353249
8.63937 0.203917485293
8.83951 0.0524766401492
9.03966 0.699077065151
9.23981 0.570570241432
9.43995 0.634756189962
9.6401 0.0924462894725
9.84025 0.158253345563
10.0404 0.17824701833
10.2405 1.34700147722
10.4407 0.129968530071
10.6408 0.760089744168
10.841 0.215320275064
11.0411 0.343803817545
11.2413 0.336884944459
11.4414 0.552735145416
11.6416 0.517707663012
11.8417 0.431860023408
12.0419 0.506652566182
12.242 0.143651672731
12.4422 0.231636465307
12.6423 0.732501529681
12.8425 -0.00512106021099
13.0426 0.513225781122
13.2428 0.328352698928
13.4429 0.41499740882
13.6431 0.473411985241
13.8432 0.186186133102
14.0434 0.814497158785
14.2435 0.74203434442
14.4437 0.962927772471
14.6438 0.303362191547
14.844 0.86735404369
15.0441 0.147467687861
15.2443 0.107196885502
15.4445 1.00853356101
15.6446 1.02236824069
15.8448 1.19245322757
16.0449 0.921620565085
16.2451 0.195262819015
16.4452 0.356011667723
16.6454 0.915848570214
16.8455 1.15953911009
17.0457 0.930606710447
17.2459 0.842296918973
17.446 0.528137486462
17.6462 0.740991282599
17.8463 0.552291259357
18.0465 0.989201488121
18.2466 0.451912333773
18.4468 1.03484831449
18.647 0.571498794156
18.8471 0.732349084487
19.0473 0.829144575621
19.2474 0.480038853508
19.4476 0.774755123974
19.6478 0.879927636795
19.8479 0.653953891701
20.0481 0.937711933146
20.2482 0.623896762326
20.4484 1.00310830775
20.6486 0.927583727028
20.8487 0.59448902746
21.0489 0.979934821416
21.249 1.07217292654
21.4492 0.351609861887
21.6494 0.939422766473
21.8495 0.498483089085
22.0497 0.762837527347
22.2498 0.704085781835
22.45 0.925084418275
22.6502 0.119778251273
22.8503 0.543575832579
23.0505 0.416143951216
23.2507 0.901573828021
23.4508 0.986428986574
23.651 1.14234777705
23.8512 1.01332269804
24.0513 1.06388872163
24.2515 0.97730372038
24.4517 0.957420459708
24.6518 0.884580538498
24.852 0.739496335546
25.0522 0.743521953669
25.2523 0.879918043968
25.4525 1.23758601506
25.6527 0.955090169468
25.8528 0.806459970937
26.053 0.823983546601
26.2532 1.23212513544
26.4533 1.14016369048
26.6535 0.738719342215
26.8537 0.996614375774
27.0538 0.843926713708
27.254 0.987552694597
27.4542 1.18729529167
27.6544 0.755774577721
27.8545 0.483196572192
28.0547 1.25723867103
28.2549 0.75054098904
28.455 0.818010744977
28.6552 0.615640870258
28.8554 1.27491668585
29.0556 1.0993960454
29.2557 0.871943165482
29.4559 1.09060357348
29.6561 1.15346950284
29.8562 0.6928242263
30.0564 0.812992658978
30.2566 0.816064377774
30.4568 1.15132938069
30.6569 1.48663793774
30.8571 1.22889287682
31.0573 0.834775454414
31.2575 1.48009107381
31.4576 1.35068657269
31.6578 0.746727987269
31.858 0.608832644114
32.0582 0.695406192
32.2583 0.912359739948
32.4585 1.1043701868
32.6587 1.04136893302
32.8589 0.789494253696
33.0591 0.777928924895
33.2592 0.844034046203
33.4594 1.05287846846
33.6596 0.819989614727
33.8598 0.799779740235
34.0599 0.995036784207
34.2601 1.09524413421
34.4603 0.930588161544
34.6605 0.908204247272
34.8607 1.26320043275
35.0608 1.3814007209
35.261 0.801748359749
35.4612 0.806574427986
35.6614 1.04758006576
35.8616 1.09161248121
36.0617 1.14514252637
36.2619 0.918468407708
36.4621 0.774087323298
36.6623 0.817492892851
36.8625 0.875544936376
37.0627 0.846448226121
37.2628 1.07954088143
37.463 0.68401541441
37.6632 0.727263573285
37.8634 1.28274198656
38.0636 1.50154996512
38.2638 1.14349960809
38.4639 1.01552512351
38.6641 1.21507461748
38.8643 0.903867379549
39.0645 0.630081396891
39.2647 1.32003033796
39.4649 0.520855988741
39.6651 0.604781667847
39.8652 1.24367892328
40.0654 1.02847191861
40.2656 1.09622963819
40.4658 0.910007494204
40.666 0.884053714965
40.8662 0.79375212185
41.0664 0.880986133159
41.2666 0.923558245819
41.4668 0.882055314455
41.6669 1.19552770761
41.8671 0.924284497159
42.0673 0.963435432478
42.2675 0.722754287291
42.4677 1.00577767009
42.6679 0.903543925562
42.8681 1.19454578877
43.0683 1.05864801306
43.2685 1.16979201857
43.4687 1.18395636553
43.6688 1.04522061161
43.869 1.1560721417
44.0692 1.10363478845
44.2694 0.922062972526
44.4696 1.16033864758
44.6698 1.21657844985
44.87 1.18989202111
45.0702 1.11008334587
45.2704 0.921637935504
45.4706 0.521892235356
45.6708 0.948205501046
45.871 1.20550328996
46.0712 1.12750508447
46.2714 1.30200612936
46.4716 1.1896126197
46.6718 1.11841386189
46.8719 1.03031252148
47.0721 0.90268257816
47.2723 0.869520774388
47.4725 0.846202799209
47.6727 0.971386613406
47.8729 1.16790631744
48.0731 1.06518111068
48.2733 1.05332177451
48.4735 0.85683431134
48.6737 1.12750302271
48.8739 0.788698592087
49.0741 0.752000343154
49.2743 0.948900349683
49.4745 0.702456087657
49.6747 0.687863015687
49.8749 1.07081588804
50.0751 0.962031166194
50.2753 1.09704535173
50.4755 0.859654039886
50.6757 0.937362893377
50.8759 0.995553011582
51.0761 0.840006280423
51.2763 0.84284768527
51.4765 1.01318745853
51.6767 1.06958563793
51.8769 0.829659344625
52.0771 1.04650243975
52.2773 1.2114958354
52.4775 1.16898753286
52.6777 1.25795932956
52.8779 0.907907832615
53.0782 1.08593153822
53.2784 1.07382872687
53.4786 1.17162154284
53.6788 1.25748657076
53.879 1.04503770135
54.0792 1.04401902533
54.2794 1.14861624284
54.4796 0.855300186683
54.6798 0.951134699653
54.88 0.967132371058
55.0802 1.08671155202
55.2804 1.05207399331
55.4806 0.964531425785
55.6808 0.847343434118
55.881 0.65399966001
56.0812 1.10448237041
56.2815 0.959142515002
56.4817 0.88085089011
56.6819 0.823085462922
56.8821 1.31114840923
57.0823 0.990206157915
57.2825 1.14351152607
57.4827 0.677417271847
57.6829 1.19008456958
57.8831 1.21764283469
58.0833 1.08358595865
58.2836 0.948134471716
58.4838 0.87720508472
58.684 1.1361549454
58.8842 1.30402523164
59.0844 1.16052200301
59.2846 0.812171703725
59.4848 1.03290237216
59.685 1.32602689334
59.8853 0.925090177853
60.0855 1.23124459641
60.2857 0.643441749406
60.4859 0.696529493518
60.6861 1.30072577356
60.8863 1.1144750262
61.0865 0.902629385755
61.2868 0.896782497009
61.487 1.15833278843
61.6872 0.774606249989
61.8874 1.06614266654
62.0876 0.923209360976
62.2878 0.86106738568
62.4881 0.999518888393
62.6883 0.914939214665
62.8885 0.990280753018
63.0887 1.15233239005
63.2889 0.973673018204
63.4891 0.921870635515
63.6894 0.836120025494
63.8896 0.780884236095
64.0898 0.996997307496
64.29 0.881580494988
64.4902 1.07922004974
64.6905 1.07005804337
64.8907 0.997586993073
65.0909 1.11513034538
65.2911 0.940583563819
65.4913 0.887063846572
65.6916 1.01652662857
65.8918 1.3190534461
66.092 1.58471318838
66.2922 1.07422271204
66.4924 1.02531394751
66.6927 1.29290304215
66.8929 1.17420866691
67.0931 0.967371296262
67.2933 1.02758990065
67.4936 1.1687391248
67.6938 1.14065126971
67.894 0.866083515078
68.0942 0.867956010781
68.2945 0.834761178507
68.4947 1.15697884488
68.6949 1.17064962042
68.8951 1.02502720573
69.0954 0.890141601574
69.2956 1.242205445
69.4958 0.891309478279
69.696 1.14701784678
69.8963 1.09438872423
70.0965 1.23435539559
70.2967 0.941857240788
70.4969 1.20952527542
70.6972 1.15193037669
70.8974 1.00192632625
71.0976 0.787111220647
71.2979 1.03567801145
71.4981 0.82859649848
71.6983 0.674162421276
71.8985 0.724631059947
72.0988 0.975029346457
72.299 1.13939680276
72.4992 0.810906107264
72.6995 0.838466292601
72.8997 0.794679427276
73.0999 0.861875401298
73.3002 1.14795117301
73.5004 0.991141993009
73.7006 1.10302122328
73.9009 1.02585902203
74.1011 1.04622563367
74.3013 0.949186992344
74.5016 0.946083986656
74.7018 0.761526499611
74.902 0.907282937824
75.1023 0.934752136699
75.3025 0.882267232832
75.5027 0.860687573906
75.703 0.679862700101
75.9032 0.930606910378
76.1034 1.05952346003
76.3037 1.24450320516
76.5039 0.829970606628
76.7041 1.14546469017
76.9044 1.26719072106
77.1046 1.20727040191
77.3048 0.958320811266
77.5051 1.02835918817
77.7053 1.00608030544
77.9056 0.763807721765
78.1058 1.458887769
78.306 1.03526953527
78.5063 0.725185475431
78.7065 0.776287549475
78.9067 0.966992914542
79.107 0.462919508839
79.3072 0.92789486446
79.5075 0.94248287893
79.7077 1.0989661334
79.9079 1.02915471116
80.1082 1.010545727
80.3084 0.947489914481
80.5087 0.892118770318
80.7089 1.08945976013
80.9091 1.04028494712
81.1094 0.727484942429
81.3096 0.917675427623
81.5099 1.0880960699
81.7101 0.854242782507
81.9104 0.71982143193
82.1106 0.80861325609
82.3108 0.798635208473
82.5111 0.831002015184
82.7113 1.15122856503
82.9116 1.08586339458
83.1118 1.10946322747
83.3121 1.18478516224
83.5123 1.15685213973
83.7126 1.20340411264
83.9128 1.28409918194
84.113 0.828329646394
84.3133 0.707511891389
84.5135 0.952686255381
84.7138 0.959964789555
84.914 0.894483608346
85.1143 0.975542810988
85.3145 1.13474377649
85.5148 1.17514145844
85.715 0.894475367641
85.9153 0.903728659482
86.1155 0.81834810189
86.3158 1.0314092333
86.516 0.896445820478
86.7163 1.12221405332
86.9165 0.95002384251
87.1168 1.35661688584
87.317 0.773452403377
87.5173 0.910328394436
87.7175 0.973417952014
87.9178 0.919951170104
88.118 0.902604329982
88.3183 1.03451112867
88.5185 0.760598460702
88.7188 1.3177910261
88.919 1.2253791766
89.1193 1.00256946335
89.3195 1.04483421331
89.5198 1.37674815748
89.72 1.03111930022
89.9203 1.00383605679
90.1205 1.06464365635
90.3208 1.03720975105
90.521 1.15819765963
90.7213 0.948294783757
90.9216 0.733504759151
91.1218 0.941282538603
91.3221 0.959472139693
91.5223 1.15161872864
91.7226 1.17599361506
91.9228 0.880829389769
92.1231 0.920607474268
92.3233 0.819806668511
92.5236 0.824379030432
92.7239 0.765800822951
92.9241 0.661575492376
93.1244 1.25837215742
93.3246 0.881893301633
93.5249 1.16191750086
93.7252 1.01569662878
93.9254 1.08294854835
94.1257 0.896754320374
94.3259 0.839065473038
94.5262 1.01057610077
94.7264 1.0475775878
94.9267 1.15880580855
95.127 1.04392784468
95.3272 1.05340393468
95.5275 0.878352709987
95.7278 0.919395552001
95.928 0.912038467394
96.1283 1.06212525582
96.3285 0.721765118634
96.5288 1.28686641872
96.7291 1.01096876198
96.9293 1.28390597218
97.1296 1.19889534904
97.3298 0.900047302305
97.5301 1.26337321208
97.7304 1.12413710709
97.9306 1.12377191744
98.1309 1.32366026775
98.3312 1.43245245061
98.5314 1.18229709392
98.7317 0.875364253132
98.932 1.04982129947
99.1322 1.08822894536
99.3325 1.19235816941
99.5328 0.966833756626
99.733 0.949749942331
99.9333 0.960751785615
