-100.0 1.0039718471
-99.8 1.00727318307
-99.6 0.992876391196
-99.4 1.00487865738
-99.2 1.0146533783
-99.0 0.996255166055
-98.8 0.988255852344
-98.6 0.979612165588
-98.4 1.02200562137
-98.2 0.999694875855
-98.0 1.01773722032
-97.8 0.982426026571
-97.6 0.990399080065
-97.4 0.978218745347
-97.2 1.00458425788
-97.0 1.03080348115
-96.8 0.975916654374
-96.6 0.994114520496
-96.4 1.00947379968
-96.2 0.998345211501
-95.9999 0.998709820486
-95.7999 0.989451404314
-95.5999 0.994798804097
-95.3999 0.994672726483
-95.1999 0.991774730224
-94.9999 0.984873470264
-94.7999 0.992565054218
-94.5999 1.0345861926
-94.3999 0.984937786526
-94.1999 1.00188019779
-93.9999 0.989290681561
-93.7999 0.994275150567
-93.5999 1.03487604076
-93.3999 1.00308680466
-93.1999 1.01032842537
-92.9998 0.984853315684
-92.7998 1.01850125197
-92.5998 1.01713086521
-92.3998 1.00764471985
-92.1998 0.985065599596
-91.9998 1.00871463499
-91.7998 0.965835950504
-91.5998 0.985420623649
-91.3998 1.00035766575
-91.1997 1.00326457869
-90.9997 1.00595484856
-90.7997 1.00021088679
-90.5997 0.98830651398
-90.3997 0.970350980062
-90.1997 1.01324964639
-89.9997 0.996882822347
-89.7997 1.00321526799
-89.5996 0.986889187068
-89.3996 0.990371958066
-89.1996 0.95101518834
-88.9996 1.00175180525
-88.7996 0.981028092338
-88.5996 1.02025119654
-88.3996 0.990202635362
-88.1995 0.981653456513
-87.9995 1.0039525697
-87.7995 1.00522077455
-87.5995 0.99349603943
-87.3995 1.00048580416
-87.1995 1.02991370095
-86.9994 1.00099467131
-86.7994 0.996661676222
-86.5994 1.03025759125
-86.3994 1.00866920116
-86.1994 0.979690942047
-85.9994 1.02618718363
-85.7993 1.0089205201
-85.5993 1.00189710337
-85.3993 0.968265708433
-85.1993 1.01323617482
-84.9993 1.02613263281
-84.7992 0.997415484714
-84.5992 0.978395347052
-84.3992 0.98034865657
-84.1992 1.00384385387
-83.9991 1.02264700819
-83.7991 0.994676092148
-83.5991 1.03265288316
-83.3991 0.976027986306
-83.1991 1.0216149696
-82.999 0.994701353158
-82.799 1.02465500613
-82.599 0.990516339192
-82.399 1.05017011813
-82.1989 0.971821962536
-81.9989 1.00822111911
-81.7989 0.991728496783
-81.5989 0.993191118076
-81.3988 1.0090408871
-81.1988 1.01603987134
-80.9988 0.982893723453
-80.7988 0.969019319512
-80.5987 1.00971050456
-80.3987 0.979839901187
-80.1987 1.01585756698
-79.9987 1.01786456027
-79.7986 1.0142963088
-79.5986 1.00382334873
-79.3986 0.989367547285
-79.1986 0.980014827638
-78.9985 1.02356671601
-78.7985 1.01146062914
-78.5985 0.990618586509
-78.3984 0.99793233338
-78.1984 0.984513456176
-77.9984 1.02974287774
-77.7984 0.99080679287
-77.5983 0.972312627602
-77.3983 0.973997441616
-77.1983 0.994035526091
-76.9982 0.986808483677
-76.7982 1.01319206368
-76.5982 1.02966576228
-76.3981 0.99306276405
-76.1981 0.996121474846
-75.9981 0.980576963285
-75.798 0.994267672585
-75.598 1.00472730242
-75.398 1.00843592737
-75.198 0.993228418632
-74.9979 1.00961877573
-74.7979 1.00424706495
-74.5978 0.997445907253
-74.3978 0.990494770924
-74.1978 1.02817315543
-73.9977 1.02082762192
-73.7977 0.986011513972
-73.5977 1.00614767209
-73.3976 0.989297803453
-73.1976 0.993224914776
-72.9976 0.992215619465
-72.7975 1.02028407999
-72.5975 0.971018008992
-72.3975 0.974339642971
-72.1974 0.992126081754
-71.9974 1.03760154092
-71.7973 1.00765523034
-71.5973 0.996499095955
-71.3973 1.00750491455
-71.1972 1.00124814952
-70.9972 0.992360246246
-70.7972 1.0178012234
-70.5971 1.00762274724
-70.3971 1.00844469489
-70.197 0.986762167084
-69.997 0.972669397114
-69.797 1.00612042113
-69.5969 0.983719479976
-69.3969 1.00048193588
-69.1968 1.01625377529
-68.9968 1.01070063165
-68.7968 0.97980452523
-68.5967 0.977686122495
-68.3967 1.01487920612
-68.1966 0.999153334669
-67.9966 1.00163987696
-67.7965 1.0143991334
-67.5965 0.983173471225
-67.3965 0.998006525597
-67.1964 0.974946458785
-66.9964 1.00134649016
-66.7963 0.995806320317
-66.5963 0.988688584903
-66.3962 1.00974672106
-66.1962 0.98757173848
-65.9961 1.01076476737
-65.7961 0.97472868585
-65.5961 1.02519027407
-65.396 0.981308959306
-65.196 1.00382799044
-64.9959 1.02710987426
-64.7959 1.00498120467
-64.5958 1.03646567725
-64.3958 0.986501885755
-64.1957 1.02096187431
-63.9957 1.01940265643
-63.7956 1.01659546009
-63.5956 0.988191740495
-63.3955 0.989787655362
-63.1955 0.992918546022
-62.9954 1.01386922915
-62.7954 0.998572999599
-62.5953 0.9992986602
-62.3953 0.996041532104
-62.1952 1.00644734864
-61.9952 1.02780351213
-61.7951 1.01318497763
-61.5951 0.990230556841
-61.395 0.999443938923
-61.195 1.01220868055
-60.9949 1.01061058441
-60.7949 0.994457091839
-60.5948 0.998289729679
-60.3948 0.989587064813
-60.1947 1.01275591074
-59.9947 0.977488414614
-59.7946 0.983152279758
-59.5946 0.962486472658
-59.3945 0.979206205929
-59.1944 1.00244909806
-58.9944 0.998573546475
-58.7943 0.987832289133
-58.5943 0.995497718721
-58.3942 0.995801214228
-58.1942 1.01509278679
-57.9941 0.979134705117
-57.7941 1.01848641626
-57.594 1.02208944323
-57.3939 1.03814071446
-57.1939 0.983192740101
-56.9938 1.00077342602
-56.7938 1.02111482679
-56.5937 0.956014616584
-56.3937 1.02153479783
-56.1936 1.00785138493
-55.9935 1.00116698195
-55.7935 0.99923190555
-55.5934 1.02218217383
-55.3934 0.98906080133
-55.1933 0.98832555652
-54.9932 0.981289360782
-54.7932 0.991071131022
-54.5931 0.98513848276
-54.3931 0.993861141768
-54.193 1.01870740822
-53.9929 0.974867245526
-53.7929 1.00055227511
-53.5928 1.00033547317
-53.3928 0.972507840113
-53.1927 0.997320760934
-52.9926 0.96688981031
-52.7926 1.00403056877
-52.5925 1.01519915328
-52.3924 0.98070584138
-52.1924 1.02392902873
-51.9923 0.991007720446
-51.7922 0.994264488724
-51.5922 1.0004541618
-51.3921 1.0079380883
-51.1921 1.02132115049
-50.992 1.04334183361
-50.7919 1.01140374432
-50.5919 1.02125953859
-50.3918 1.01691000701
-50.1917 1.01590998472
-49.9917 1.01592833155
-49.7916 1.02866517562
-49.5915 1.0101510674
-49.3915 0.997006543243
-49.1914 1.01644054262
-48.9913 0.999968736147
-48.7913 0.972881840682
-48.5912 0.998903746486
-48.3911 1.01034262307
-48.191 0.990389864362
-47.991 0.977530501561
-47.7909 1.00977368494
-47.5908 0.973464115828
-47.3908 1.00049140112
-47.1907 0.998824816995
-46.9906 0.988805779238
-46.7906 1.01297421739
-46.5905 0.984913441196
-46.3904 0.997355854144
-46.1903 1.0148141759
-45.9903 0.977462218588
-45.7902 0.989563937133
-45.5901 0.998368000669
-45.3901 1.00979944258
-45.19 0.997791829583
-44.9899 1.00038571561
-44.7898 0.998185882248
-44.5898 1.02294122266
-44.3897 1.0099911659
-44.1896 1.0274253861
-43.9895 1.01647317718
-43.7895 1.01262729739
-43.5894 1.00575595403
-43.3893 0.99633500201
-43.1892 0.998580789426
-42.9892 0.976137759174
-42.7891 0.989183747616
-42.589 0.987506062339
-42.3889 0.990238812054
-42.1889 1.03404858515
-41.9888 0.987301897082
-41.7887 0.997955648445
-41.5886 1.00613014867
-41.3885 1.02005190775
-41.1885 0.97603075825
-40.9884 0.98641787895
-40.7883 1.0021523168
-40.5882 1.0077253607
-40.3881 0.996723195619
-40.1881 1.0274293736
-39.988 1.01936934421
-39.7879 1.02112816017
-39.5878 0.992180647133
-39.3877 0.996444631977
-39.1877 1.00190287352
-38.9876 1.00541326937
-38.7875 0.992018900924
-38.5874 1.00732004356
-38.3873 0.986173190781
-38.1873 1.02931995982
-37.9872 1.01147259211
-37.7871 0.987294744356
-37.587 0.990040444117
-37.3869 0.997498363345
-37.1868 0.989523529466
-36.9868 0.981800510409
-36.7867 0.990491565678
-36.5866 1.00777940574
-36.3865 0.987760187219
-36.1864 1.00160412369
-35.9863 0.98963548667
-35.7862 0.963569094014
-35.5862 0.99435107385
-35.3861 1.01909511602
-35.186 0.967212476646
-34.9859 0.971239450821
-34.7858 1.0327072475
-34.5857 0.970348529282
-34.3856 0.988375111683
-34.1856 0.989530317713
-33.9855 0.99097806894
-33.7854 1.01017482137
-33.5853 0.996071364806
-33.3852 1.01809728438
-33.1851 1.00513253665
-32.985 0.996881847926
-32.7849 0.984398511821
-32.5848 1.00359709773
-32.3847 0.98703664635
-32.1847 1.01842399274
-31.9846 0.966591483497
-31.7845 0.968346593432
-31.5844 0.989570762989
-31.3843 1.00337205821
-31.1842 0.986659796251
-30.9841 0.993488149262
-30.784 0.98903685798
-30.5839 1.02177023873
-30.3838 1.0087944113
-30.1837 0.989225222265
-29.9836 0.987554960761
-29.7836 0.998414127677
-29.5835 0.996516124789
-29.3834 1.01704221731
-29.1833 0.990294593761
-28.9832 1.01378500745
-28.7831 0.988257562696
-28.583 0.990036734457
-28.3829 0.979030979061
-28.1828 0.986672146085
-27.9827 1.00260453172
-27.7826 0.997864408971
-27.5825 0.991315328354
-27.3824 1.02815534765
-27.1823 1.01826052352
-26.9822 1.02410012402
-26.7821 1.00547342356
-26.582 0.98943889011
-26.3819 1.00680064538
-26.1818 1.0018513039
-25.9817 1.00066985307
-25.7816 0.976736652053
-25.5815 1.00026588393
-25.3814 1.0234488697
-25.1813 1.006857038
-24.9812 1.01537395893
-24.7811 1.01326488517
-24.581 0.997467374263
-24.3809 1.02509588886
-24.1808 0.977411163876
-23.9807 1.00875571225
-23.7806 0.979919674116
-23.5805 0.978060566095
-23.3804 1.00446334244
-23.1803 0.973333263591
-22.9802 1.00422045671
-22.7801 0.976291696734
-22.58 0.9658507156
-22.3799 1.00565304503
-22.1798 0.977250305377
-21.9797 0.973143435146
-21.7796 0.983684067904
-21.5795 0.980049339582
-21.3794 0.986646197227
-21.1793 0.996651728827
-20.9792 1.02126586674
-20.7791 0.979113662365
-20.579 0.984440363319
-20.3789 0.99264064309
-20.1787 0.990755616658
-19.9786 0.978452013236
-19.7785 0.971999258063
-19.5784 0.963678308591
-19.3783 1.0111606952
-19.1782 1.01257694896
-18.9781 0.977053292745
-18.778 1.00290791491
-18.5779 1.00881413228
-18.3778 0.946041515592
-18.1777 0.999541331844
-17.9776 0.993257072072
-17.7774 1.00908008107
-17.5773 0.98474340848
-17.3772 1.00020166244
-17.1771 0.997394578121
-16.977 0.990912210369
-16.7769 1.00330432466
-16.5768 1.03406359289
-16.3767 0.998480761058
-16.1766 1.01652187804
-15.9764 0.985569730184
-15.7763 0.988341301809
-15.5762 0.9955083964
-15.3761 0.997880035794
-15.176 0.973317527511
-14.9759 0.989412677302
-14.7758 1.04491198227
-14.5757 0.986405471523
-14.3755 0.986597865873
-14.1754 0.999713900089
-13.9753 0.998787971731
-13.7752 1.01927306395
-13.5751 0.978517161067
-13.375 0.965926641163
-13.1749 0.991751520357
-12.9747 1.00263645594
-12.7746 0.987057581517
-12.5745 0.947897729758
-12.3744 0.956883006169
-12.1743 1.0184292649
-11.9742 0.95287599641
-11.774 0.978876742073
-11.5739 0.964469899523
-11.3738 0.975649216924
-11.1737 0.949039013285
-10.9736 0.960895985634
-10.7734 0.957040962912
-10.5733 0.950125380997
-10.3732 0.973148855196
-10.1731 0.952463532262
-9.97296 0.945584984886
-9.77284 0.953918508049
-9.57272 0.891703666775
-9.3726 0.934205089721
-9.17248 0.967604442764
-8.97236 0.941381256069
-8.77224 0.874761701695
-8.57211 0.916044801827
-8.37199 0.946505780723
-8.17187 0.918469981721
-7.97175 0.926399866692
-7.77163 0.888115947753
-7.5715 0.844968113834
-7.37138 0.825119744669
-7.17125 0.822453427844
-6.97113 0.759972125132
-6.77101 0.741329114939
-6.57088 0.696055804856
-6.37076 0.708969987439
-6.17063 0.747436882956
-5.97051 0.728231027703
-5.77038 0.759423318949
-5.57025 0.780391555604
-5.37013 0.791170921482
-5.17 0.863692603361
-4.96987 0.840376392179
-4.76975 0.927417582001
-4.56962 0.898944913893
-4.36949 0.90879479343
-4.16937 0.877522656407
-3.96924 0.934073138149
-3.76911 0.962271454292
-3.56898 0.870708668853
-3.36885 0.933863451446
-3.16872 0.923274525289
-2.96859 0.889334395372
-2.76846 0.949708180165
-2.56833 0.933068533536
-2.3682 0.923329455884
-2.16807 0.816425206142
-1.96794 0.882771919748
-1.76781 0.912673582314
-1.56768 0.898646429139
-1.36755 0.910681059583
-1.16742 0.943889489267
-0.967284 0.856107676134
-0.767152 0.826896359947
-0.567019 0.891804376393
-0.366886 0.850349074161
-0.166753 0.827677281284
0.0333802 0.822472570136
0.233514 0.874740338936
0.433648 0.835625365466
0.633782 0.775101492789
0.833917 0.774125622651
1.03405 0.769309739939
1.23419 0.795715713589
1.43432 0.817554027215
1.63446 0.734521522494
1.83459 0.691225931641
2.03473 0.704078925275
2.23487 0.676469253997
2.435 0.666585841042
2.63514 0.534994180642
2.83528 0.535960573638
3.03541 0.528784078836
3.23555 0.381636224843
3.43569 0.350629137398
3.63583 0.284973147079
3.83597 0.098639407274
4.0361 0.0750505874634
4.23624 -0.0021607698764
4.43638 0.0110741104082
4.63652 0.00520175772848
4.83666 -0.0137979707131
5.0368 0.0104044932864
5.23694 -0.00285374541968
5.43708 0.0188250666479
5.63722 -0.0160396391675
5.83737 0.00359789627112
6.03751 0.00543535456737
6.23765 0.00354816397414
6.43779 -0.000903506169579
6.63793 0.00349630249413
6.83808 0.0120927421504
7.03822 0.0532500114079
7.23836 0.0958531891477
7.4385 0.160184526003
7.63865 0.305881083579
7.83879 0.368768756971
8.03894 0.38281409974
8.23908 0.446992227804
8.43923 0.48975970974
8.63937 0.543363943778
8.83951 0.660359436922
9.03966 0.615962482081
9.23981 0.650840715849
9.43995 0.76096155784
9.6401 0.677722248654
9.84025 0.765373398923
10.0404 0.645837564564
10.2405 0.794345208743
10.4407 0.69524241361
10.6408 0.713473881817
10.841 0.674651808406
11.0411 0.58092764814
11.2413 0.602806552063
11.4414 0.611171460514
11.6416 0.555450930164
11.8417 0.573180651186
12.0419 0.478142032134
12.242 0.556581909373
12.4422 0.507580458294
12.6423 0.538437190268
12.8425 0.588823351834
13.0426 0.636291560369
13.2428 0.584287024643
13.4429 0.685113072487
13.6431 0.636822617841
13.8432 0.627241096691
14.0434 0.797888282758
14.2435 0.747763016258
14.4437 0.775011126936
14.6438 0.813121861554
14.844 0.879961993234
15.0441 0.864879696055
15.2443 0.900629760844
15.4445 0.908555791362
15.6446 0.95099337712
15.8448 0.896304258256
16.0449 0.880877596038
16.2451 0.984410219628
16.4452 0.91702739497
16.6454 0.938722848416
16.8455 0.896551610297
17.0457 1.01559397903
17.2459 0.924710409636
17.446 0.944197036987
17.6462 0.950029027131
17.8463 0.981105877491
18.0465 0.987822864467
18.2466 0.965671660181
18.4468 0.981936699471
18.647 0.952344430253
18.8471 0.981432771835
19.0473 0.974509950219
19.2474 0.954619414964
19.4476 0.97483733649
19.6478 1.01440683934
19.8479 0.978713994274
20.0481 0.989541237518
20.2482 1.05470916093
20.4484 0.993238295783
20.6486 1.01755164392
20.8487 0.982005094192
21.0489 1.02135607628
21.249 1.02741021257
21.4492 0.991500790846
21.6494 1.01090402278
21.8495 0.973259789508
22.0497 1.00085391494
22.2498 0.985690223408
22.45 0.948121923234
22.6502 0.995347150429
22.8503 0.976326860941
23.0505 0.982932732743
23.2507 0.970973945615
23.4508 1.03947248664
23.651 1.01323333608
23.8512 1.07256153713
24.0513 0.973615340465
24.2515 0.937570854415
24.4517 0.954520859167
24.6518 0.986571403275
24.852 0.997113476467
25.0522 1.02544441168
25.2523 1.01315237401
25.4525 0.987355766869
25.6527 1.00101569663
25.8528 1.0235885634
26.053 1.01685647572
26.2532 0.971373288726
26.4533 1.01218675064
26.6535 0.992409270669
26.8537 0.991279714151
27.0538 0.94830343978
27.254 0.973340582931
27.4542 1.02615702721
27.6544 1.00858465016
27.8545 0.995800153632
28.0547 0.999053001882
28.2549 1.03592834465
28.455 1.02292722929
28.6552 0.991004213397
28.8554 0.951906808056
29.0556 0.992690561487
29.2557 1.02454842497
29.4559 1.03768064005
29.6561 0.984506626528
29.8562 0.98118494968
30.0564 0.99575389546
30.2566 1.02191850486
30.4568 1.03002771035
30.6569 0.987649578359
30.8571 0.964776538842
31.0573 1.01550438541
31.2575 0.982653861186
31.4576 1.00226800219
31.6578 1.00284178601
31.858 1.00088278131
32.0582 1.03431430429
32.2583 0.970853734458
32.4585 1.00641997608
32.6587 0.992026618917
32.8589 0.975909564803
33.0591 1.01256814428
33.2592 1.0288903705
33.4594 1.00330314645
33.6596 1.02576292773
33.8598 1.03200029331
34.0599 0.996667048423
34.2601 0.965531051831
34.4603 1.00156935475
34.6605 1.01597716529
34.8607 1.0100875374
35.0608 1.00082272089
35.261 1.00176864433
35.4612 0.995766083423
35.6614 1.0023089335
35.8616 1.00171815496
36.0617 1.01358946639
36.2619 0.997774240102
36.4621 0.98766147391
36.6623 0.999249510421
36.8625 1.05706999508
37.0627 0.963386679383
37.2628 0.989852927383
37.463 0.996986379545
37.6632 0.998600673204
37.8634 0.984499907816
38.0636 0.99431609953
38.2638 1.0109659663
38.4639 0.973396310811
38.6641 0.984352988351
38.8643 0.979570548056
39.0645 0.984491518802
39.2647 1.03069779439
39.4649 0.980116234171
39.6651 1.02246779402
39.8652 1.01228469765
40.0654 0.985194246967
40.2656 1.02137493357
40.4658 1.01408934632
40.666 1.00450612458
40.8662 1.022155731
41.0664 0.998192382176
41.2666 0.986000490343
41.4668 1.01117063491
41.6669 0.992517225182
41.8671 0.988503142261
42.0673 0.968725919718
42.2675 0.998589444308
42.4677 1.01891990918
42.6679 0.996406267831
42.8681 0.99192192273
43.0683 1.02501247688
43.2685 0.977350791988
43.4687 0.982862353034
43.6688 1.02718184722
43.869 0.992382104508
44.0692 1.01137951038
44.2694 1.02806446843
44.4696 0.988578763379
44.6698 0.976503547973
44.87 0.974111333425
45.0702 0.997267045322
45.2704 0.996735518092
45.4706 0.995709658561
45.6708 0.965001638385
45.871 0.983986060334
46.0712 0.990012306328
46.2714 0.999234120693
46.4716 1.01232357127
46.6718 1.0098258228
46.8719 1.00796126442
47.0721 1.01135106503
47.2723 0.990468620729
47.4725 0.987265482946
47.6727 1.00023643098
47.8729 0.991606754805
48.0731 0.997433035222
48.2733 0.976994953385
48.4735 0.965201195136
48.6737 0.992896539547
48.8739 0.996752897258
49.0741 0.964547159399
49.2743 0.974403994317
49.4745 0.999914635671
49.6747 0.960214340786
49.8749 1.01523855349
50.0751 0.986811598639
50.2753 1.01234814089
50.4755 1.00467011372
50.6757 1.00506244847
50.8759 0.999652419696
51.0761 1.00213130986
51.2763 1.01086245658
51.4765 1.0067225059
51.6767 0.985181032275
51.8769 1.00622969231
52.0771 0.950512821055
52.2773 0.970480249385
52.4775 0.995937136463
52.6777 0.989812468648
52.8779 0.994914820435
53.0782 0.984444870144
53.2784 1.0038605529
53.4786 0.984359377062
53.6788 1.01711823637
53.879 0.967044573604
54.0792 0.975046246634
54.2794 0.988328163831
54.4796 1.01364429774
54.6798 1.03175470309
54.88 1.01270343991
55.0802 1.00035616661
55.2804 1.00189637937
55.4806 0.982374870732
55.6808 0.982989377574
55.881 1.00258830879
56.0812 0.984714570177
56.2815 1.00521883685
56.4817 1.01414804673
56.6819 1.00750870284
56.8821 0.98639685059
57.0823 0.980477713818
57.2825 1.01483424617
57.4827 1.00907247682
57.6829 1.01320096141
57.8831 0.978914468049
58.0833 0.987060522683
58.2836 0.980076829283
58.4838 1.000036744
58.684 0.97464816252
58.8842 0.994722859027
59.0844 1.00047502912
59.2846 0.979511333111
59.4848 0.995557348597
59.685 0.994648140256
59.8853 0.993155737885
60.0855 0.990915366452
60.2857 0.988867542373
60.4859 1.01479266345
60.6861 1.00463011007
60.8863 0.999751480717
61.0865 1.01732673486
61.2868 0.976004986764
61.487 0.97524204426
61.6872 1.01670045098
61.8874 1.01056471816
62.0876 0.976413497813
62.2878 0.982528531327
62.4881 0.989682201663
62.6883 0.996726636744
62.8885 0.98656595639
63.0887 1.0060092515
63.2889 1.00805858945
63.4891 0.990681136501
63.6894 0.987224399382
63.8896 1.0123218697
64.0898 1.02247665126
64.29 1.00563981732
64.4902 1.00317728363
64.6905 0.967217317686
64.8907 0.996337868318
65.0909 1.0150313115
65.2911 1.01306495361
65.4913 1.01187618509
65.6916 0.994287703493
65.8918 0.992278767821
66.092 0.981440502594
66.2922 0.975123360878
66.4924 0.963764858675
66.6927 1.01056808599
66.8929 0.994207100151
67.0931 1.00803688682
67.2933 1.02585828493
67.4936 1.03387467002
67.6938 0.996611404454
67.894 0.989379678021
68.0942 1.00120624169
68.2945 1.00396465702
68.4947 0.996457074815
68.6949 1.00774117215
68.8951 1.00954426453
69.0954 0.996182570482
69.2956 0.977957264122
69.4958 0.971921551932
69.696 0.992099746555
69.8963 0.997533425366
70.0965 1.00383170373
70.2967 1.00292250203
70.4969 1.01617646457
70.6972 0.996769986879
70.8974 1.00798556194
71.0976 1.01762930057
71.2979 1.00209039177
71.4981 1.00978461193
71.6983 0.989543173686
71.8985 0.998033491855
72.0988 1.00386150612
72.299 0.995831855358
72.4992 0.978882205931
72.6995 1.0119293649
72.8997 0.990040209171
73.0999 0.997084583208
73.3002 0.994601703609
73.5004 0.98622770399
73.7006 0.982143375582
73.9009 1.0122134679
74.1011 0.989798539679
74.3013 0.985238405969
74.5016 0.978558434648
74.7018 0.997260988338
74.902 1.01683368778
75.1023 1.02391877606
75.3025 1.01540407873
75.5027 0.987425760345
75.703 1.00990512428
75.9032 1.01437605252
76.1034 1.03248983791
76.3037 0.99104270907
76.5039 0.982368806631
76.7041 0.992921534317
76.9044 1.03939851578
77.1046 0.992574994894
77.3048 0.993528292169
77.5051 1.00312014301
77.7053 1.00905180678
77.9056 1.00035754616
78.1058 1.00944766657
78.306 1.00829593895
78.5063 1.00043665592
78.7065 0.995334082413
78.9067 0.984149723908
79.107 0.986395284821
79.3072 0.987874373576
79.5075 1.00242420532
79.7077 0.978730079775
79.9079 0.99432964045
80.1082 1.01617945197
80.3084 1.00236614503
80.5087 0.999905495972
80.7089 0.977566599458
80.9091 1.00290439536
81.1094 0.981557844117
81.3096 1.02244534914
81.5099 0.996636983124
81.7101 1.00822273272
81.9104 0.998341768909
82.1106 1.00340326498
82.3108 0.998082243926
82.5111 0.998235741866
82.7113 1.0098325898
82.9116 1.00574828866
83.1118 0.989711514806
83.3121 0.996052306785
83.5123 1.00409821214
83.7126 0.992700988814
83.9128 1.01469699006
84.113 0.995851695198
84.3133 0.995303523022
84.5135 1.00895908018
84.7138 1.00781106144
84.914 1.0102898805
85.1143 0.992896077217
85.3145 0.9991720602
85.5148 1.01118543931
85.715 1.00783429028
85.9153 0.995915000804
86.1155 1.00043217767
86.3158 1.00748572933
86.516 1.01189367197
86.7163 1.00545259066
86.9165 1.00801471757
87.1168 1.01894873143
87.317 0.99920927528
87.5173 1.00101974655
87.7175 0.996206024501
87.9178 0.993997177565
88.118 0.990992243701
88.3183 0.996162945416
88.5185 0.989821850233
88.7188 0.996710618004
88.919 1.00280885044
89.1193 0.977994834157
89.3195 1.00545596846
89.5198 1.00767929
89.72 1.02104412177
89.9203 0.989524478285
90.1205 0.969909114418
90.3208 1.03486033723
90.521 0.9809244022
90.7213 0.960959141905
90.9216 0.982162637004
91.1218 0.998011985557
91.3221 0.945455357133
91.5223 0.978883385032
91.7226 0.996274910098
91.9228 1.02565214055
92.1231 1.01761336162
92.3233 0.98879676792
92.5236 1.00263366842
92.7239 0.994150570999
92.9241 0.991765854534
93.1244 1.00593414091
93.3246 0.998365618531
93.5249 1.00944953578
93.7252 1.01362603181
93.9254 0.977663235611
94.1257 1.01940563271
94.3259 1.00609420406
94.5262 1.01034104943
94.7264 1.00379633538
94.9267 0.987396853462
95.127 1.0015262385
95.3272 1.00982014557
95.5275 1.03035706337
95.7278 1.02482874532
95.928 1.02961062426
96.1283 0.99817445299
96.3285 1.03435345089
96.5288 1.01219257237
96.7291 1.0407550871
96.9293 0.985990032202
97.1296 0.988294802454
97.3298 1.00583435317
97.5301 1.00612299662
97.7304 0.998158312511
97.9306 0.980475885811
98.1309 0.984169168642
98.3312 0.992938855046
98.5314 1.00745328022
98.7317 0.98051966514
98.932 1.04488539448
99.1322 1.00089714696
99.3325 0.990099909455
99.5328 0.974876099417
99.733 1.01915835324
99.9333 0.976690096473
