-100.0 0.999858481513
-99.8 0.89967066393
-99.6 0.809273527134
-99.4 1.05315236825
-99.2 1.01407252992
-99.0 1.11732943814
-98.8 1.00107871548
-98.6 0.812846393686
-98.4 1.00180610604
-98.2 0.974921796533
-98.0 0.62078905657
-97.8 0.817485285479
-97.6 1.02676066231
-97.4 0.645997534944
-97.2 1.10943293195
-97.0 1.08164295652
-96.8 0.82207913597
-96.6 1.09689617315
-96.4 0.869689256603
-96.2 1.36106057855
-95.9999 0.923872456376
-95.7999 0.900999325093
-95.5999 0.687215457223
-95.3999 0.917229981067
-95.1999 0.944368203961
-94.9999 1.14774204782
-94.7999 0.696597598779
-94.5999 1.23967071654
-94.3999 1.35582513882
-94.1999 0.972149059115
-93.9999 1.12614432257
-93.7999 1.20665889748
-93.5999 1.25731175808
-93.3999 1.01036192055
-93.1999 1.14074583276
-92.9998 1.14085800653
-92.7998 1.13697004411
-92.5998 0.970221983347
-92.3998 0.580728028306
-92.1998 1.17362592444
-91.9998 0.763110165016
-91.7998 0.763271197142
-91.5998 0.812919941094
-91.3998 1.37250703188
-91.1997 1.17146829528
-90.9997 1.00637863845
-90.7997 0.870157903688
-90.5997 0.723730591898
-90.3997 0.766424389561
-90.1997 1.06450017882
-89.9997 0.916386264973
-89.7997 0.992449930364
-89.5996 1.10038608543
-89.3996 1.25858879884
-89.1996 0.77759332731
-88.9996 1.25892636361
-88.7996 1.00568253022
-88.5996 0.790442968211
-88.3996 1.0469280755
-88.1995 1.17755238949
-87.9995 1.15492338551
-87.7995 1.17213059996
-87.5995 1.02405048403
-87.3995 1.08031129418
-87.1995 0.938919819772
-86.9994 1.00348144947
-86.7994 0.725754437037
-86.5994 0.932149548818
-86.3994 1.1265521179
-86.1994 0.827384585302
-85.9994 1.14406819524
-85.7993 0.954191728719
-85.5993 1.15043095564
-85.3993 1.28044523851
-85.1993 0.874062918364
-84.9993 1.29488670161
-84.7992 0.83074411218
-84.5992 0.939032816572
-84.3992 1.05907955287
-84.1992 1.29864943551
-83.9991 0.860739528297
-83.7991 0.898558540494
-83.5991 1.04383464065
-83.3991 0.877002994394
-83.1991 0.730969921523
-82.999 0.984333168592
-82.799 1.34922095762
-82.599 0.985643488822
-82.399 1.10856593843
-82.1989 1.22421029554
-81.9989 0.914777600617
-81.7989 1.2272214607
-81.5989 1.06036693855
-81.3988 0.999146272275
-81.1988 0.964580061629
-80.9988 0.929494505972
-80.7988 0.967737936554
-80.5987 0.866625219872
-80.3987 0.805457864364
-80.1987 0.924372407234
-79.9987 0.64093272044
-79.7986 0.628401260009
-79.5986 1.13492047179
-79.3986 1.0311005152
-79.1986 0.669779283164
-78.9985 1.12489937992
-78.7985 1.23327364479
-78.5985 1.04304181694
-78.3984 0.86932446058
-78.1984 1.04176581813
-77.9984 0.963687740677
-77.7984 1.06356036796
-77.5983 0.901942342413
-77.3983 0.786712185457
-77.1983 0.82358675458
-76.9982 0.990525310864
-76.7982 1.23311624787
-76.5982 1.27575220252
-76.3981 0.82925246913
-76.1981 1.00450241028
-75.9981 0.96746220141
-75.798 1.08588611657
-75.598 0.754565313766
-75.398 1.14606396211
-75.198 1.04780735879
-74.9979 1.02897737592
-74.7979 1.3399967456
-74.5978 0.963946613582
-74.3978 1.02644266701
-74.1978 0.794966427405
-73.9977 1.02120696448
-73.7977 0.970742374464
-73.5977 0.791019181872
-73.3976 1.0119130155
-73.1976 0.963236965847
-72.9976 1.13565328121
-72.7975 0.986436786385
-72.5975 0.966311766931
-72.3975 1.08994278711
-72.1974 1.05229819713
-71.9974 1.20676849248
-71.7973 1.1435619887
-71.5973 0.847891514154
-71.3973 0.82714864928
-71.1972 1.13757135461
-70.9972 1.19766942807
-70.7972 1.08103444776
-70.5971 0.906500839311
-70.3971 0.849577297472
-70.197 0.935155428096
-69.997 0.945120342229
-69.797 0.908671784698
-69.5969 0.86225595905
-69.3969 0.76987560267
-69.1968 1.0440032854
-68.9968 0.984711826508
-68.7968 0.847291346425
-68.5967 1.09962651486
-68.3967 0.679621955526
-68.1966 1.11487243381
-67.9966 1.08240291162
-67.7965 1.15884879658
-67.5965 1.11536658118
-67.3965 1.22532225201
-67.1964 0.988018639609
-66.9964 0.674312053087
-66.7963 0.907261763136
-66.5963 1.03721841314
-66.3962 0.814122371915
-66.1962 0.817497750253
-65.9961 0.907697675657
-65.7961 1.06547255288
-65.5961 0.805299999816
-65.396 1.11373071611
-65.196 1.20517036209
-64.9959 1.05682385707
-64.7959 1.13882123416
-64.5958 1.13425787628
-64.3958 1.01901313284
-64.1957 0.879539816257
-63.9957 1.063796784
-63.7956 1.25747238948
-63.5956 1.08472703486
-63.3955 1.20255767127
-63.1955 1.15576871602
-62.9954 1.23839054553
-62.7954 1.24014112922
-62.5953 1.26918945857
-62.3953 0.758262206864
-62.1952 0.869413743578
-61.9952 1.05475039485
-61.7951 1.03210126917
-61.5951 0.787109802001
-61.395 0.860844458361
-61.195 0.883949769626
-60.9949 1.20964845252
-60.7949 0.971269840751
-60.5948 1.05761503364
-60.3948 1.1250139054
-60.1947 1.37268892324
-59.9947 1.15089338927
-59.7946 0.90230756362
-59.5946 1.29771043122
-59.3945 1.27761262877
-59.1944 1.14014892189
-58.9944 0.810557844921
-58.7943 0.661592460543
-58.5943 0.779542979845
-58.3942 1.04762879873
-58.1942 1.04438663763
-57.9941 0.921138755674
-57.7941 0.984473516774
-57.594 1.15043781686
-57.3939 1.24360392325
-57.1939 0.967112582937
-56.9938 0.808767485981
-56.7938 1.22716857003
-56.5937 1.20518056753
-56.3937 1.23149390793
-56.1936 0.700957748058
-55.9935 0.916402236605
-55.7935 0.724599604037
-55.5934 0.997393015934
-55.3934 1.14934262971
-55.1933 0.763185474028
-54.9932 0.924592433692
-54.7932 1.00173263874
-54.5931 1.01232974675
-54.3931 1.1178013764
-54.193 1.05981058432
-53.9929 0.970150130526
-53.7929 0.921884447793
-53.5928 1.10797035639
-53.3928 0.944159998261
-53.1927 0.935907038695
-52.9926 0.883004604477
-52.7926 1.01890863332
-52.5925 1.02577139903
-52.3924 0.750876372212
-52.1924 1.16689183215
-51.9923 0.97142561945
-51.7922 0.919534083212
-51.5922 0.84970983502
-51.3921 0.459321964861
-51.1921 0.824017363745
-50.992 0.938567289735
-50.7919 0.890673987188
-50.5919 0.750915634208
-50.3918 0.753566821783
-50.1917 1.22896902573
-49.9917 0.720093984277
-49.7916 0.921981876737
-49.5915 1.19209481042
-49.3915 0.862936552689
-49.1914 1.26768677067
-48.9913 1.25810921928
-48.7913 0.555173828246
-48.5912 0.985351818164
-48.3911 1.22410472969
-48.191 1.18207934911
-47.991 0.995503622196
-47.7909 0.797947145484
-47.5908 1.09407765222
-47.3908 1.05852799667
-47.1907 1.02136687472
-46.9906 0.877547232227
-46.7906 1.1152224091
-46.5905 1.24570531618
-46.3904 1.00670335742
-46.1903 0.948555803543
-45.9903 0.933660900701
-45.7902 1.18355232492
-45.5901 0.865362772259
-45.3901 1.08817257726
-45.19 0.837942050157
-44.9899 0.855356346992
-44.7898 1.27566957293
-44.5898 1.26797209769
-44.3897 1.30295260777
-44.1896 1.19517931785
-43.9895 1.15401409995
-43.7895 1.04809568751
-43.5894 1.08168051172
-43.3893 1.10143635859
-43.1892 0.868663030797
-42.9892 1.22893565275
-42.7891 1.23615040568
-42.589 1.06383398007
-42.3889 1.08489905018
-42.1889 1.02981092726
-41.9888 0.931777411947
-41.7887 1.13496044763
-41.5886 0.858889738545
-41.3885 0.961769934302
-41.1885 0.759107558868
-40.9884 1.28422233378
-40.7883 1.19680096787
-40.5882 1.16497549817
-40.3881 1.38233519599
-40.1881 1.15345469319
-39.988 0.666658069971
-39.7879 0.86172582312
-39.5878 1.01575387454
-39.3877 0.883203440133
-39.1877 1.15034981944
-38.9876 1.21483796063
-38.7875 0.950191499297
-38.5874 1.10936259722
-38.3873 1.21185756808
-38.1873 1.3632517761
-37.9872 1.26909780473
-37.7871 1.21441251038
-37.587 1.06944496215
-37.3869 1.0757354466
-37.1868 0.964104998336
-36.9868 0.902013946635
-36.7867 1.06673873139
-36.5866 0.797851647385
-36.3865 1.197332566
-36.1864 1.09966414878
-35.9863 1.16045795255
-35.7862 1.05169569444
-35.5862 1.08661256213
-35.3861 1.02665267077
-35.186 0.554260002082
-34.9859 1.19952007718
-34.7858 1.18650589209
-34.5857 1.14418275007
-34.3856 0.871484624411
-34.1856 0.959918120116
-33.9855 0.986698334736
-33.7854 0.917029507582
-33.5853 0.966035974179
-33.3852 1.07604107821
-33.1851 1.09881340296
-32.985 0.921632939261
-32.7849 0.728550639559
-32.5848 0.925688526056
-32.3847 0.508347820474
-32.1847 1.03671256371
-31.9846 0.967919988439
-31.7845 1.1350766649
-31.5844 0.872437186983
-31.3843 0.768249212808
-31.1842 0.990993136369
-30.9841 1.28490040662
-30.784 0.832007243156
-30.5839 1.01576142155
-30.3838 0.745676466674
-30.1837 0.939527332792
-29.9836 0.952641187195
-29.7836 1.11038895297
-29.5835 1.18423374292
-29.3834 0.800131335788
-29.1833 0.940597280967
-28.9832 1.12255746045
-28.7831 0.998312345365
-28.583 0.700055863856
-28.3829 0.790622821576
-28.1828 0.972364754592
-27.9827 0.643102655274
-27.7826 1.06899846055
-27.5825 1.16445662978
-27.3824 0.845840615917
-27.1823 0.96735356138
-26.9822 0.718765272302
-26.7821 0.445395408292
-26.582 0.869370612736
-26.3819 0.852935234584
-26.1818 0.732822276212
-25.9817 0.896900757142
-25.7816 0.946471702228
-25.5815 0.51257888941
-25.3814 0.848379704655
-25.1813 0.940833926017
-24.9812 0.981964316502
-24.7811 1.09841858929
-24.581 0.918997189712
-24.3809 0.65690063163
-24.1808 0.502267355538
-23.9807 0.707512723896
-23.7806 0.852133121092
-23.5805 0.598406302179
-23.3804 0.479210903578
-23.1803 0.686799031406
-22.9802 0.903015598289
-22.7801 1.15394291492
-22.58 0.621337969129
-22.3799 0.559753909988
-22.1798 1.23219769704
-21.9797 0.961075180389
-21.7796 0.840896753115
-21.5795 0.858669261428
-21.3794 0.484792623282
-21.1793 0.329233221853
-20.9792 1.0623249202
-20.7791 1.01797676449
-20.579 0.720558100984
-20.3789 0.87948325025
-20.1787 0.128956524784
-19.9786 1.14592114744
-19.7785 0.900450931569
-19.5784 1.13874634915
-19.3783 0.029059437069
-19.1782 0.607997106421
-18.9781 1.0530235377
-18.778 1.17429641426
-18.5779 0.401894887665
-18.3778 0.894982521386
-18.1777 0.624771059874
-17.9776 1.44413704662
-17.7774 0.436261455807
-17.5773 0.788033133185
-17.3772 1.0339994421
-17.1771 0.771458985559
-16.977 0.460103566856
-16.7769 0.753325792892
-16.5768 0.923203730815
-16.3767 1.18018426
-16.1766 0.646980141968
-15.9764 0.707227363093
-15.7763 0.673527750076
-15.5762 0.620042617862
-15.3761 0.689041523673
-15.176 0.0650596912166
-14.9759 1.22835580537
-14.7758 0.349200412676
-14.5757 1.1231044942
-14.3755 0.349618645395
-14.1754 1.29938256103
-13.9753 0.896754228099
-13.7752 0.574537967183
-13.5751 1.40602410346
-13.375 1.2167762661
-13.1749 0.875015156592
-12.9747 1.01237445626
-12.7746 0.679603157132
-12.5745 1.27651573287
-12.3744 0.228246625139
-12.1743 1.1883721304
-11.9742 1.09383111855
-11.774 0.527866897767
-11.5739 0.600313739101
-11.3738 0.797822819902
-11.1737 0.558335868204
-10.9736 0.846812811586
-10.7734 0.622859888812
-10.5733 0.330063121604
-10.3732 0.368818468306
-10.1731 0.928777058799
-9.97296 0.158620220926
-9.77284 0.208896185505
-9.57272 0.324017381714
-9.3726 0.305448456733
-9.17248 0.179709467569
-8.97236 0.516640173557
-8.77224 0.272391427521
-8.57211 0.528811026964
-8.37199 0.192002437114
-8.17187 0.393608108366
-7.97175 1.03476980728
-7.77163 0.40793835141
-7.5715 0.128537967021
-7.37138 0.0635569991793
-7.17125 0.0701196786024
-6.97113 0.216103542182
-6.77101 0.036502150154
-6.57088 0.291992156115
-6.37076 0.282165321526
-6.17063 0.79514521749
-5.97051 0.0538475441077
-5.77038 0.0209500831995
-5.57025 0.263232512128
-5.37013 0.412087784545
-5.17 0.0988598215728
-4.96987 0.05649961194
-4.76975 0.135994734743
-4.56962 0.139367561558
-4.36949 0.0603062437928
-4.16937 0.089119312029
-3.96924 0.0383123488502
-3.76911 -0.0119543433273
-3.56898 0.13135562625
-3.36885 0.0896782103939
-3.16872 -0.100425133607
-2.96859 -0.0534075060457
-2.76846 -0.213511737772
-2.56833 0.0447515908952
-2.3682 0.00950502138212
-2.16807 0.0100794441755
-1.96794 0.137038548826
-1.76781 -0.0325040637495
-1.56768 0.0381967395196
-1.36755 -0.133398406939
-1.16742 0.050927510028
-0.967284 0.0297393515917
-0.767152 0.0760026545505
-0.567019 0.204353514407
-0.366886 0.200985444692
-0.166753 0.210128065713
0.0333802 -0.068089109327
0.233514 -0.0917049442711
0.433648 -0.0933467828563
0.633782 -0.00171170561291
0.833917 -0.0484723550289
1.03405 0.313508359143
1.23419 0.0816403198757
1.43432 0.189504163139
1.63446 0.11085033728
1.83459 0.111937506582
2.03473 -0.191735911454
2.23487 0.0480312793255
2.435 -0.079421240993
2.63514 0.017592495984
2.83528 0.0958608195382
3.03541 0.404495395536
3.23555 0.699144306299
3.43569 0.644383792708
3.63583 0.166209265158
3.83597 0.0385971618463
4.0361 0.306616519189
4.23624 -0.15854647231
4.43638 0.20420112422
4.63652 0.0141566161568
4.83666 0.005283880138
5.0368 -0.206151423896
5.23694 0.000652819417867
5.43708 0.083440349025
5.63722 0.00179724778924
5.83737 -0.0395526667169
6.03751 -0.00485385249832
6.23765 0.125967780998
6.43779 -0.0459312219589
6.63793 -0.0889571437809
6.83808 0.0637484237645
7.03822 0.0596073618109
7.23836 0.0529667448224
7.4385 -0.0166963490892
7.63865 0.0310610760684
7.83879 -0.291626934243
8.03894 0.237930806979
8.23908 0.241809352466
8.43923 0.241610046639
8.63937 0.355068563098
8.83951 0.337765574677
9.03966 0.111227566698
9.23981 -0.126551949561
9.43995 0.288413145967
9.6401 0.472508806609
9.84025 -0.00232182253678
10.0404 0.126360885397
10.2405 0.331846040847
10.4407 0.00700012636143
10.6408 0.250458092134
10.841 0.330915532512
11.0411 0.0963686371208
11.2413 1.13808926861
11.4414 0.212764720342
11.6416 0.20839428619
11.8417 0.619844990058
12.0419 0.799990774328
12.242 0.152886694948
12.4422 1.56744079457
12.6423 0.700193930316
12.8425 0.438223731422
13.0426 0.786918566512
13.2428 0.807036494595
13.4429 0.362616864667
13.6431 0.286188803314
13.8432 0.321144520852
14.0434 0.873108282779
14.2435 0.319245101052
14.4437 0.591307936141
14.6438 0.185829633049
14.844 0.449517378365
15.0441 0.565690719225
15.2443 0.194482668723
15.4445 0.679311165833
15.6446 0.589118247862
15.8448 0.969346650961
16.0449 0.883257503183
16.2451 1.5123384292
16.4452 0.887894208482
16.6454 0.447568732838
16.8455 0.569255353929
17.0457 0.531302913833
17.2459 0.837489046612
17.446 0.999489935725
17.6462 0.12670956842
17.8463 0.98134577535
18.0465 1.29431300264
18.2466 0.651878880906
18.4468 1.22611619429
18.647 0.867992884088
18.8471 0.242698827542
19.0473 0.891805126783
19.2474 0.808715803487
19.4476 0.513687122492
19.6478 0.688982065677
19.8479 0.917153209154
20.0481 1.22755038166
20.2482 1.01939072999
20.4484 0.567771365961
20.6486 0.868593505549
20.8487 0.880771312709
21.0489 1.23064615769
21.249 0.923071414567
21.4492 0.998831107431
21.6494 0.741072921257
21.8495 1.33752176118
22.0497 0.453042007465
22.2498 1.10879747098
22.45 1.05811640256
22.6502 0.648038862366
22.8503 1.17108893999
23.0505 1.01689672952
23.2507 1.23135917677
23.4508 0.561319742471
23.651 0.607235613344
23.8512 1.26978637957
24.0513 1.0611287318
24.2515 1.09243664377
24.4517 0.997787051723
24.6518 0.375566515109
24.852 1.07891502038
25.0522 0.903233054316
25.2523 1.23973844345
25.4525 0.849296550875
25.6527 1.09490649421
25.8528 1.03984449843
26.053 0.65403382363
26.2532 0.977668063867
26.4533 0.955951249799
26.6535 0.698407899992
26.8537 0.652197648793
27.0538 0.953141560576
27.254 0.957204614127
27.4542 1.01608864409
27.6544 0.449063195376
27.8545 0.567815690105
28.0547 0.87917409038
28.2549 0.830667452464
28.455 1.19019791462
28.6552 0.793609848749
28.8554 1.13154174093
29.0556 0.785875981786
29.2557 0.76207210822
29.4559 0.954680525182
29.6561 0.778407010804
29.8562 0.903930902566
30.0564 1.20775273883
30.2566 0.936304793637
30.4568 1.13218808816
30.6569 1.13211956702
30.8571 1.15804817455
31.0573 0.931693017849
31.2575 0.661210373891
31.4576 0.858663762555
31.6578 0.947208759062
31.858 1.0756868752
32.0582 0.524540796107
32.2583 0.504592587711
32.4585 0.697530704198
32.6587 0.583135705522
32.8589 0.850744664342
33.0591 0.61949213735
33.2592 0.661201559442
33.4594 0.915142052723
33.6596 0.564607261347
33.8598 0.704707360283
34.0599 0.946626424396
34.2601 1.16926651504
34.4603 1.09655294027
34.6605 0.710934025217
34.8607 0.745032005078
35.0608 1.10316609878
35.261 0.943041031228
35.4612 0.884627486451
35.6614 1.23600437447
35.8616 0.776108305368
36.0617 1.16047223494
36.2619 1.35999802298
36.4621 1.22963897336
36.6623 0.939855413728
36.8625 0.875265666766
37.0627 1.02609574132
37.2628 1.22282773184
37.463 1.22512313354
37.6632 0.896516495816
37.8634 0.928314560497
38.0636 0.88195569633
38.2638 0.883215476228
38.4639 1.0412221929
38.6641 0.854560074662
38.8643 1.22384887818
39.0645 1.13663968497
39.2647 1.00182931731
39.4649 1.01351145336
39.6651 1.21338214817
39.8652 1.12161458138
40.0654 0.879038929585
40.2656 1.12411665347
40.4658 1.03120307036
40.666 0.925508882952
40.8662 0.938824682759
41.0664 0.924107778239
41.2666 0.889502409558
41.4668 0.929583923025
41.6669 1.0959718529
41.8671 0.723312807939
42.0673 1.0410070498
42.2675 1.14366166252
42.4677 0.934286725263
42.6679 1.14206616777
42.8681 1.16750584465
43.0683 0.867374124913
43.2685 1.06114622317
43.4687 1.29117503019
43.6688 0.933832955376
43.869 0.896416069876
44.0692 0.784439679295
44.2694 0.737285469756
44.4696 1.14107128373
44.6698 1.24564635705
44.87 1.08483584075
45.0702 1.18473034348
45.2704 0.951611978339
45.4706 1.05536055614
45.6708 1.18119355262
45.871 1.10086123616
46.0712 0.986893457403
46.2714 1.09627126533
46.4716 0.903910402947
46.6718 0.773269996156
46.8719 1.01837209249
47.0721 0.764803865203
47.2723 0.91629127639
47.4725 0.833295999238
47.6727 0.927127962089
47.8729 0.84788781344
48.0731 1.03323508749
48.2733 0.857473982063
48.4735 0.895864697952
48.6737 1.22163279349
48.8739 1.02850600706
49.0741 0.947352017641
49.2743 1.09129440467
49.4745 1.0881588642
49.6747 1.00727801512
49.8749 1.05256250594
50.0751 0.990650701745
50.2753 1.15934494646
50.4755 1.1224887228
50.6757 0.779250141503
50.8759 0.953485398395
51.0761 1.00047612032
51.2763 1.31193191286
51.4765 1.02653058691
51.6767 0.898526242339
51.8769 1.1286000088
52.0771 0.930178463337
52.2773 0.78479831318
52.4775 1.03472602528
52.6777 1.0207802299
52.8779 1.08358541151
53.0782 1.37139564859
53.2784 0.921032994414
53.4786 1.04436941591
53.6788 1.0224323065
53.879 0.953459187195
54.0792 1.09024382182
54.2794 1.05113476001
54.4796 1.12429487309
54.6798 1.09219686487
54.88 0.95229147487
55.0802 1.24475268381
55.2804 0.90063258418
55.4806 0.967172123361
55.6808 0.710359109501
55.881 1.27165657192
56.0812 0.918899368345
56.2815 1.01221324655
56.4817 0.817486742627
56.6819 1.17708956716
56.8821 1.17985666381
57.0823 1.46490206031
57.2825 0.98750333366
57.4827 1.18947391572
57.6829 1.35462034231
57.8831 1.50144127107
58.0833 1.13158194464
58.2836 0.915816385752
58.4838 0.7103998681
58.684 0.825324563505
58.8842 0.917385540975
59.0844 0.783912020595
59.2846 1.17437522056
59.4848 0.762827368023
59.685 1.22066319934
59.8853 0.953984104837
60.0855 0.909692839638
60.2857 0.770653028342
60.4859 1.07137721679
60.6861 1.23955329373
60.8863 1.14464623628
61.0865 1.23325141409
61.2868 0.947465215031
61.487 1.07714488778
61.6872 1.06526891234
61.8874 1.39155461755
62.0876 0.963636327211
62.2878 1.31962353542
62.4881 1.18076245435
62.6883 0.837887925141
62.8885 1.05278353994
63.0887 0.936886213577
63.2889 0.833844504012
63.4891 0.99015164288
63.6894 1.31334506462
63.8896 1.03064056962
64.0898 0.971983944486
64.29 0.849553258422
64.4902 1.04917656462
64.6905 0.634672378611
64.8907 0.789909948035
65.0909 1.20503262101
65.2911 1.08800492644
65.4913 0.871699610144
65.6916 0.928305006334
65.8918 1.12935220607
66.092 1.24071818386
66.2922 0.825679904487
66.4924 0.987205172302
66.6927 0.93082656913
66.8929 0.726105326727
67.0931 0.780865898697
67.2933 1.21843423834
67.4936 0.826570385455
67.6938 1.03489206032
67.894 0.937540200091
68.0942 1.0916434716
68.2945 1.14388160221
68.4947 0.98518851753
68.6949 1.01020328669
68.8951 1.14130550134
69.0954 1.09971597137
69.2956 0.698513328974
69.4958 1.00793384168
69.696 0.951309234132
69.8963 0.958963128574
70.0965 1.01946301961
70.2967 1.07992181692
70.4969 1.06079660302
70.6972 1.05264725081
70.8974 0.804028173191
71.0976 0.887151943494
71.2979 1.02050532606
71.4981 0.781052892549
71.6983 0.925724669666
71.8985 1.12788538609
72.0988 1.02876089816
72.299 0.543951667625
72.4992 1.19512644453
72.6995 1.06565717106
72.8997 1.14743562744
73.0999 0.745711413931
73.3002 0.91463128392
73.5004 0.947476349511
73.7006 1.1302662263
73.9009 0.744763204551
74.1011 1.15722241832
74.3013 0.997822346012
74.5016 0.780314957558
74.7018 0.827906435994
74.902 1.40603061012
75.1023 0.959762456743
75.3025 0.737906796689
75.5027 1.01978815819
75.703 0.98290127606
75.9032 0.991286135566
76.1034 0.74370155881
76.3037 1.29551263073
76.5039 1.19744705416
76.7041 0.844612163678
76.9044 1.04132297843
77.1046 0.923837981394
77.3048 1.0305620043
77.5051 0.901031286191
77.7053 0.818901373819
77.9056 1.13798841665
78.1058 1.31134757012
78.306 0.839349345082
78.5063 1.01160363441
78.7065 1.08341589666
78.9067 0.694636821904
79.107 0.65433412692
79.3072 0.992403322836
79.5075 1.05650827531
79.7077 1.18236271847
79.9079 1.11792444408
80.1082 0.76714592151
80.3084 0.980775189049
80.5087 0.823395302892
80.7089 0.71391061217
80.9091 0.995533293142
81.1094 0.855616894947
81.3096 1.1235210664
81.5099 0.885492338879
81.7101 1.062332697
81.9104 1.07739316842
82.1106 0.855262136983
82.3108 1.08614861025
82.5111 0.776036347668
82.7113 1.36465014021
82.9116 1.0750709089
83.1118 1.17623495127
83.3121 0.897821228782
83.5123 0.860729455651
83.7126 0.842713081624
83.9128 0.936017047525
84.113 1.04942212336
84.3133 0.923879146901
84.5135 1.16466995726
84.7138 1.20043692975
84.914 1.01500324819
85.1143 1.16041188714
85.3145 1.08742216826
85.5148 1.08897221936
85.715 0.966517868287
85.9153 0.786511261803
86.1155 0.580791778265
86.3158 0.684064776825
86.516 0.918089439023
86.7163 1.00332432575
86.9165 0.702966564915
87.1168 0.900938516606
87.317 0.560966628324
87.5173 0.80956337483
87.7175 0.920432067303
87.9178 0.91304770173
88.118 1.00247596465
88.3183 0.893408934834
88.5185 1.15265833239
88.7188 1.46277530196
88.919 0.98368601806
89.1193 0.986679002729
89.3195 1.52869723206
89.5198 1.22150337271
89.72 0.875468904974
89.9203 1.33759445593
90.1205 0.881707221247
90.3208 0.77545777013
90.521 1.09211482844
90.7213 1.12192718529
90.9216 1.17819109222
91.1218 1.00153526439
91.3221 1.19797816741
91.5223 1.02164466957
91.7226 1.07879910548
91.9228 0.91633413125
92.1231 0.940843277326
92.3233 0.996217107919
92.5236 0.803285431209
92.7239 1.04222721566
92.9241 0.807945017307
93.1244 1.22344639634
93.3246 1.08959496468
93.5249 1.0845576483
93.7252 1.10145902719
93.9254 1.08672876256
94.1257 0.995274029966
94.3259 0.936417525129
94.5262 0.996259697515
94.7264 0.925820651117
94.9267 1.05169683628
95.127 1.16446475502
95.3272 1.11506505034
95.5275 1.23669050557
95.7278 0.920989315777
95.928 0.789277392324
96.1283 1.26155509835
96.3285 0.887071095313
96.5288 1.32983762541
96.7291 1.02520723095
96.9293 0.808285012588
97.1296 1.03132549235
97.3298 0.918261573017
97.5301 1.11563730049
97.7304 1.08458947181
97.9306 1.00024432509
98.1309 1.05885775536
98.3312 0.968099071571
98.5314 1.03628784321
98.7317 0.925474185468
98.932 1.21011855514
99.1322 1.0640178567
99.3325 0.923292208646
99.5328 1.04951485989
99.733 1.05732244891
99.9333 0.941339173172
