-113.203 0.887286628462
-112.997 0.834457853242
-112.791 0.520101881666
-112.585 0.523827159693
-112.379 0.782124713567
-112.173 0.595888690541
-111.967 0.979477172334
-111.761 0.739009633696
-111.555 0.506635791205
-111.349 1.79318755832
-111.143 1.14085474351
-110.937 0.764230834973
-110.731 1.48890186876
-110.526 0.643374410478
-110.32 0.731744697498
-110.114 1.27999145155
-109.908 1.09785252323
-109.702 1.41723268832
-109.496 0.641952422364
-109.29 0.878572693391
-109.084 1.0826631281
-108.878 1.48967772162
-108.672 0.886126955822
-108.466 0.996534377637
-108.26 0.873740960573
-108.054 0.341612225472
-107.848 0.876106827329
-107.642 1.21620611173
-107.436 0.858605748471
-107.23 1.47460825936
-107.024 0.688595699086
-106.818 0.687704590921
-106.612 0.980409751684
-106.406 0.726133957267
-106.2 1.17677121848
-105.995 0.821308942397
-105.789 1.75160202099
-105.583 0.614030412401
-105.377 0.754709417962
-105.171 1.06418385078
-104.965 1.00441290138
-104.759 1.07787778741
-104.553 1.55013505923
-104.347 1.37333875382
-104.141 0.707592469505
-103.935 1.16060869714
-103.729 0.611738123052
-103.523 1.11730455479
-103.317 1.10267794736
-103.111 0.841112221338
-102.905 0.727863273181
-102.699 0.996334448089
-102.493 1.45373383177
-102.287 0.93272263735
-102.081 1.50345822593
-101.875 1.19727404176
-101.669 0.909232945525
-101.463 0.698127252176
-101.257 1.03887250518
-101.051 1.66862859327
-100.845 0.920633292302
-100.64 1.51634189198
-100.434 1.01983140516
-100.228 1.31764935759
-100.022 1.13248503744
-99.8156 1.23303755084
-99.6097 1.1199603567
-99.4037 1.18921912886
-99.1977 1.15340176551
-98.9918 0.940602847482
-98.7858 1.12689418469
-98.5798 1.36461240562
-98.3739 0.824686601936
-98.1679 0.626021947133
-97.9619 1.05192328036
-97.756 0.992193443736
-97.55 1.40563055821
-97.344 1.64651501272
-97.138 1.0169842598
-96.9321 0.722889363628
-96.7261 1.41611066439
-96.5201 0.521649842329
-96.3142 0.907612628016
-96.1082 0.64685825303
-95.9022 1.25098494289
-95.6962 0.488758145559
-95.4903 1.1087099239
-95.2843 0.973436344443
-95.0783 1.18058040683
-94.8724 0.998267769396
-94.6664 1.37396653694
-94.4604 1.37884512374
-94.2544 0.874624761682
-94.0485 1.16329514839
-93.8425 0.914501372034
-93.6365 1.05629368841
-93.4305 0.766460504863
-93.2245 0.832645546115
-93.0186 1.22443425501
-92.8126 1.42364028793
-92.6066 0.781221790914
-92.4006 0.826281222596
-92.1947 0.805553063027
-91.9887 0.685155680643
-91.7827 0.886419198332
-91.5767 0.728162873035
-91.3708 1.2828017914
-91.1648 0.920821997166
-90.9588 0.676149842983
-90.7528 1.15271203556
-90.5468 1.04560159235
-90.3409 0.986492872462
-90.1349 1.50030892762
-89.9289 1.03016354175
-89.7229 1.12864125874
-89.5169 1.05037398682
-89.311 1.27331472366
-89.105 0.6002253844
-88.899 0.443536835381
-88.693 1.33160006834
-88.487 0.960067053173
-88.281 0.893580672523
-88.0751 0.632264782944
-87.8691 0.616972625052
-87.6631 1.20453130068
-87.4571 0.901968932225
-87.2511 1.19035631925
-87.0451 0.642078471183
-86.8392 1.66600323995
-86.6332 0.903485116301
-86.4272 0.7887219663
-86.2212 0.30464295906
-86.0152 1.13502889247
-85.8092 0.991473371449
-85.6032 1.52634422764
-85.3973 1.09747200594
-85.1913 1.65769110045
-84.9853 0.706253056502
-84.7793 0.860132403826
-84.5733 1.42506002524
-84.3673 1.19435315298
-84.1613 0.884575416639
-83.9553 0.977203233695
-83.7494 0.833994170784
-83.5434 0.592461451536
-83.3374 0.258717325527
-83.1314 0.642247338935
-82.9254 0.869792063899
-82.7194 1.13308601158
-82.5134 0.671832152651
-82.3074 0.523396318218
-82.1014 0.973267556664
-81.8954 0.869177076007
-81.6894 1.23690843899
-81.4835 1.04677561993
-81.2775 0.639761902935
-81.0715 1.3359372497
-80.8655 1.42794019787
-80.6595 1.15033308487
-80.4535 1.54359694352
-80.2475 0.963653799119
-80.0415 0.914959393602
-79.8355 1.20173571116
-79.6295 0.69996650278
-79.4235 0.938748206129
-79.2175 1.07520259673
-79.0115 0.879676767081
-78.8055 0.918733102193
-78.5995 1.06224900611
-78.3935 0.923209126737
-78.1875 0.867041171066
-77.9815 0.786474838753
-77.7755 0.651455911837
-77.5695 1.1880442559
-77.3635 1.27153808641
-77.1576 1.21494942471
-76.9516 1.14682104313
-76.7456 0.901115823842
-76.5396 1.05107733744
-76.3336 0.987811863747
-76.1276 1.04959142696
-75.9216 1.16537072035
-75.7156 1.04923360953
-75.5096 1.41035510477
-75.3036 1.14037726381
-75.0976 0.60028780928
-74.8916 0.853125908801
-74.6856 0.932161261373
-74.4796 0.960120910914
-74.2735 1.37471110855
-74.0675 1.30254968591
-73.8615 0.48240972481
-73.6555 0.963186401726
-73.4495 1.03247033955
-73.2435 1.19128038567
-73.0375 1.53267327308
-72.8315 0.668751982517
-72.6255 0.785007318104
-72.4195 0.987157081365
-72.2135 1.15409757928
-72.0075 1.0038202793
-71.8015 1.02846532795
-71.5955 0.897907743241
-71.3895 0.702690880906
-71.1835 0.868547848587
-70.9775 1.45025350957
-70.7715 1.31724579374
-70.5655 0.814630205077
-70.3595 1.01201640462
-70.1535 1.0984171263
-69.9474 0.604196544295
-69.7414 1.21265507389
-69.5354 0.907993098176
-69.3294 0.466765259155
-69.1234 0.898845247756
-68.9174 0.870577102115
-68.7114 0.803157313141
-68.5054 1.30811357827
-68.2994 1.10158297204
-68.0934 1.54867161521
-67.8873 1.22310271912
-67.6813 1.06369263988
-67.4753 1.25468453642
-67.2693 0.839843272152
-67.0633 0.890288114724
-66.8573 0.753612393653
-66.6513 0.747739001305
-66.4453 0.542002341568
-66.2393 0.615227070961
-66.0332 1.41437315578
-65.8272 0.599809036616
-65.6212 0.744116959833
-65.4152 0.358832477027
-65.2092 0.751450936886
-65.0032 1.22477574366
-64.7971 1.21443272064
-64.5911 1.06810745855
-64.3851 0.534026882056
-64.1791 0.973934603034
-63.9731 0.951342462214
-63.7671 0.73243529355
-63.5611 1.09259179171
-63.355 0.187148220328
-63.149 1.59118586336
-62.943 0.595836696302
-62.737 1.09283265242
-62.531 0.475563472873
-62.3249 1.1592841433
-62.1189 1.11785303257
-61.9129 0.927714020748
-61.7069 0.392498628153
-61.5009 1.41020362601
-61.2948 1.16793292653
-61.0888 0.474086844902
-60.8828 1.14459213591
-60.6768 0.412695648322
-60.4708 0.851452312748
-60.2647 0.604348730851
-60.0587 0.664630030265
-59.8527 1.13525179886
-59.6467 0.472166790053
-59.4407 0.946433483539
-59.2346 0.685902205981
-59.0286 1.26026048784
-58.8226 1.20946585116
-58.6166 0.973308243506
-58.4105 1.14550856007
-58.2045 0.669323569395
-57.9985 0.430501231965
-57.7925 0.932583353296
-57.5864 1.21382094902
-57.3804 1.45683788086
-57.1744 1.35678135085
-56.9684 0.687471181847
-56.7623 0.607393241353
-56.5563 0.587774535392
-56.3503 0.747287691304
-56.1443 1.24882171015
-55.9382 0.848749620266
-55.7322 1.60262639521
-55.5262 1.36799590118
-55.3201 1.62353611233
-55.1141 1.16751914199
-54.9081 0.561353971336
-54.7021 0.801162091062
-54.496 1.29023620272
-54.29 0.878548453255
-54.084 0.891493330187
-53.8779 1.39149261399
-53.6719 1.65905196055
-53.4659 0.814657970798
-53.2599 0.597652030719
-53.0538 0.361355011178
-52.8478 1.59445460369
-52.6418 1.67336441013
-52.4357 0.18675209312
-52.2297 0.931252819926
-52.0237 0.949320742625
-51.8176 0.703174878857
-51.6116 1.38332841782
-51.4056 0.473598222662
-51.1995 0.434250810125
-50.9935 0.781261437795
-50.7875 0.847150040123
-50.5814 1.19248591715
-50.3754 1.25761787128
-50.1694 0.266895917324
-49.9633 0.412959185875
-49.7573 0.281348195275
-49.5512 1.14282774716
-49.3452 0.190155015956
-49.1392 0.953200374458
-48.9331 1.26094145751
-48.7271 1.41944270154
-48.5211 1.16554664359
-48.315 0.583243136984
-48.109 1.25062721252
-47.903 0.761629720606
-47.6969 1.60331464931
-47.4909 1.68806774193
-47.2848 1.17756127836
-47.0788 0.568807940638
-46.8728 1.02103906514
-46.6667 0.923031922685
-46.4607 0.759370451027
-46.2546 0.789891557592
-46.0486 0.92569802329
-45.8426 0.803907161646
-45.6365 0.893796826392
-45.4305 0.675837292695
-45.2244 0.89025040909
-45.0184 0.64273305572
-44.8123 1.24461251221
-44.6063 1.91604685252
-44.4003 1.66748398659
-44.1942 1.16635101755
-43.9882 1.18166320406
-43.7821 1.5268115278
-43.5761 1.4347720564
-43.37 1.21313516588
-43.164 0.607383704494
-42.9579 1.03462131101
-42.7519 0.682233946818
-42.5459 0.607509776891
-42.3398 1.13424669978
-42.1338 1.07627433046
-41.9277 1.22422275469
-41.7217 1.17590871183
-41.5156 0.404057190998
-41.3096 0.640739365557
-41.1035 1.27230489028
-40.8975 1.06302313252
-40.6914 1.403024022
-40.4854 0.824804787194
-40.2793 1.25665641201
-40.0733 0.768641638092
-39.8672 0.988801409601
-39.6612 0.642448908304
-39.4551 1.34183154256
-39.2491 0.927257420821
-39.043 1.77074720276
-38.837 0.607995487418
-38.6309 0.532336913392
-38.4249 1.2529421411
-38.2188 0.66777485346
-38.0128 1.12279228523
-37.8067 0.923616061837
-37.6007 1.11839994168
-37.3946 1.05383572896
-37.1886 0.860837849186
-36.9825 1.13891267593
-36.7765 0.891322858258
-36.5704 0.812140479744
-36.3644 0.866860268342
-36.1583 1.42174566703
-35.9522 0.882841431244
-35.7462 1.04287526617
-35.5401 0.966064938652
-35.3341 0.772377010943
-35.128 0.893143978314
-34.922 1.16969537838
-34.7159 0.643293599044
-34.5099 0.614414083529
-34.3038 0.508181266079
-34.0977 1.72980217607
-33.8917 0.872235822942
-33.6856 2.03275400208
-33.4796 0.720773933229
-33.2735 1.21013506942
-33.0674 1.23234912006
-32.8614 0.461112772972
-32.6553 1.59508836483
-32.4493 1.11024525502
-32.2432 0.821179602133
-32.0372 0.379352637879
-31.8311 1.21166789292
-31.625 0.716650177759
-31.419 1.34402728095
-31.2129 1.33136329195
-31.0068 0.84469568643
-30.8008 1.0554138197
-30.5947 1.47282636093
-30.3887 1.20401801632
-30.1826 1.34587833082
-29.9765 1.1637563743
-29.7705 1.10279098218
-29.5644 1.00513957442
-29.3583 0.883145745346
-29.1523 0.82273563366
-28.9462 1.73722028442
-28.7402 0.353378329228
-28.5341 0.745504480273
-28.328 0.712172151874
-28.122 1.35441620466
-27.9159 0.689621277616
-27.7098 1.02679964222
-27.5038 1.02168610376
-27.2977 0.749951814715
-27.0916 0.739682348777
-26.8856 1.52907006617
-26.6795 1.9996972988
-26.4734 0.446627143167
-26.2674 0.951802340142
-26.0613 1.77241741457
-25.8552 1.94855697715
-25.6491 0.725064487548
-25.4431 0.823561725588
-25.237 0.478432096821
-25.0309 0.379936276497
-24.8249 1.37630570954
-24.6188 1.56071178856
-24.4127 1.62416636611
-24.2067 0.70348315861
-24.0006 0.582467800888
-23.7945 1.46071115918
-23.5884 0.767459656659
-23.3824 0.864195914397
-23.1763 1.11297568006
-22.9702 1.23611751912
-22.7642 0.632072500539
-22.5581 0.624798473744
-22.352 0.519047481514
-22.1459 1.15288373431
-21.9399 0.393314270434
-21.7338 0.176995150591
-21.5277 0.266045832184
-21.3216 0.593536560481
-21.1156 0.212931033649
-20.9095 0.565804013212
-20.7034 0.469239714592
-20.4973 0.658537541956
-20.2913 1.10606971381
-20.0852 0.640628604146
-19.8791 0.988416380793
-19.673 0.489257758185
-19.4669 0.565395752773
-19.2609 0.85207030209
-19.0548 0.390785831644
-18.8487 0.718519926568
-18.6426 0.462464028081
-18.4366 0.581262924672
-18.2305 0.497048215647
-18.0244 0.820812236375
-17.8183 0.650539826317
-17.6122 0.652065889189
-17.4062 0.548430074907
-17.2001 0.781049443881
-16.994 0.415353801651
-16.7879 0.979165775847
-16.5818 0.513033876916
-16.3758 0.128120102896
-16.1697 1.39992184386
-15.9636 0.184536708519
-15.7575 1.1396217869
-15.5514 0.314231077449
-15.3453 0.647034784521
-15.1393 0.516660580882
-14.9332 1.51974882734
-14.7271 0.161390775428
-14.521 1.09858350008
-14.3149 0.0877719823413
-14.1088 0.347967005176
-13.9028 0.464447043521
-13.6967 0.0634913922936
-13.4906 -0.0508836388256
-13.2845 2.15984905062
-13.0784 -0.0222415101392
-12.8723 0.435995261053
-12.6662 -0.0350286389348
-12.4601 -0.0819417454544
-12.2541 -0.0706750497884
-12.048 -0.0411057489086
-11.8419 -0.0816273092174
-11.6358 -0.0228782738358
-11.4297 0.0624356423987
-11.2236 0.0397567980064
-11.0175 0.11430676445
-10.8114 0.0271322936922
-10.6054 0.0175449838011
-10.3993 0.032910675327
-10.1932 -0.0745512200809
-9.98708 -0.260570945529
-9.78099 0.209168618156
-9.5749 0.293509407036
-9.36881 0.0734338633029
-9.16272 -0.0506071594645
-8.95663 0.155908965775
-8.75053 0.0251635008266
-8.54444 0.492212387769
-8.33835 0.151026581669
-8.13226 -0.128428925182
-7.92616 0.0964713948538
-7.72007 -0.0271004230515
-7.51398 0.0827857869145
-7.30788 0.2244414584
-7.10179 0.492572058488
-6.89569 -0.0372481760956
-6.6896 0.273400883969
-6.4835 0.59965243012
-6.27741 0.191051181979
-6.07131 0.913733953547
-5.86521 0.06698542272
-5.65912 0.0266706139892
-5.45302 0.0119003109431
-5.24692 0.089224418286
-5.04083 0.0312378450715
-4.83473 -0.131221891197
-4.62863 0.18764712328
-4.42253 0.227397774358
-4.21644 0.0871999037584
-4.01034 0.245010868563
-3.80424 -0.00425078554864
-3.59814 -0.132372716563
-3.39204 0.163358762009
-3.18594 -0.086818419745
-2.97984 0.131932016056
-2.77374 -0.0810738707088
-2.56764 0.00981178891677
-2.36154 -0.161563770755
-2.15544 -0.127435101141
-1.94933 -0.148291074246
-1.74323 0.0655947121137
-1.53713 -0.0363081133684
-1.33103 0.946124842933
-1.12493 0.0582890148381
-0.918823 0.0630402375535
-0.71272 0.403110468146
-0.506617 0.293097135068
-0.300513 0.00875841711131
-0.094409 0.0530206092369
0.111695 0.289382805963
0.3178 0.181743969195
0.523905 -0.0476558904769
0.73001 0.230086933346
0.936115 0.125337991623
1.14222 0.0989485670979
1.34833 -0.122576437375
1.55443 0.00837045006392
1.76054 0.456346869673
1.96665 0.0242870620901
2.17275 0.0755645305582
2.37886 0.11900997764
2.58497 0.173656436731
2.79108 0.129242573428
2.99719 0.112338671737
3.20329 -0.0151606838624
3.4094 0.401156973292
3.61551 0.115748116169
3.82162 0.010697777242
4.02773 -0.136700110349
4.23384 -0.101800353023
4.43995 0.0442954794305
4.64606 -0.207811366606
4.85217 0.0446018027856
5.05828 0.154408478287
5.2644 0.0970498103469
5.47051 -0.343671836115
5.67662 -0.11201103585
5.88273 0.0331976954278
6.08884 0.0491901347996
6.29496 0.195478646397
6.50107 0.103432925759
6.70718 0.0934487922381
6.9133 -0.117124861018
7.11941 0.0980877787153
7.32552 -0.0134440747039
7.53164 0.00918755653153
7.73775 -0.00830695543614
7.94387 -0.0814161304928
8.14998 -0.034039543775
8.3561 0.00774670139392
8.56222 0.0293562967851
8.76833 0.171176055035
8.97445 -0.0855823776956
9.18056 0.309406804441
9.38668 0.0341554006784
9.5928 0.190360823775
9.79892 0.33597822262
10.005 0.694678480918
10.2112 0.208189700943
10.4173 0.182860709075
10.6234 1.06286086714
10.8295 0.355306147785
11.0356 -0.113985610443
11.2417 -0.0567649020632
11.4479 0.0521570779138
11.654 -0.00767058504792
11.8601 0.21869943219
12.0662 0.517267048302
12.2724 -0.203706316026
12.4785 0.00200324873378
12.6846 0.121736948515
12.8907 0.00543616271643
13.0968 0.506989968982
13.303 0.349766248075
13.5091 -0.0235597877087
13.7152 0.246648239976
13.9213 -0.0186207603186
14.1275 0.139213680604
14.3336 0.149338790035
14.5397 0.116536838623
14.7458 -0.120230507022
14.952 1.22054922281
15.1581 0.133437375044
15.3642 0.412828729495
15.5703 0.8382949672
15.7765 -0.0568892836922
15.9826 0.917169592866
16.1887 0.875493823568
16.3948 2.19195382526
16.601 1.33076904212
16.8071 1.09959024326
17.0132 0.429900641552
17.2193 1.14172281481
17.4255 0.606519753967
17.6316 0.339675169028
17.8377 0.0821193790389
18.0439 0.710834266558
18.25 0.885436735939
18.4561 0.518223889096
18.6622 0.411135938267
18.8684 -0.0518903269129
19.0745 0.856450179487
19.2806 0.138695278837
19.4868 0.0806998562943
19.6929 0.744730437644
19.899 0.744039589708
20.1052 0.471043714384
20.3113 1.03680836732
20.5174 0.111168889007
20.7236 0.137675122422
20.9297 0.0409265295343
21.1358 1.57511400673
21.342 0.393455998576
21.5481 1.27903625041
21.7542 1.79252505198
21.9604 0.838252909864
22.1665 0.179941058914
22.3726 1.26474376621
22.5788 0.428245022767
22.7849 0.706052038627
22.991 1.58474450122
23.1972 0.265134846088
23.4033 0.284490189577
23.6094 0.689514680729
23.8156 0.204544117782
24.0217 1.30313169759
24.2279 1.16459268778
24.434 1.07645619986
24.6401 0.478255427004
24.8463 0.71663970268
25.0524 0.788651025579
25.2585 1.20807721747
25.4647 1.0480499076
25.6708 1.08206829566
25.877 0.823535752387
26.0831 0.0895742340561
26.2892 0.80384577406
26.4954 1.31583680397
26.7015 1.30972912762
26.9077 1.01169964867
27.1138 1.66399517768
27.32 0.295558591117
27.5261 0.625654888153
27.7322 -0.0311601856097
27.9384 0.474124398259
28.1445 1.00790480493
28.3507 0.391788650328
28.5568 0.474855634932
28.763 0.11480647162
28.9691 0.969275509728
29.1752 0.609917934716
29.3814 1.26508098755
29.5875 0.325220073983
29.7937 1.79295604123
29.9998 0.150498784949
30.206 0.58729557147
30.4121 1.2565818577
30.6183 1.08622163532
30.8244 1.4619897997
31.0306 0.69871979845
31.2367 0.34743080558
31.4428 0.849525900588
31.649 1.174217923
31.8551 1.05508095691
32.0613 1.10249444178
32.2674 1.53066349788
32.4736 3.02633558539
32.6797 1.00702606544
32.8859 1.48751185317
33.092 1.48263941433
33.2982 0.310588007134
33.5043 1.58989491444
33.7105 0.98484029985
33.9166 1.04246140194
34.1228 0.53829408056
34.3289 0.866825736617
34.5351 0.874222467693
34.7412 0.559405999356
34.9474 1.01300354963
35.1535 1.75884211679
35.3597 0.659514722231
35.5659 1.2649371109
35.772 1.12977918851
35.9782 1.04623191202
36.1843 0.954214389315
36.3905 0.550960817333
36.5966 0.570239731411
36.8028 1.0452933993
37.0089 0.442290691159
37.2151 0.761922631341
37.4212 0.954479334078
37.6274 0.49596803741
37.8336 0.572677546306
38.0397 0.999881476434
38.2459 0.735422693194
38.452 0.951584550961
38.6582 0.682658275204
38.8643 1.04313771682
39.0705 0.919209812591
39.2767 0.19097551657
39.4828 0.816424982867
39.689 0.668522504225
39.8951 0.593087887657
40.1013 0.598656771715
40.3074 0.968656516834
40.5136 0.472188267354
40.7198 0.714556506199
40.9259 1.23434142514
41.1321 0.246744495222
41.3383 1.05600482062
41.5444 1.64318348318
41.7506 1.2130364221
41.9567 1.2332715201
42.1629 0.923229065843
42.3691 1.42226695451
42.5752 0.376111693483
42.7814 0.703828039451
42.9876 0.959112061183
43.1937 1.61360861411
43.3999 0.376550063159
43.606 0.45867816298
43.8122 0.908158223466
44.0184 0.710450979494
44.2245 1.35927539963
44.4307 0.637655092616
44.6369 1.20147963743
44.843 0.723773805713
45.0492 0.295777161437
45.2554 1.21244737396
45.4615 0.501663704675
45.6677 0.757816555245
45.8739 0.883113539085
46.08 0.484908570874
46.2862 1.27313004928
46.4924 1.17360007284
46.6985 1.05597742468
46.9047 1.23261313217
47.1109 0.563637268444
47.317 0.529263979166
47.5232 0.616825824427
47.7294 0.797966999931
47.9356 1.10524376472
48.1417 0.545872985033
48.3479 1.02686400757
48.5541 0.783648713997
48.7602 0.923381309226
48.9664 1.43392544545
49.1726 0.968219361413
49.3788 0.42281442993
49.5849 0.192776271208
49.7911 1.13109485997
49.9973 0.61446358597
50.2034 1.09429119628
50.4096 0.92242398324
50.6158 0.551281537352
50.822 0.868286389934
51.0281 0.816778163183
51.2343 1.17078979618
51.4405 0.880743657834
51.6467 0.812974757304
51.8528 1.25048963114
52.059 0.791441321937
52.2652 1.35784724411
52.4714 1.12410392879
52.6775 0.730227473569
52.8837 1.02537277252
53.0899 1.38010023698
53.2961 1.27260981819
53.5023 0.783033349863
53.7084 0.879214369483
53.9146 1.09684008928
54.1208 0.676008271984
54.327 1.18163500739
54.5331 0.692769169737
54.7393 0.990809267529
54.9455 1.4150573842
55.1517 0.592647313511
55.3579 0.977658016091
55.564 0.82439163214
55.7702 0.794437258082
55.9764 0.692227145301
56.1826 0.846287090868
56.3888 0.912481114
56.595 0.261328268928
56.8011 1.38477752786
57.0073 0.676993766095
57.2135 0.863658079689
57.4197 1.13531055017
57.6259 0.850532509597
57.8321 0.852802263293
58.0382 1.21199845568
58.2444 0.965058636422
58.4506 0.968096865968
58.6568 1.28544267099
58.863 0.996403084027
59.0692 0.149486376504
59.2753 1.4246648366
59.4815 1.06847060745
59.6877 1.55548221723
59.8939 0.861432578692
60.1001 0.880967596956
60.3063 0.888750546032
60.5125 0.915164056754
60.7187 0.809589086093
60.9248 0.912141861726
61.131 0.513158485103
61.3372 0.725953176761
61.5434 1.34158159848
61.7496 1.04873701904
61.9558 1.00799459038
62.162 0.73691543932
62.3682 1.45997653444
62.5744 1.53175463821
62.7805 0.760359120611
62.9867 0.688269139281
63.1929 1.18474909999
63.3991 1.33190883417
63.6053 0.601430764649
63.8115 0.466040572301
64.0177 0.634997354604
64.2239 0.792295146993
64.4301 1.20087481302
64.6363 1.37711846851
64.8425 0.97692202923
65.0487 0.71083954056
65.2549 0.993953586437
65.461 0.947122273813
65.6672 1.02241132874
65.8734 1.63498647109
66.0796 0.890583118877
66.2858 1.46728459958
66.492 0.810093196236
66.6982 1.01303564631
66.9044 1.29003655896
67.1106 0.600243254178
67.3168 0.840407767953
67.523 1.05614725987
67.7292 1.0309688568
67.9354 0.937755198697
68.1416 0.819617140508
68.3478 0.775151746356
68.554 0.911945998654
68.7602 1.20923054577
68.9664 1.11845264617
69.1726 0.895236548816
69.3788 1.41815296565
69.585 0.741787378188
69.7912 1.26270093288
69.9974 0.567996504178
70.2036 0.849399647172
70.4098 1.50582561757
70.616 0.957448706231
70.8222 1.0959800967
71.0284 1.24431214231
71.2346 1.07123613036
71.4408 0.764707524635
71.647 1.29371287846
71.8532 1.16380394654
72.0594 1.06976459044
72.2656 0.772997992681
72.4718 1.19473744222
72.678 0.784127820697
72.8842 1.01989469358
73.0904 0.393337911384
73.2966 0.755974605576
73.5028 1.01308142262
73.709 0.96826331844
73.9153 0.696926354113
74.1215 1.26041402349
74.3277 0.696755012125
74.5339 0.914730731025
74.7401 1.37443190808
74.9463 1.1609911802
75.1525 0.974818512642
75.3587 0.87462057725
75.5649 1.40448628798
75.7711 1.08609123418
75.9773 1.15481048216
76.1835 0.50291364675
76.3897 0.746028312386
76.596 0.816222709981
76.8022 1.04730991653
77.0084 0.802515302278
77.2146 1.23645831588
77.4208 1.28882665352
77.627 0.358593864383
77.8332 1.44162169886
78.0394 0.947403126186
78.2456 1.04280518203
78.4519 1.19730665243
78.6581 0.394440518964
78.8643 0.909887399369
79.0705 1.18609435156
79.2767 1.00343977798
79.4829 1.08159572966
79.6891 1.0952566382
79.8953 0.765907333601
80.1016 2.20298977557
80.3078 0.963557910288
80.514 0.850422539017
80.7202 0.653679299993
80.9264 1.24023986978
81.1326 1.37033526051
81.3389 1.42538872454
81.5451 0.861787667804
81.7513 0.955121301077
81.9575 1.21578305619
82.1637 1.22447017961
82.3699 0.77632120183
82.5761 0.742389785542
82.7824 1.02204496506
82.9886 0.779140871761
83.1948 0.983190191345
83.401 0.715303757755
83.6072 0.894986110352
83.8135 0.931951656031
84.0197 1.67872313837
84.2259 0.527763217007
84.4321 1.62415331881
84.6383 1.00936931877
84.8446 1.55780118995
85.0508 0.915969218016
85.257 1.17691728935
85.4632 0.970796089328
85.6694 0.515858933629
85.8757 1.38451202956
86.0819 0.966841307576
86.2881 1.13415610261
86.4943 1.2136598532
86.7006 1.17367756733
86.9068 0.503391540039
87.113 1.34591377661
87.3192 0.909255984391
87.5255 1.39129683602
87.7317 0.915473817375
87.9379 1.08907702514
88.1441 0.598820867605
88.3504 1.40496247929
88.5566 0.878829733459
88.7628 1.41864689028
88.969 1.18538567086
89.1753 0.513758195473
89.3815 0.943068490819
89.5877 0.851550293647
89.794 1.02682898698
90.0002 1.09595116297
90.2064 1.30479439467
90.4126 0.767100190334
90.6189 1.1336954107
90.8251 0.688498159406
91.0313 0.815829726487
91.2375 0.782269122717
91.4438 1.04700806617
91.65 1.21458635309
91.8562 0.958552717219
92.0625 1.26817450561
92.2687 1.49994842978
92.4749 0.424686013677
92.6812 1.18846388399
