-100.0 1.06881647238
-99.8 0.951864820867
-99.6 0.936239377954
-99.4 1.0131964647
-99.2 1.01135600998
-99.0 0.982721779079
-98.8 1.10866791664
-98.6 1.17534269982
-98.4 0.984114676579
-98.2 0.903554423165
-98.0 1.01598119937
-97.8 0.930415412365
-97.6 1.00911630691
-97.4 0.932003742409
-97.2 1.09029902576
-97.0 0.903005068957
-96.8 0.94267468859
-96.6 0.919062205083
-96.4 1.10578121858
-96.2 0.974478258452
-95.9999 0.984425424667
-95.7999 1.13185778391
-95.5999 1.00800666365
-95.3999 0.885063311217
-95.1999 0.9046947068
-94.9999 1.02508626702
-94.7999 1.04212065548
-94.5999 1.10158855348
-94.3999 1.03203626364
-94.1999 0.945844408526
-93.9999 0.960739878246
-93.7999 0.980742315445
-93.5999 1.01814712854
-93.3999 1.03715756147
-93.1999 1.11276767114
-92.9998 1.00878409866
-92.7998 1.07061282696
-92.5998 0.868180465721
-92.3998 1.03602096343
-92.1998 1.10146663934
-91.9998 0.874957384772
-91.7998 0.896296435054
-91.5998 1.01812700086
-91.3998 0.961506797061
-91.1997 0.99375281676
-90.9997 0.97342427784
-90.7997 0.926285566218
-90.5997 0.995282676858
-90.3997 0.895859666323
-90.1997 1.01901570201
-89.9997 1.04389276901
-89.7997 0.990901080787
-89.5996 1.02577646933
-89.3996 0.908812153356
-89.1996 0.933437799317
-88.9996 0.913434894001
-88.7996 1.01596154242
-88.5996 0.986255853933
-88.3996 1.0974144732
-88.1995 0.995990772859
-87.9995 0.852380582237
-87.7995 1.04039200713
-87.5995 0.95084469736
-87.3995 0.86622339852
-87.1995 0.974715192659
-86.9994 0.924477812044
-86.7994 1.01602074324
-86.5994 1.0431218896
-86.3994 1.121129699
-86.1994 1.15974725495
-85.9994 1.03982709744
-85.7993 0.937372177377
-85.5993 0.873130073813
-85.3993 0.944946005109
-85.1993 0.974852635884
-84.9993 0.956568876759
-84.7992 1.07047641389
-84.5992 0.955811168504
-84.3992 0.863198624305
-84.1992 1.02334842593
-83.9991 1.14805920626
-83.7991 0.941831072949
-83.5991 1.13021984575
-83.3991 0.994535722045
-83.1991 1.03129320716
-82.999 1.04286990296
-82.799 1.02120712551
-82.599 0.997074191139
-82.399 0.96827009442
-82.1989 0.909948742021
-81.9989 0.903881996665
-81.7989 0.992502462126
-81.5989 1.06452542972
-81.3988 0.94562945655
-81.1988 0.882142103752
-80.9988 0.96134627426
-80.7988 1.06223923009
-80.5987 1.00347133769
-80.3987 1.01979892863
-80.1987 1.05267640647
-79.9987 1.07585882438
-79.7986 1.07706160427
-79.5986 1.05508036627
-79.3986 0.971213018056
-79.1986 1.00620368202
-78.9985 0.995267208455
-78.7985 0.856067251017
-78.5985 0.987959279453
-78.3984 0.898254773922
-78.1984 1.03238405772
-77.9984 1.10654129458
-77.7984 0.915730140742
-77.5983 1.01792874292
-77.3983 1.01389983709
-77.1983 0.994396731723
-76.9982 0.96295260842
-76.7982 1.05101479167
-76.5982 0.936076443717
-76.3981 0.967746773607
-76.1981 0.948432948004
-75.9981 1.0729192253
-75.798 1.01640596222
-75.598 0.996642167355
-75.398 1.0005268214
-75.198 0.849480139227
-74.9979 1.13472251285
-74.7979 1.07341359459
-74.5978 1.03164626565
-74.3978 0.961946457448
-74.1978 1.00545333538
-73.9977 0.899584754535
-73.7977 1.0157858443
-73.5977 1.05437018947
-73.3976 1.09446343121
-73.1976 1.09903664889
-72.9976 0.993832968154
-72.7975 1.03486158935
-72.5975 1.04973528377
-72.3975 1.1926810049
-72.1974 0.921717364132
-71.9974 1.11770215789
-71.7973 0.928661705835
-71.5973 1.01283486413
-71.3973 0.933788599025
-71.1972 0.958729300627
-70.9972 0.946547432378
-70.7972 0.997727936684
-70.5971 0.915376522764
-70.3971 1.02127342238
-70.197 0.985498670044
-69.997 0.952392706816
-69.797 1.16447699215
-69.5969 0.977446962133
-69.3969 1.04331473741
-69.1968 0.98027142929
-68.9968 1.0085482056
-68.7968 1.16866663165
-68.5967 0.886126411751
-68.3967 0.994364359181
-68.1966 1.0704154072
-67.9966 0.879873656851
-67.7965 0.955055706931
-67.5965 1.02999994322
-67.3965 0.967669711614
-67.1964 1.03170420392
-66.9964 0.945612006369
-66.7963 1.07365688525
-66.5963 1.04266283253
-66.3962 0.918213971939
-66.1962 1.14976479375
-65.9961 0.86590838285
-65.7961 0.926476155909
-65.5961 1.10008844674
-65.396 1.05210396685
-65.196 0.984124717469
-64.9959 1.03840218296
-64.7959 0.972363740565
-64.5958 1.09618603614
-64.3958 1.04445076098
-64.1957 0.988382702365
-63.9957 1.07945196114
-63.7956 0.985361628992
-63.5956 0.93816536158
-63.3955 1.07506668335
-63.1955 0.998720502374
-62.9954 1.01109890565
-62.7954 1.04233866303
-62.5953 1.05646000069
-62.3953 0.898075789175
-62.1952 0.937821895136
-61.9952 0.988660105337
-61.7951 1.17856668042
-61.5951 0.945092011294
-61.395 0.999363269146
-61.195 0.918271744826
-60.9949 0.973641845428
-60.7949 0.946862993017
-60.5948 1.04536207478
-60.3948 1.16923153566
-60.1947 1.22324842223
-59.9947 1.07841796958
-59.7946 0.915907099287
-59.5946 0.986557700222
-59.3945 1.05285826153
-59.1944 0.948481349145
-58.9944 1.02804533825
-58.7943 0.911163477599
-58.5943 0.978942672628
-58.3942 0.988347946598
-58.1942 0.923163679539
-57.9941 1.03920954141
-57.7941 1.02065869923
-57.594 0.990997541124
-57.3939 1.05188162434
-57.1939 0.995786048619
-56.9938 0.904373681591
-56.7938 0.998275766816
-56.5937 0.897963129444
-56.3937 0.870895616945
-56.1936 1.0088562402
-55.9935 0.964792263452
-55.7935 1.05434517346
-55.5934 0.940533639364
-55.3934 0.981492644588
-55.1933 1.03782931878
-54.9932 1.07364828984
-54.7932 0.994614777903
-54.5931 0.874721062357
-54.3931 0.913752186862
-54.193 1.03463147768
-53.9929 1.00019008981
-53.7929 0.948764600511
-53.5928 1.16289569617
-53.3928 1.02210248466
-53.1927 0.989050642593
-52.9926 0.939424890437
-52.7926 0.988716390258
-52.5925 0.904976359279
-52.3924 1.11858140113
-52.1924 0.847427224864
-51.9923 0.985413516823
-51.7922 0.973047541931
-51.5922 0.959701880346
-51.3921 0.92983058975
-51.1921 0.983504984904
-50.992 1.158909061
-50.7919 1.047614282
-50.5919 0.936874886717
-50.3918 0.918339496281
-50.1917 1.0127886263
-49.9917 1.0972830397
-49.7916 1.02169488935
-49.5915 0.950263183487
-49.3915 1.04735673551
-49.1914 1.23740717773
-48.9913 1.03669673204
-48.7913 1.10695674501
-48.5912 1.04474718067
-48.3911 1.15935267294
-48.191 0.936041331193
-47.991 1.03733782833
-47.7909 0.914498265561
-47.5908 1.01652340314
-47.3908 0.943240465048
-47.1907 0.896505469105
-46.9906 1.02153180702
-46.7906 1.06513932878
-46.5905 1.11791288396
-46.3904 0.985115404287
-46.1903 0.94434627433
-45.9903 0.933634069429
-45.7902 0.957692174042
-45.5901 0.880484026206
-45.3901 1.15640914008
-45.19 1.06828315552
-44.9899 0.874114478436
-44.7898 1.03169124003
-44.5898 1.01418728221
-44.3897 0.953399254158
-44.1896 1.02929030148
-43.9895 1.02645992928
-43.7895 0.902576384728
-43.5894 0.913678048372
-43.3893 0.928058774947
-43.1892 0.93188319931
-42.9892 0.972871333052
-42.7891 1.02204182162
-42.589 0.972814978351
-42.3889 0.987015127288
-42.1889 0.969563417836
-41.9888 0.965788358612
-41.7887 1.16080990794
-41.5886 1.03636686064
-41.3885 0.938063178836
-41.1885 0.90356240888
-40.9884 1.10099564458
-40.7883 0.979861054541
-40.5882 0.911725870488
-40.3881 0.936893484114
-40.1881 1.02277621731
-39.988 0.892526384785
-39.7879 1.0324428873
-39.5878 1.12111589228
-39.3877 1.06436663002
-39.1877 1.07436606297
-38.9876 1.06026805054
-38.7875 0.967517433065
-38.5874 1.06128465784
-38.3873 1.11163681654
-38.1873 1.00747663765
-37.9872 0.860584143182
-37.7871 0.954868499961
-37.587 1.0873129213
-37.3869 1.00431894965
-37.1868 0.998363429552
-36.9868 1.07509198012
-36.7867 1.10970641281
-36.5866 1.01600857325
-36.3865 1.00097419851
-36.1864 1.00989253419
-35.9863 0.991225627115
-35.7862 0.961228752855
-35.5862 1.1848236161
-35.3861 1.06051552023
-35.186 0.931126566196
-34.9859 1.06621953831
-34.7858 1.03403324928
-34.5857 0.848893275774
-34.3856 0.940366104216
-34.1856 0.984263547904
-33.9855 0.994625413543
-33.7854 1.06585339518
-33.5853 1.01515069761
-33.3852 1.0245372849
-33.1851 1.01859473024
-32.985 1.10239416649
-32.7849 1.0236542682
-32.5848 0.955330631052
-32.3847 0.936914224295
-32.1847 1.11399291138
-31.9846 1.00346772147
-31.7845 1.06133241008
-31.5844 0.944039920049
-31.3843 0.974326530168
-31.1842 1.01994734557
-30.9841 1.01253474868
-30.784 1.05187043625
-30.5839 0.987570519951
-30.3838 0.998793643859
-30.1837 0.925669626225
-29.9836 0.979223057407
-29.7836 1.0102166853
-29.5835 1.08890420117
-29.3834 1.17296847338
-29.1833 1.02017444966
-28.9832 0.922577618489
-28.7831 1.07559463561
-28.583 1.01033071625
-28.3829 1.14154751876
-28.1828 0.965722772451
-27.9827 0.995498840189
-27.7826 0.911747500089
-27.5825 1.00424444359
-27.3824 0.958225041864
-27.1823 0.909247876619
-26.9822 0.886711503373
-26.7821 0.975422014624
-26.582 1.04480754023
-26.3819 1.0566053015
-26.1818 0.895466035374
-25.9817 0.88340876911
-25.7816 1.09146485326
-25.5815 1.0801673243
-25.3814 1.10368972932
-25.1813 0.923796347324
-24.9812 0.852569386554
-24.7811 0.855162982411
-24.581 0.892095814589
-24.3809 1.00605504589
-24.1808 1.04901412574
-23.9807 1.11433672542
-23.7806 0.905247440833
-23.5805 0.985005127009
-23.3804 1.0531621547
-23.1803 1.0577649366
-22.9802 0.962716001441
-22.7801 1.08263749619
-22.58 0.997485346797
-22.3799 1.03389438685
-22.1798 0.929437030465
-21.9797 0.973002003476
-21.7796 0.986817758248
-21.5795 1.09053116031
-21.3794 1.05901434426
-21.1793 0.930518328053
-20.9792 0.974662221022
-20.7791 1.14733253834
-20.579 1.06375420284
-20.3789 1.06437080325
-20.1787 1.05873189167
-19.9786 1.02477749365
-19.7785 0.952353690194
-19.5784 0.993492125334
-19.3783 0.936845859172
-19.1782 1.03642162501
-18.9781 1.00543336522
-18.778 0.859468315034
-18.5779 1.00807898141
-18.3778 1.16223096529
-18.1777 1.11380005901
-17.9776 1.17360103677
-17.7774 0.936182496917
-17.5773 1.04584825865
-17.3772 1.1568434854
-17.1771 1.04168210786
-16.977 0.866986273412
-16.7769 1.03397963187
-16.5768 1.00817776649
-16.3767 0.963338904548
-16.1766 1.19401396947
-15.9764 0.950580869781
-15.7763 0.933034330357
-15.5762 0.969203827266
-15.3761 1.03012354586
-15.176 0.956330893279
-14.9759 0.941777503779
-14.7758 0.932945812213
-14.5757 0.979764710413
-14.3755 0.960451919769
-14.1754 0.955553962514
-13.9753 1.15966660677
-13.7752 0.975903686544
-13.5751 0.874020831973
-13.375 1.057472574
-13.1749 1.05911351086
-12.9747 0.964647344135
-12.7746 0.912892097265
-12.5745 0.961703451892
-12.3744 1.0075128104
-12.1743 0.965651518725
-11.9742 0.930399436431
-11.774 1.04157521106
-11.5739 0.952100682385
-11.3738 1.00535903315
-11.1737 0.981639105064
-10.9736 1.24472078352
-10.7734 1.02675909871
-10.5733 1.04436983118
-10.3732 1.04837735585
-10.1731 0.9617974924
-9.97296 0.866898816832
-9.77284 0.956089516367
-9.57272 1.05590827772
-9.3726 0.969808734609
-9.17248 0.952631517207
-8.97236 1.04049885928
-8.77224 0.992153978508
-8.57211 1.04639031289
-8.37199 0.880287857216
-8.17187 1.10713826432
-7.97175 1.1059624518
-7.77163 1.24784067911
-7.5715 1.18448763322
-7.37138 1.20218348615
-7.17125 1.10198326549
-6.97113 1.29470678854
-6.77101 1.22367028912
-6.57088 1.22278178403
-6.37076 1.15507836751
-6.17063 1.14803448221
-5.97051 1.15481988964
-5.77038 1.30243796079
-5.57025 1.21066500958
-5.37013 1.14631200304
-5.17 0.969384319125
-4.96987 1.02945626759
-4.76975 1.02936200013
-4.56962 1.0887147118
-4.36949 1.07184135127
-4.16937 0.826257137163
-3.96924 0.82801244559
-3.76911 1.01467673846
-3.56898 0.734988291638
-3.36885 0.942707214849
-3.16872 0.938316257916
-2.96859 0.710195987928
-2.76846 0.571841065114
-2.56833 0.68799337338
-2.3682 0.807590590201
-2.16807 0.595589236446
-1.96794 0.623145131643
-1.76781 0.740031896147
-1.56768 0.585340816207
-1.36755 0.584375395449
-1.16742 0.585803328342
-0.967284 0.751402027611
-0.767152 0.712372726451
-0.567019 0.65916398166
-0.366886 0.280934033486
-0.166753 0.389149718217
0.0333802 0.798282519008
0.233514 0.824444409622
0.433648 0.72393663414
0.633782 0.545999861002
0.833917 0.734613944768
1.03405 1.02386806465
1.23419 0.64549997157
1.43432 0.844007646096
1.63446 0.561123332332
1.83459 0.335052951588
2.03473 0.478401746199
2.23487 0.689651335722
2.435 0.381132886961
2.63514 0.524372169297
2.83528 0.120580808577
3.03541 0.290524021399
3.23555 0.238729713751
3.43569 0.518385414179
3.63583 0.0505968823833
3.83597 0.0983774588861
4.0361 0.0277069976911
4.23624 0.0451270528076
4.43638 -0.0049831247969
4.63652 -0.0202872599804
4.83666 -0.0302096369563
5.0368 -0.0191835506374
5.23694 -0.00270468447721
5.43708 0.0288029333973
5.63722 -0.0266928157607
5.83737 -0.0478020845357
6.03751 0.0303953602283
6.23765 0.0281688612212
6.43779 0.022128820648
6.63793 -0.0515984050445
6.83808 0.0506344741755
7.03822 0.0450449080704
7.23836 -0.0731822261777
7.4385 0.123552791454
7.63865 0.129127875488
7.83879 0.231246096023
8.03894 0.632528606659
8.23908 0.413919990666
8.43923 0.941807075792
8.63937 0.741159585093
8.83951 1.05422759698
9.03966 0.908457743331
9.23981 0.587946484566
9.43995 0.684434209778
9.6401 1.2522998418
9.84025 0.793666172116
10.0404 0.516944850577
10.2405 0.584213926057
10.4407 0.822274124134
10.6408 0.859313352802
10.841 0.548966066427
11.0411 0.524561777015
11.2413 0.549446121976
11.4414 0.472696524262
11.6416 0.845015634545
11.8417 0.409307357877
12.0419 0.267122502595
12.242 0.555773977601
12.4422 0.447952330649
12.6423 0.779462375662
12.8425 0.425289884399
13.0426 0.123426423409
13.2428 0.467819146098
13.4429 0.694008092955
13.6431 0.381629771368
13.8432 0.441222064627
14.0434 0.822929402619
14.2435 0.51854754101
14.4437 0.544758007747
14.6438 0.435990035972
14.844 0.719572730794
15.0441 0.520434889208
15.2443 0.815297711786
15.4445 0.849335971263
15.6446 0.841507307808
15.8448 0.928764339206
16.0449 1.04702374539
16.2451 0.899048444926
16.4452 0.722844053522
16.6454 0.928222608077
16.8455 0.850134374007
17.0457 0.974693733764
17.2459 0.742379366047
17.446 0.781572939571
17.6462 0.971075587547
17.8463 0.894541153413
18.0465 0.97571000501
18.2466 1.08973286832
18.4468 0.99063166893
18.647 0.985055750086
18.8471 1.00243949672
19.0473 1.15729039049
19.2474 1.06681476948
19.4476 1.08280751706
19.6478 0.767970287885
19.8479 1.0257536369
20.0481 0.886719464232
20.2482 1.09717964981
20.4484 1.01164069024
20.6486 1.10869242339
20.8487 1.05980651736
21.0489 0.998702471818
21.249 1.09880283062
21.4492 0.994520560862
21.6494 0.963307000811
21.8495 1.22134988001
22.0497 1.00877444223
22.2498 1.03729934817
22.45 1.07468099636
22.6502 0.98535817001
22.8503 1.08903430261
23.0505 0.980089438974
23.2507 1.13405706357
23.4508 1.17624553543
23.651 0.923008190885
23.8512 1.02889426633
24.0513 0.770623735772
24.2515 0.928060552762
24.4517 1.02975986233
24.6518 0.861341163807
24.852 0.909842158775
25.0522 0.97724551393
25.2523 1.07722330241
25.4525 1.03437721576
25.6527 0.907104679076
25.8528 0.963734600055
26.053 1.23336639656
26.2532 0.9586687181
26.4533 1.11547477991
26.6535 0.83851347318
26.8537 0.920438709782
27.0538 0.913580854847
27.254 1.10562287469
27.4542 0.88204902839
27.6544 0.979847626335
27.8545 1.0561994143
28.0547 0.962412444612
28.2549 0.824996677876
28.455 0.969362318944
28.6552 0.969170652794
28.8554 1.02635532794
29.0556 0.718178168484
29.2557 0.904376016846
29.4559 0.968991527525
29.6561 0.889131199963
29.8562 1.06797119165
30.0564 1.03171355825
30.2566 1.0836380117
30.4568 1.10886192643
30.6569 0.955476196842
30.8571 0.906790667615
31.0573 0.915929168193
31.2575 0.982759649763
31.4576 0.966239811819
31.6578 1.09044939502
31.858 1.12161138288
32.0582 1.01321839155
32.2583 0.893188169416
32.4585 0.924853503745
32.6587 1.06174843265
32.8589 1.07089201417
33.0591 0.991584832446
33.2592 1.10798197215
33.4594 1.09768688248
33.6596 1.14615915935
33.8598 1.07414533897
34.0599 0.947149556854
34.2601 0.987775493952
34.4603 0.927039751272
34.6605 0.8817357455
34.8607 1.09431090871
35.0608 0.964366585103
35.261 1.06419484402
35.4612 0.991878756804
35.6614 1.00942565561
35.8616 1.06815352778
36.0617 1.18281471006
36.2619 1.08094547833
36.4621 0.960360555245
36.6623 1.1524942072
36.8625 0.907224578225
37.0627 1.02644202634
37.2628 0.898402163177
37.463 0.889214873627
37.6632 1.02395877651
37.8634 1.01637559258
38.0636 0.975677877383
38.2638 1.02639738689
38.4639 0.954621603312
38.6641 1.04975798164
38.8643 0.989615142218
39.0645 0.950352721922
39.2647 0.99883279915
39.4649 0.99986063646
39.6651 0.939001218855
39.8652 0.99136095612
40.0654 1.03717743456
40.2656 0.979538585547
40.4658 0.94704871292
40.666 0.913021065446
40.8662 0.959094103478
41.0664 1.0714256644
41.2666 1.03889150125
41.4668 1.01088161891
41.6669 1.11981649024
41.8671 1.10430204096
42.0673 0.92718241523
42.2675 0.99507038101
42.4677 0.921496594276
42.6679 0.970491440248
42.8681 1.06192632081
43.0683 0.890079812889
43.2685 1.05813232131
43.4687 0.944569857813
43.6688 0.920252762351
43.869 0.832343489291
44.0692 0.992395664873
44.2694 0.932230450923
44.4696 0.990920981049
44.6698 1.0473495068
44.87 1.12935780076
45.0702 1.09648625454
45.2704 1.08050704385
45.4706 1.03106517343
45.6708 0.901282586085
45.871 1.00525693797
46.0712 1.08408060384
46.2714 1.00708748935
46.4716 0.945515310121
46.6718 1.08836262019
46.8719 1.01086955124
47.0721 0.846339606471
47.2723 0.841401778019
47.4725 0.942665150186
47.6727 0.991734180761
47.8729 0.990985754914
48.0731 1.02432416628
48.2733 1.06113155399
48.4735 0.904411061673
48.6737 0.863163482351
48.8739 1.04219672606
49.0741 1.07628253911
49.2743 0.950408694162
49.4745 1.09524570214
49.6747 1.09785151257
49.8749 1.03481399154
50.0751 1.07533425436
50.2753 1.03135089146
50.4755 0.904842895515
50.6757 0.949273939999
50.8759 0.997819323124
51.0761 0.867677743041
51.2763 1.07027483399
51.4765 1.0611701886
51.6767 1.08722787861
51.8769 0.953947558197
52.0771 1.08081304213
52.2773 1.077329404
52.4775 1.02816550853
52.6777 1.07374269034
52.8779 0.941472448426
53.0782 1.07939193477
53.2784 1.01509190792
53.4786 0.982547618904
53.6788 1.14286033171
53.879 1.00624879235
54.0792 0.909418118151
54.2794 0.995847177058
54.4796 1.1504653408
54.6798 0.855343136294
54.88 0.834813699972
55.0802 0.96070751555
55.2804 1.10069509716
55.4806 0.896655345406
55.6808 1.01774219397
55.881 1.12135576724
56.0812 1.0031685407
56.2815 0.931666508418
56.4817 0.93923061682
56.6819 1.08550962746
56.8821 1.04208791379
57.0823 0.881092656236
57.2825 0.88471018657
57.4827 0.898505636198
57.6829 1.0736984331
57.8831 1.10181787323
58.0833 1.04444328518
58.2836 0.862642943075
58.4838 1.01718541226
58.684 1.0857256024
58.8842 1.12714815104
59.0844 0.94520900046
59.2846 1.06542259557
59.4848 0.921101316736
59.685 1.02549796519
59.8853 1.00434441321
60.0855 0.895086618874
60.2857 0.982000203786
60.4859 0.918316593871
60.6861 1.17527952149
60.8863 1.09179620202
61.0865 0.877455965304
61.2868 0.939801917114
61.487 1.07322070863
61.6872 0.955859409855
61.8874 0.957028878711
62.0876 1.01212745216
62.2878 0.94568442722
62.4881 0.855688354343
62.6883 1.01153044191
62.8885 0.949798303568
63.0887 1.06288039499
63.2889 0.991703011829
63.4891 0.916260142997
63.6894 0.982829197404
63.8896 0.933816313114
64.0898 0.91755841808
64.29 1.21559891402
64.4902 0.858350931375
64.6905 0.98960089864
64.8907 0.887778784163
65.0909 0.884921605409
65.2911 0.879659989906
65.4913 1.06298236669
65.6916 1.04464269023
65.8918 1.00952928215
66.092 1.01534874727
66.2922 1.22145841193
66.4924 1.17754947282
66.6927 1.01888440976
66.8929 0.988548447797
67.0931 1.02954673458
67.2933 0.976177935926
67.4936 0.924497290404
67.6938 0.986857792858
67.894 1.01461847837
68.0942 0.968608447743
68.2945 0.866087482178
68.4947 0.853620833573
68.6949 0.933759657312
68.8951 0.928188505532
69.0954 1.12313634069
69.2956 1.06325986725
69.4958 0.885192648173
69.696 0.975609560215
69.8963 0.928506480171
70.0965 0.999271864125
70.2967 0.982809413196
70.4969 0.886955432365
70.6972 0.881521037633
70.8974 0.876740806382
71.0976 1.01610930992
71.2979 0.987703129252
71.4981 1.02700213106
71.6983 1.05200614535
71.8985 1.10863311938
72.0988 1.06603767991
72.299 0.948420264295
72.4992 1.10234344415
72.6995 0.909093309308
72.8997 1.03981476582
73.0999 0.969975775883
73.3002 1.031832947
73.5004 1.06201389043
73.7006 1.04175369957
73.9009 0.965203733197
74.1011 1.01801737147
74.3013 1.04642601451
74.5016 1.16913206798
74.7018 0.933877805637
74.902 1.11751176852
75.1023 0.997432095579
75.3025 0.97155722379
75.5027 0.84932367524
75.703 1.03969635178
75.9032 0.986524506815
76.1034 0.891122766184
76.3037 1.03081088839
76.5039 1.01727794488
76.7041 1.1273624694
76.9044 0.952773700666
77.1046 0.99098378984
77.3048 1.00505743658
77.5051 0.940845954587
77.7053 1.02736085818
77.9056 0.962379882697
78.1058 1.00518804302
78.306 0.988741449193
78.5063 1.04292440383
78.7065 1.00251752342
78.9067 0.979837552055
79.107 0.950402557831
79.3072 1.02207010283
79.5075 0.95477117516
79.7077 0.910154899014
79.9079 0.979952937173
80.1082 0.956755288993
80.3084 0.975303298965
80.5087 1.02073448676
80.7089 0.96471641622
80.9091 0.968030335649
81.1094 0.931476887362
81.3096 1.05938440369
81.5099 0.990465650787
81.7101 1.04949192546
81.9104 0.951178078896
82.1106 0.946742126073
82.3108 0.93544484612
82.5111 0.909739613267
82.7113 1.02951499474
82.9116 0.956991710274
83.1118 0.965425218467
83.3121 0.968217574019
83.5123 0.925703367459
83.7126 1.03125359997
83.9128 1.06370692698
84.113 1.08024906387
84.3133 1.00283480206
84.5135 1.15220815817
84.7138 1.02803178869
84.914 1.04490117256
85.1143 0.923783219675
85.3145 1.07765873457
85.5148 1.12366813504
85.715 0.920258472827
85.9153 0.748405948468
86.1155 1.02924564205
86.3158 0.955856775052
86.516 1.05296230835
86.7163 1.02569078406
86.9165 1.08065392294
87.1168 0.973636433754
87.317 1.05797452942
87.5173 1.0239028101
87.7175 1.0166547815
87.9178 1.02010181087
88.118 0.965735926707
88.3183 1.12179772664
88.5185 1.01310257244
88.7188 1.09447571413
88.919 1.05656127454
89.1193 0.989129606015
89.3195 1.12005813548
89.5198 1.15869535511
89.72 1.01316379626
89.9203 0.950630176326
90.1205 0.910163535688
90.3208 0.938060929677
90.521 1.01113242732
90.7213 1.05961658623
90.9216 1.07221633209
91.1218 0.994268523882
91.3221 1.10278373359
91.5223 1.10939697822
91.7226 1.01951935027
91.9228 0.895511381142
92.1231 0.908150673152
92.3233 0.98699848591
92.5236 1.05016342132
92.7239 1.02082914078
92.9241 0.980595455766
93.1244 0.989543118206
93.3246 1.0216247591
93.5249 0.918815760887
93.7252 1.0503446568
93.9254 1.01127780956
94.1257 1.09102549776
94.3259 1.11426008075
94.5262 1.15206870837
94.7264 0.974531460552
94.9267 0.994838734326
95.127 0.898757238485
95.3272 0.928756880681
95.5275 0.998304902658
95.7278 1.02062879798
95.928 0.994255714766
96.1283 1.09937785215
96.3285 1.13286286038
96.5288 0.913928425177
96.7291 0.948686591205
96.9293 1.03273526125
97.1296 1.05279569911
97.3298 0.894363036868
97.5301 1.10564308818
97.7304 0.980661323392
97.9306 1.08295162663
98.1309 0.933803307778
98.3312 0.869241292004
98.5314 1.10582217244
98.7317 1.1009876473
98.932 1.04636614413
99.1322 1.05187443887
99.3325 0.891014088376
99.5328 1.007651421
99.733 0.814071528701
99.9333 1.0193400673
