-100.0 0.703844848469
-99.8 2.00799059571
-99.6 1.19939812575
-99.4 1.624184861
-99.2 0.588023452414
-99.0 1.49325080994
-98.8 1.44149889517
-98.6 0.541561488851
-98.4 0.930883312829
-98.2 0.952750636843
-98.0 1.76843486701
-97.8 1.01485765914
-97.6 1.19326300089
-97.4 0.604107996298
-97.2 1.07396923693
-97.0 0.623656236916
-96.8 1.17243636061
-96.6 0.923197027405
-96.4 1.06367833478
-96.2 0.663865251476
-95.9999 0.714817020354
-95.7999 1.00043815333
-95.5999 0.253501370436
-95.3999 1.02205413641
-95.1999 1.31083939078
-94.9999 1.19167964543
-94.7999 1.02415212852
-94.5999 1.83156526899
-94.3999 1.08606555486
-94.1999 1.11036274642
-93.9999 0.522442355092
-93.7999 1.49700753163
-93.5999 1.50799671886
-93.3999 1.02321119877
-93.1999 1.04185434563
-92.9998 0.879538878964
-92.7998 1.07409567676
-92.5998 0.391569289102
-92.3998 1.34282888943
-92.1998 0.597311149964
-91.9998 0.365966933269
-91.7998 1.23670767876
-91.5998 1.37626321532
-91.3998 0.757131586874
-91.1997 0.425431033569
-90.9997 1.32185584565
-90.7997 0.661385063698
-90.5997 0.530281983751
-90.3997 0.901164473395
-90.1997 1.26224840471
-89.9997 1.21669944129
-89.7997 1.06569471493
-89.5996 1.12017988773
-89.3996 1.04730220049
-89.1996 0.866612396472
-88.9996 0.532429105438
-88.7996 1.15007002342
-88.5996 1.38564634106
-88.3996 1.09159989612
-88.1995 0.880406635888
-87.9995 0.980782844528
-87.7995 0.44267146073
-87.5995 1.17605594226
-87.3995 1.46648863692
-87.1995 1.02994350352
-86.9994 0.736999889109
-86.7994 0.783556831869
-86.5994 0.623240943261
-86.3994 1.06360231439
-86.1994 0.90058732836
-85.9994 1.14919352968
-85.7993 0.443655666439
-85.5993 0.706419734836
-85.3993 1.07018987174
-85.1993 0.821571961241
-84.9993 1.162207449
-84.7992 1.11968291472
-84.5992 1.59301280431
-84.3992 1.17174440023
-84.1992 0.569497706678
-83.9991 0.821272947552
-83.7991 1.07763823142
-83.5991 0.551262931661
-83.3991 1.03753070345
-83.1991 1.31417148898
-82.999 0.906326877531
-82.799 1.07291373433
-82.599 1.04434761097
-82.399 1.37287654138
-82.1989 1.01763787612
-81.9989 1.30305656223
-81.7989 1.20794250643
-81.5989 1.84239764841
-81.3988 0.905501167956
-81.1988 1.24083981244
-80.9988 0.753929607161
-80.7988 1.09790395979
-80.5987 0.194436394898
-80.3987 0.815012397363
-80.1987 1.02135515791
-79.9987 1.24451705512
-79.7986 0.809551325255
-79.5986 0.710879145674
-79.3986 0.434738729034
-79.1986 0.18571362658
-78.9985 1.17207547063
-78.7985 0.77619862122
-78.5985 1.42103610599
-78.3984 0.868168593514
-78.1984 0.51230899889
-77.9984 1.19142020915
-77.7984 2.04263197656
-77.5983 1.00155129514
-77.3983 0.655370619149
-77.1983 0.596149695199
-76.9982 1.21591785456
-76.7982 1.57204214119
-76.5982 0.546044211584
-76.3981 0.834547387177
-76.1981 0.882822601841
-75.9981 0.736465367266
-75.798 0.716787047638
-75.598 1.30662731736
-75.398 0.428567775372
-75.198 1.07998215827
-74.9979 1.02068801306
-74.7979 1.03343457132
-74.5978 0.0371641225493
-74.3978 0.736756078208
-74.1978 1.40121769392
-73.9977 1.54537773682
-73.7977 1.23713937396
-73.5977 0.210713241516
-73.3976 0.872660772811
-73.1976 1.13146849168
-72.9976 0.554125647112
-72.7975 0.69029149771
-72.5975 0.805460648798
-72.3975 1.61893858967
-72.1974 1.12406151988
-71.9974 1.23906990886
-71.7973 1.46702486706
-71.5973 0.986232993976
-71.3973 1.33847264448
-71.1972 0.567213696527
-70.9972 0.194305765862
-70.7972 1.77792579581
-70.5971 1.67535728717
-70.3971 1.33031923863
-70.197 1.19167244129
-69.997 0.748284968123
-69.797 1.04542674222
-69.5969 0.894249412792
-69.3969 0.692181245705
-69.1968 1.02241841363
-68.9968 1.08004241663
-68.7968 0.523015139314
-68.5967 1.14975885128
-68.3967 1.188420429
-68.1966 0.774545059131
-67.9966 0.678140013126
-67.7965 0.933484334653
-67.5965 1.061875243
-67.3965 1.66690063634
-67.1964 0.986074422967
-66.9964 0.806949737669
-66.7963 1.36616589758
-66.5963 1.25983776204
-66.3962 1.15756933137
-66.1962 0.92707471564
-65.9961 1.1746119909
-65.7961 1.4986427196
-65.5961 1.00657214944
-65.396 1.57438965504
-65.196 1.0734972709
-64.9959 0.564706627922
-64.7959 0.882444820242
-64.5958 1.25932021947
-64.3958 1.70656922349
-64.1957 1.57164820072
-63.9957 0.826701465261
-63.7956 1.10669444424
-63.5956 1.1210291431
-63.3955 1.25176828446
-63.1955 0.827119266939
-62.9954 0.518047140808
-62.7954 0.823135831375
-62.5953 1.79248433122
-62.3953 0.490442420118
-62.1952 0.897625731358
-61.9952 0.631771261799
-61.7951 0.889576728792
-61.5951 1.23631442943
-61.395 1.16834160575
-61.195 0.866710868375
-60.9949 0.610261486478
-60.7949 0.711548588199
-60.5948 0.849873669649
-60.3948 0.52632522247
-60.1947 1.47899997425
-59.9947 1.24343309224
-59.7946 1.54340246022
-59.5946 0.953611157441
-59.3945 1.78654208969
-59.1944 0.693599282852
-58.9944 0.495340993308
-58.7943 0.833713531171
-58.5943 1.007596112
-58.3942 1.33029437116
-58.1942 0.22307155807
-57.9941 0.551980708032
-57.7941 0.793999188748
-57.594 1.30869083454
-57.3939 1.30121047878
-57.1939 0.615577547832
-56.9938 1.53164439064
-56.7938 1.16823095825
-56.5937 1.3194997288
-56.3937 1.31783400301
-56.1936 1.37939186219
-55.9935 0.931759507239
-55.7935 1.11043687974
-55.5934 1.37449520014
-55.3934 1.10344668754
-55.1933 0.839723578151
-54.9932 1.89493435398
-54.7932 0.863740069913
-54.5931 1.0994701238
-54.3931 1.55076937525
-54.193 1.54583937124
-53.9929 1.49185406878
-53.7929 0.423633346432
-53.5928 1.10101829211
-53.3928 0.639349346043
-53.1927 1.42162541079
-52.9926 0.60040847338
-52.7926 1.22370942887
-52.5925 0.828774326259
-52.3924 1.66332997251
-52.1924 0.703344771051
-51.9923 0.958490775254
-51.7922 1.12861850085
-51.5922 1.41082404471
-51.3921 1.5668207838
-51.1921 1.07250883531
-50.992 2.19801716065
-50.7919 0.973337973105
-50.5919 0.492846451345
-50.3918 0.753340124663
-50.1917 0.862818591472
-49.9917 0.841884614033
-49.7916 0.51907244069
-49.5915 1.07658373585
-49.3915 1.19730888764
-49.1914 0.949274241597
-48.9913 1.1180897978
-48.7913 1.15534960019
-48.5912 0.662676041824
-48.3911 0.916474295985
-48.191 1.42964702283
-47.991 1.07379404012
-47.7909 1.22841147734
-47.5908 1.02246127088
-47.3908 0.851204682868
-47.1907 1.49984419192
-46.9906 0.613447314654
-46.7906 1.099374204
-46.5905 0.323263880795
-46.3904 1.14304576867
-46.1903 0.464405914368
-45.9903 0.80557608833
-45.7902 1.37868561499
-45.5901 1.29851779733
-45.3901 0.245664181174
-45.19 0.499130846077
-44.9899 0.683860960873
-44.7898 0.949052204202
-44.5898 1.05354301396
-44.3897 0.994441020927
-44.1896 0.955690208275
-43.9895 0.636876912737
-43.7895 0.0897726854968
-43.5894 0.812253379576
-43.3893 0.7381015118
-43.1892 0.778871515639
-42.9892 1.08096506212
-42.7891 0.692744330502
-42.589 1.03231285011
-42.3889 1.35829891366
-42.1889 1.61115342428
-41.9888 1.11652014313
-41.7887 1.24417161829
-41.5886 1.26551321792
-41.3885 1.72931048975
-41.1885 0.879214392872
-40.9884 1.26168453152
-40.7883 0.834423387062
-40.5882 0.484000846568
-40.3881 0.374987455998
-40.1881 0.113441959052
-39.988 1.16576873607
-39.7879 1.17208263884
-39.5878 1.43850876334
-39.3877 0.485045917937
-39.1877 0.591593381321
-38.9876 0.858894008923
-38.7875 1.25523830164
-38.5874 0.65284758226
-38.3873 0.164698505532
-38.1873 0.755818703254
-37.9872 0.105309739287
-37.7871 0.411191878141
-37.587 0.386565120429
-37.3869 0.551937061097
-37.1868 1.58023167845
-36.9868 0.774951596753
-36.7867 1.15474209302
-36.5866 0.761474928441
-36.3865 0.735004165417
-36.1864 1.10546432866
-35.9863 1.52966435371
-35.7862 0.974967840627
-35.5862 1.38703535253
-35.3861 0.802981194942
-35.186 0.896969270307
-34.9859 1.29621774561
-34.7858 1.39233773441
-34.5857 0.754076627464
-34.3856 1.16818398504
-34.1856 0.861911467892
-33.9855 0.804161100089
-33.7854 0.525450553258
-33.5853 0.580833554849
-33.3852 1.46937225753
-33.1851 0.309696382115
-32.985 0.72683220028
-32.7849 0.581323563822
-32.5848 1.35296641004
-32.3847 0.909594802335
-32.1847 0.745365457402
-31.9846 1.36562539781
-31.7845 0.745194825316
-31.5844 0.615955230157
-31.3843 0.454482314681
-31.1842 0.348945590641
-30.9841 0.932115886128
-30.784 2.09778281424
-30.5839 1.17244666775
-30.3838 1.43829685248
-30.1837 0.708164095795
-29.9836 0.511248864049
-29.7836 1.03407240611
-29.5835 0.278524650427
-29.3834 0.710883699895
-29.1833 1.40216257484
-28.9832 0.759307127776
-28.7831 1.27790814401
-28.583 1.10449376545
-28.3829 1.31978067811
-28.1828 0.874094349794
-27.9827 1.40696515693
-27.7826 0.89927557938
-27.5825 0.483059406147
-27.3824 1.13311982199
-27.1823 1.4088740817
-26.9822 1.12900378587
-26.7821 1.16383485064
-26.582 1.31376241868
-26.3819 0.371572323256
-26.1818 0.457180435489
-25.9817 1.20545939412
-25.7816 1.18190089805
-25.5815 0.705621030685
-25.3814 1.32876373643
-25.1813 1.35216994968
-24.9812 1.03152120881
-24.7811 0.365824409089
-24.581 1.602040986
-24.3809 1.387739034
-24.1808 0.134262455808
-23.9807 0.972498613527
-23.7806 0.473504666428
-23.5805 0.592562116378
-23.3804 0.101249172634
-23.1803 1.05210211287
-22.9802 0.500489437342
-22.7801 0.85318404476
-22.58 0.750969596311
-22.3799 0.168954042076
-22.1798 0.676040598572
-21.9797 0.91843711957
-21.7796 0.687250518514
-21.5795 1.0264821877
-21.3794 0.96340804296
-21.1793 0.598619207983
-20.9792 1.09106837085
-20.7791 1.23576062196
-20.579 0.310712381353
-20.3789 0.109970501769
-20.1787 1.11272624366
-19.9786 0.334623503619
-19.7785 1.23476716671
-19.5784 0.288036723277
-19.3783 0.640110193379
-19.1782 0.584194269054
-18.9781 0.561073608992
-18.778 0.563083116
-18.5779 0.539902469062
-18.3778 0.498167577918
-18.1777 0.501841027125
-17.9776 1.48947840363
-17.7774 0.915281232895
-17.5773 0.365194643927
-17.3772 0.735136931207
-17.1771 1.15695355727
-16.977 0.118922177267
-16.7769 0.767252536051
-16.5768 1.01881013426
-16.3767 0.956175037758
-16.1766 0.652624177071
-15.9764 1.01488310428
-15.7763 0.722524154287
-15.5762 1.00354115135
-15.3761 0.758762002272
-15.176 0.625759442967
-14.9759 0.734788355492
-14.7758 1.61680139419
-14.5757 1.39394866914
-14.3755 0.71572259375
-14.1754 0.538943182632
-13.9753 0.670346601077
-13.7752 1.05096761756
-13.5751 1.71594874988
-13.375 1.51503761583
-13.1749 1.93295656747
-12.9747 1.03032375271
-12.7746 1.96967991552
-12.5745 0.293964383647
-12.3744 0.517280934815
-12.1743 1.15504771388
-11.9742 0.202374460329
-11.774 1.02822933023
-11.5739 0.748547811592
-11.3738 0.90325267947
-11.1737 0.804765956621
-10.9736 0.123222494626
-10.7734 0.104323795296
-10.5733 0.446825314712
-10.3732 0.027943263301
-10.1731 0.14630038101
-9.97296 0.84441633983
-9.77284 0.327882168389
-9.57272 0.237413607169
-9.3726 0.486242912597
-9.17248 0.587574314581
-8.97236 0.422434708813
-8.77224 0.515684688028
-8.57211 1.52636804507
-8.37199 1.06970315701
-8.17187 0.920302887008
-7.97175 0.33358384253
-7.77163 0.544156384468
-7.5715 0.738054229205
-7.37138 0.414032424538
-7.17125 0.320549581834
-6.97113 0.948827184436
-6.77101 0.392347725936
-6.57088 0.91566080073
-6.37076 0.241380411598
-6.17063 0.51408844904
-5.97051 0.618462424942
-5.77038 0.123764357417
-5.57025 0.436677684253
-5.37013 0.759519723414
-5.17 1.31185108198
-4.96987 0.246814332802
-4.76975 0.763226899968
-4.56962 0.556851885991
-4.36949 0.477066846577
-4.16937 0.0714075389542
-3.96924 0.744142693118
-3.76911 1.06548604387
-3.56898 0.907936595721
-3.36885 0.919859798101
-3.16872 0.49460789437
-2.96859 1.65712247564
-2.76846 0.875330699513
-2.56833 0.248736947857
-2.3682 0.489986320844
-2.16807 1.17309840437
-1.96794 0.934907743194
-1.76781 0.340701390536
-1.56768 0.98179939947
-1.36755 0.23026819793
-1.16742 0.522029621157
-0.967284 -0.103907032483
-0.767152 0.664960200817
-0.567019 1.33770754529
-0.366886 0.711841060166
-0.166753 1.34469095661
0.0333802 1.41993248108
0.233514 0.917754620008
0.433648 0.434362864102
0.633782 0.113965973396
0.833917 -0.0611714907994
1.03405 0.0198899057298
1.23419 1.40694834214
1.43432 0.115745994937
1.63446 0.223686807694
1.83459 -0.400477825807
2.03473 0.409497392667
2.23487 0.485527108156
2.435 0.134811975513
2.63514 -0.0270300566861
2.83528 0.0929991291258
3.03541 -0.288948419159
3.23555 0.125284737644
3.43569 -0.161132879053
3.63583 -0.00502761660677
3.83597 -0.0462000160377
4.0361 -0.0380740320181
4.23624 0.228894953281
4.43638 0.0232508905401
4.63652 -0.248962034871
4.83666 -0.211751396528
5.0368 0.26219372218
5.23694 -0.29863526958
5.43708 -0.470759186288
5.63722 -0.135606564682
5.83737 -0.226834677734
6.03751 0.116258358255
6.23765 0.894973583178
6.43779 -0.0218942819712
6.63793 0.306821353115
6.83808 0.604532218776
7.03822 0.392177976741
7.23836 -0.170895868133
7.4385 -0.235743164931
7.63865 0.244860924773
7.83879 0.406985379844
8.03894 0.188519990288
8.23908 -0.0424038264787
8.43923 -0.144607160694
8.63937 0.126346664905
8.83951 0.00365886935449
9.03966 0.393337589438
9.23981 -0.153246243171
9.43995 1.57405643011
9.6401 0.183762213785
9.84025 0.14989654591
10.0404 0.655508810656
10.2405 0.617591215319
10.4407 -0.123888927392
10.6408 -0.0381427291345
10.841 0.407525124411
11.0411 0.237513301265
11.2413 0.295852153445
11.4414 0.00796798145358
11.6416 0.219039395011
11.8417 0.274873460499
12.0419 0.850562461334
12.242 0.0249027098761
12.4422 0.226418143809
12.6423 0.291070298714
12.8425 0.504493954989
13.0426 0.359162873075
13.2428 0.42916221347
13.4429 0.247289789922
13.6431 1.11572722237
13.8432 0.393030011784
14.0434 0.015795661374
14.2435 1.24607775626
14.4437 0.804582883687
14.6438 0.31609019534
14.844 2.37692059138
15.0441 0.910797556197
15.2443 1.68705097923
15.4445 1.25749625532
15.6446 0.592398479043
15.8448 0.200083344576
16.0449 0.0855973553334
16.2451 0.598695741161
16.4452 0.0376596908383
16.6454 0.0866178258022
16.8455 0.312424872833
17.0457 0.0541818391367
17.2459 0.139320651528
17.446 0.78959448174
17.6462 1.23385559998
17.8463 0.286272587413
18.0465 0.437789232252
18.2466 0.564659867136
18.4468 0.506515583639
18.647 0.290779417666
18.8471 0.0235855676332
19.0473 0.0870691905797
19.2474 0.27354847066
19.4476 0.674627465706
19.6478 0.324894338155
19.8479 0.471469524358
20.0481 0.309743967308
20.2482 0.244082604492
20.4484 0.0732846198873
20.6486 0.313011269718
20.8487 0.879504745198
21.0489 1.15292000593
21.249 0.560659410798
21.4492 1.29367378869
21.6494 2.22860374249
21.8495 1.55921286964
22.0497 0.401764223812
22.2498 1.59536284369
22.45 0.145363667882
22.6502 0.256833370124
22.8503 0.282973761089
23.0505 0.215938040607
23.2507 1.77617967564
23.4508 2.13230555247
23.651 0.793949896822
23.8512 2.07037138457
24.0513 1.09055151124
24.2515 0.652382536614
24.4517 1.38716524243
24.6518 0.65990721277
24.852 1.31936598653
25.0522 0.597132992609
25.2523 0.35720540692
25.4525 0.823084827402
25.6527 1.89733188912
25.8528 0.25109015855
26.053 1.78485072469
26.2532 1.5634701694
26.4533 1.15022158039
26.6535 0.0921594154079
26.8537 1.12282373287
27.0538 2.18832005077
27.254 0.924966117241
27.4542 1.31733968489
27.6544 0.232052563919
27.8545 0.687443513617
28.0547 1.00679928076
28.2549 0.991746648048
28.455 0.588134799919
28.6552 0.943097248683
28.8554 0.551318132394
29.0556 1.41435322989
29.2557 1.69910338121
29.4559 0.0929581893538
29.6561 1.24022518694
29.8562 1.00012743533
30.0564 0.988678397832
30.2566 0.36355265123
30.4568 0.905824776405
30.6569 0.133277772645
30.8571 1.52522245637
31.0573 0.828215863016
31.2575 0.807152474445
31.4576 0.63331671929
31.6578 0.993209161056
31.858 0.139890555025
32.0582 0.811204435898
32.2583 0.39376181748
32.4585 1.59635536825
32.6587 0.71364691256
32.8589 1.17467757756
33.0591 0.948347388488
33.2592 0.624915482122
33.4594 0.241562504553
33.6596 0.469259269741
33.8598 0.607900704426
34.0599 0.605407527714
34.2601 0.49932534847
34.4603 1.286338203
34.6605 0.319669893392
34.8607 0.560629577488
35.0608 0.262970311856
35.261 1.25677757687
35.4612 0.102900758107
35.6614 1.26622770969
35.8616 0.74496924521
36.0617 0.581816378154
36.2619 0.692198978737
36.4621 0.812669761583
36.6623 1.06702320033
36.8625 1.14233296126
37.0627 0.552099232478
37.2628 0.696396049683
37.463 0.852399195963
37.6632 0.629899251092
37.8634 0.665379022841
38.0636 0.35440558745
38.2638 0.995699954881
38.4639 0.780837878169
38.6641 0.301212875668
38.8643 0.11556563707
39.0645 0.792955880151
39.2647 0.140861674276
39.4649 0.409494396462
39.6651 0.499318780149
39.8652 0.636398940177
40.0654 0.460787965482
40.2656 1.20497714497
40.4658 0.87199262217
40.666 1.33078287445
40.8662 1.55703781048
41.0664 1.27250855589
41.2666 0.299334335743
41.4668 0.4831761776
41.6669 0.858383051126
41.8671 0.756418303997
42.0673 0.440438923753
42.2675 1.51387202221
42.4677 0.976449458305
42.6679 0.806137809906
42.8681 0.345290798929
43.0683 0.646261361773
43.2685 1.6079502665
43.4687 0.727625783293
43.6688 0.480713734416
43.869 0.836079686034
44.0692 1.04092382473
44.2694 0.740537263663
44.4696 0.719263709593
44.6698 0.403439922167
44.87 0.133485674498
45.0702 1.29365049869
45.2704 0.775961878341
45.4706 0.753140999243
45.6708 1.34366929069
45.871 0.774594112533
46.0712 0.746691794481
46.2714 1.3111804516
46.4716 0.101830756983
46.6718 0.202160978663
46.8719 0.815921446649
47.0721 0.789017819196
47.2723 0.669332467391
47.4725 0.763860437203
47.6727 2.10338582352
47.8729 0.875381071813
48.0731 0.769767876385
48.2733 0.714547291443
48.4735 0.556668521799
48.6737 1.26348295397
48.8739 1.20582103921
49.0741 0.500759299156
49.2743 1.24750146404
49.4745 1.49291677492
49.6747 1.09626292498
49.8749 0.574388138577
50.0751 0.899304661392
50.2753 0.988485421593
50.4755 1.15253406037
50.6757 0.703613123984
50.8759 0.784377517861
51.0761 0.948667192001
51.2763 0.460511167118
51.4765 1.4833680179
51.6767 1.22669599043
51.8769 0.79161992902
52.0771 2.08772021955
52.2773 1.27732155485
52.4775 0.684283338675
52.6777 0.513579947467
52.8779 1.11183399529
53.0782 0.835906463241
53.2784 1.6678826753
53.4786 1.0385317785
53.6788 0.847945368003
53.879 0.984640034037
54.0792 1.01851740089
54.2794 1.29200641147
54.4796 0.539233745398
54.6798 1.2059559447
54.88 0.790171266096
55.0802 0.991549304347
55.2804 1.41414862135
55.4806 0.123580119891
55.6808 0.746087859814
55.881 0.582001733764
56.0812 0.999858258831
56.2815 0.486269425905
56.4817 1.18662468556
56.6819 0.685269644408
56.8821 1.28865178229
57.0823 1.52519611026
57.2825 1.18026642601
57.4827 1.10655148537
57.6829 0.637872321418
57.8831 1.0358381458
58.0833 0.840103509052
58.2836 0.881047822662
58.4838 1.02571328773
58.684 1.05360070297
58.8842 1.66517788525
59.0844 1.19401856998
59.2846 0.400195755915
59.4848 0.816014424756
59.685 0.491793476373
59.8853 0.873187889445
60.0855 0.49179251547
60.2857 0.729845669222
60.4859 0.149772030535
60.6861 0.698280431002
60.8863 1.18780307852
61.0865 0.546855704292
61.2868 1.06008284769
61.487 0.806076310868
61.6872 0.55419771553
61.8874 1.4312521866
62.0876 0.411704789224
62.2878 1.29977965775
62.4881 1.45646834315
62.6883 0.729352098193
62.8885 1.15834602056
63.0887 0.665635019945
63.2889 1.48739392604
63.4891 0.868239277631
63.6894 1.16989451334
63.8896 0.767390134603
64.0898 0.7273144691
64.29 1.01091484807
64.4902 0.676345317583
64.6905 0.821806127502
64.8907 1.39659349823
65.0909 1.16276594983
65.2911 0.739734965355
65.4913 0.614241626041
65.6916 0.704193581509
65.8918 1.03846421215
66.092 1.5473773851
66.2922 1.06209422879
66.4924 0.904761419063
66.6927 0.978394518149
66.8929 0.152171565351
67.0931 0.97153545433
67.2933 1.30814186246
67.4936 0.795629692934
67.6938 0.979021498782
67.894 0.992634352531
68.0942 0.912508482821
68.2945 1.15968430418
68.4947 0.831595096752
68.6949 0.703115241341
68.8951 1.15159697561
69.0954 0.933364469829
69.2956 0.943128172668
69.4958 1.28872314635
69.696 0.651248815238
69.8963 1.03062015962
70.0965 0.893272422377
70.2967 1.63261402407
70.4969 1.28461796802
70.6972 0.732185720998
70.8974 0.314793719733
71.0976 1.12510464503
71.2979 0.982027284143
71.4981 0.846416551401
71.6983 0.754172859583
71.8985 0.94129038743
72.0988 1.38817479451
72.299 0.701242279841
72.4992 1.09324424168
72.6995 0.959946969168
72.8997 0.479545927974
73.0999 0.329893505957
73.3002 1.31602875755
73.5004 0.597621597659
73.7006 0.613254825363
73.9009 0.898892813966
74.1011 1.87177124479
74.3013 0.794028893307
74.5016 1.06401341014
74.7018 0.986784770848
74.902 1.38895881651
75.1023 1.20656599416
75.3025 0.974456316252
75.5027 1.18179160685
75.703 0.499717849378
75.9032 0.654147031473
76.1034 0.893576808015
76.3037 0.973151536901
76.5039 0.663603870054
76.7041 1.12598366875
76.9044 1.39183589853
77.1046 1.16578933056
77.3048 1.17760264438
77.5051 0.897774387139
77.7053 1.09210131428
77.9056 1.03429262883
78.1058 0.87337930684
78.306 0.664773374465
78.5063 0.852980641013
78.7065 0.525373437825
78.9067 1.77414524873
79.107 1.11194956932
79.3072 1.23753100966
79.5075 0.680730451001
79.7077 1.11802865089
79.9079 0.91958988964
80.1082 0.519815482557
80.3084 2.30701442064
80.5087 1.38735507155
80.7089 0.533450640352
80.9091 1.04390247572
81.1094 1.09903555318
81.3096 0.741688690349
81.5099 1.88392186101
81.7101 0.885571762533
81.9104 1.50195877635
82.1106 0.84613726101
82.3108 0.716106096382
82.5111 1.2578633436
82.7113 1.30116588965
82.9116 1.21581747311
83.1118 1.38019780844
83.3121 1.41131893682
83.5123 1.20906374474
83.7126 0.849518895131
83.9128 1.25491736302
84.113 0.685192936666
84.3133 1.97626519719
84.5135 1.57316892552
84.7138 0.964583243503
84.914 1.84216962441
85.1143 1.00697238295
85.3145 1.40960944798
85.5148 0.621613001488
85.715 0.819853902003
85.9153 1.55938202398
86.1155 1.34771594873
86.3158 0.479349073082
86.516 0.716889855985
86.7163 1.66956266781
86.9165 1.46471115988
87.1168 0.848900176416
87.317 1.20695318813
87.5173 1.03420139505
87.7175 1.23996154022
87.9178 0.601077442022
88.118 0.909454965241
88.3183 1.05029668511
88.5185 0.42200950172
88.7188 0.527091083609
88.919 0.85236739033
89.1193 1.36038063679
89.3195 0.662564348632
89.5198 0.891715430199
89.72 1.57691778132
89.9203 0.816200126946
90.1205 1.59575387073
90.3208 0.838304091711
90.521 1.227090362
90.7213 1.34873888065
90.9216 1.27711121849
91.1218 1.24173176944
91.3221 1.10093648895
91.5223 1.16291726712
91.7226 0.67178425843
91.9228 0.986077191091
92.1231 0.629280483205
92.3233 1.08272795172
92.5236 0.849405098284
92.7239 1.45327898963
92.9241 0.880589512867
93.1244 1.34065387167
93.3246 1.77422409189
93.5249 1.08314317369
93.7252 1.04089662514
93.9254 0.592924813906
94.1257 0.961436971594
94.3259 1.00234138197
94.5262 1.42014149376
94.7264 0.804117256648
94.9267 0.193082567273
95.127 0.909148058259
95.3272 1.6256224447
95.5275 0.688704645693
95.7278 0.541306061789
95.928 1.00166317594
96.1283 1.3834557528
96.3285 1.11596946377
96.5288 0.890570184437
96.7291 1.23939802979
96.9293 0.763394699226
97.1296 0.794540110269
97.3298 0.512982323354
97.5301 1.31339031509
97.7304 0.536845622903
97.9306 1.35101057575
98.1309 0.223833982736
98.3312 0.942719683776
98.5314 0.771553069462
98.7317 0.738850299188
98.932 0.56872490803
99.1322 1.34464235299
99.3325 0.803464635521
99.5328 0.470458338155
99.733 1.10623338943
99.9333 1.33822610615
