-100.0 1.20930847124
-99.8 0.844804538974
-99.6 1.35188055648
-99.4 0.912993945525
-99.2 1.26249446047
-99.0 1.01545394649
-98.8 1.27024666627
-98.6 1.26103287297
-98.4 1.37187145945
-98.2 1.41425499323
-98.0 1.05243369153
-97.8 0.844830190158
-97.6 0.978248170477
-97.4 0.859528045493
-97.2 0.83990092034
-97.0 0.787927895767
-96.8 1.2585627269
-96.6 1.16881248348
-96.4 1.23566495916
-96.2 1.08378032306
-95.9999 0.943428110865
-95.7999 0.974124142482
-95.5999 0.7576206859
-95.3999 0.74963167124
-95.1999 1.00705541772
-94.9999 0.88079158713
-94.7999 0.767094343829
-94.5999 1.18092852923
-94.3999 1.06719906492
-94.1999 0.813730198921
-93.9999 0.706057392716
-93.7999 1.02045314313
-93.5999 0.922177542647
-93.3999 0.812928023195
-93.1999 0.988473905682
-92.9998 0.675310997582
-92.7998 0.663151709306
-92.5998 0.888178660331
-92.3998 0.999115272636
-92.1998 0.986183500476
-91.9998 0.897269966878
-91.7998 0.760557462712
-91.5998 1.17712748972
-91.3998 0.835712216401
-91.1997 0.767018695549
-90.9997 0.882598618552
-90.7997 0.758737633161
-90.5997 1.16555129524
-90.3997 1.02306680349
-90.1997 0.53876603476
-89.9997 0.912060099857
-89.7997 0.855462324525
-89.5996 0.953850827072
-89.3996 0.699928527886
-89.1996 1.02891549429
-88.9996 1.42714216911
-88.7996 1.36883935762
-88.5996 0.753817475885
-88.3996 1.10934831931
-88.1995 1.01246843409
-87.9995 1.29204812651
-87.7995 1.39557961464
-87.5995 0.857628744202
-87.3995 0.707119260765
-87.1995 1.28158427648
-86.9994 1.03036830183
-86.7994 0.729479846744
-86.5994 1.10791522458
-86.3994 0.956352696746
-86.1994 0.849790823375
-85.9994 1.17814536216
-85.7993 0.733768116413
-85.5993 0.876242498509
-85.3993 1.0341843761
-85.1993 1.17651375993
-84.9993 0.963209542917
-84.7992 0.699888664828
-84.5992 1.19693358515
-84.3992 1.08188233373
-84.1992 0.914334035117
-83.9991 0.782790521918
-83.7991 0.816496640433
-83.5991 1.04168880985
-83.3991 0.945155084049
-83.1991 1.12417532438
-82.999 1.1085081229
-82.799 1.46923954552
-82.599 0.938853049172
-82.399 1.24192530335
-82.1989 0.936437710762
-81.9989 1.02954598084
-81.7989 0.757491016652
-81.5989 1.04019191174
-81.3988 1.04996003917
-81.1988 0.509599711264
-80.9988 0.900180582484
-80.7988 0.687787168851
-80.5987 1.0816412516
-80.3987 1.01790113117
-80.1987 0.900259480103
-79.9987 1.16138010054
-79.7986 1.11577957065
-79.5986 0.954263459628
-79.3986 1.2846551545
-79.1986 0.675123152698
-78.9985 1.41716985263
-78.7985 1.20819789054
-78.5985 1.0738427119
-78.3984 1.40346940645
-78.1984 0.96781873924
-77.9984 1.36177982909
-77.7984 1.33773562939
-77.5983 0.884400281472
-77.3983 1.13313091863
-77.1983 1.09887945193
-76.9982 1.16252425175
-76.7982 0.719383553438
-76.5982 0.934466913549
-76.3981 0.90081022866
-76.1981 0.866425842786
-75.9981 0.879763763012
-75.798 0.961471880047
-75.598 0.762414446851
-75.398 0.874834389451
-75.198 0.983441358562
-74.9979 1.05581049265
-74.7979 1.12817415849
-74.5978 1.2065412759
-74.3978 0.931611521229
-74.1978 1.37280309461
-73.9977 1.27763216489
-73.7977 1.35759246974
-73.5977 0.85386544715
-73.3976 1.05006929989
-73.1976 1.28384219232
-72.9976 0.984058485829
-72.7975 0.929312524092
-72.5975 0.89291577221
-72.3975 0.948004454795
-72.1974 1.02592686458
-71.9974 1.30276525128
-71.7973 1.36847483851
-71.5973 0.801282829004
-71.3973 0.935624201471
-71.1972 0.675522463334
-70.9972 0.768205252499
-70.7972 0.907779582544
-70.5971 1.21228752006
-70.3971 1.04893616289
-70.197 1.23741269021
-69.997 1.13029712164
-69.797 1.14479226037
-69.5969 1.06308945693
-69.3969 1.11950464027
-69.1968 0.878757653639
-68.9968 0.996804648268
-68.7968 0.788295513235
-68.5967 0.805186045965
-68.3967 1.03758737843
-68.1966 1.12436331399
-67.9966 1.23017918428
-67.7965 0.960879623777
-67.5965 0.744542268907
-67.3965 1.08547929617
-67.1964 1.24809297042
-66.9964 1.20857009931
-66.7963 0.763153842251
-66.5963 0.430416567334
-66.3962 0.78511783357
-66.1962 1.36336584351
-65.9961 1.02459963561
-65.7961 1.11199027865
-65.5961 0.46102874597
-65.396 0.822804947499
-65.196 0.68311042252
-64.9959 0.642533504564
-64.7959 1.32579315095
-64.5958 1.02731483602
-64.3958 0.990051368348
-64.1957 0.838256123287
-63.9957 0.715390926699
-63.7956 1.33687553042
-63.5956 0.95495951227
-63.3955 1.44601533449
-63.1955 1.09365689779
-62.9954 0.426959842237
-62.7954 0.768941292705
-62.5953 0.830128750645
-62.3953 0.731651980346
-62.1952 1.16559073147
-61.9952 1.10705246308
-61.7951 0.934984486379
-61.5951 0.737179560389
-61.395 1.17400409071
-61.195 1.18256545775
-60.9949 1.33360648513
-60.7949 1.1772380409
-60.5948 1.0342985424
-60.3948 1.00662581406
-60.1947 1.11238129878
-59.9947 1.31578855274
-59.7946 1.22529939312
-59.5946 0.92844743313
-59.3945 1.22297259055
-59.1944 1.22608097004
-58.9944 0.91680765691
-58.7943 1.24249512806
-58.5943 1.2911013848
-58.3942 1.04812482661
-58.1942 0.746435801883
-57.9941 1.1829406347
-57.7941 1.48657579176
-57.594 1.34722833847
-57.3939 0.829616397648
-57.1939 0.827663880438
-56.9938 1.0592561389
-56.7938 0.577002333319
-56.5937 1.03996337826
-56.3937 1.10401516023
-56.1936 0.840794079524
-55.9935 1.53332078068
-55.7935 1.07873864505
-55.5934 0.756174822914
-55.3934 0.836326145597
-55.1933 0.647480543507
-54.9932 0.89537819061
-54.7932 0.927776142706
-54.5931 0.987889161116
-54.3931 0.665302243814
-54.193 1.10533764524
-53.9929 0.992679797044
-53.7929 0.502122883821
-53.5928 0.64187030724
-53.3928 0.872026665151
-53.1927 0.827336933687
-52.9926 0.907780098881
-52.7926 0.936597626512
-52.5925 1.17390907227
-52.3924 1.05150475579
-52.1924 0.676207178367
-51.9923 0.814789442819
-51.7922 0.767610519846
-51.5922 1.61941753494
-51.3921 0.972134147273
-51.1921 1.0256756855
-50.992 1.25089734138
-50.7919 1.30630394679
-50.5919 1.04839111205
-50.3918 0.62968683686
-50.1917 1.13565487317
-49.9917 0.973554797428
-49.7916 0.607455363222
-49.5915 1.14739704407
-49.3915 1.02181008614
-49.1914 1.21632849509
-48.9913 1.39642736839
-48.7913 0.955319571743
-48.5912 1.27369574603
-48.3911 1.02794109072
-48.191 0.700117146248
-47.991 1.2012026838
-47.7909 0.833151796012
-47.5908 1.25162079978
-47.3908 1.0038694941
-47.1907 0.924957377984
-46.9906 1.10873598118
-46.7906 1.44145525476
-46.5905 0.961850867712
-46.3904 0.914892187487
-46.1903 0.91889749414
-45.9903 1.11176726406
-45.7902 0.782095515747
-45.5901 0.788836603678
-45.3901 1.17541508765
-45.19 1.16236068186
-44.9899 1.00112458143
-44.7898 0.6936561196
-44.5898 0.803191645217
-44.3897 0.794136315741
-44.1896 1.17517853194
-43.9895 1.39305023008
-43.7895 0.570380683784
-43.5894 0.881457270753
-43.3893 1.07805428479
-43.1892 0.770981854666
-42.9892 0.668085056738
-42.7891 0.853411570263
-42.589 1.23526000463
-42.3889 1.34346741282
-42.1889 0.790135308728
-41.9888 0.980319246683
-41.7887 1.00650419122
-41.5886 1.5555117854
-41.3885 0.866385053226
-41.1885 1.20213600883
-40.9884 1.29218512927
-40.7883 0.873447957607
-40.5882 0.765207848711
-40.3881 0.350445855151
-40.1881 0.974100532438
-39.988 0.844324592413
-39.7879 0.633608956158
-39.5878 0.617190606076
-39.3877 1.08053069277
-39.1877 1.28800614557
-38.9876 0.913099703548
-38.7875 1.26588227175
-38.5874 1.0820381575
-38.3873 0.7199221119
-38.1873 1.28115823454
-37.9872 0.760063533118
-37.7871 1.01300378371
-37.587 0.858423651601
-37.3869 0.759323626705
-37.1868 0.941814294537
-36.9868 0.576698144749
-36.7867 1.08864571674
-36.5866 1.16100556417
-36.3865 0.971194296763
-36.1864 1.34665985928
-35.9863 1.20889373139
-35.7862 0.849319026877
-35.5862 0.942350030312
-35.3861 1.11594684847
-35.186 0.762577395966
-34.9859 0.750970513066
-34.7858 1.2143666645
-34.5857 1.43134014145
-34.3856 0.795511954649
-34.1856 0.84582368573
-33.9855 0.666767160135
-33.7854 0.570453680499
-33.5853 1.04509230603
-33.3852 1.12159610688
-33.1851 1.05937455619
-32.985 0.984057237457
-32.7849 0.603108752701
-32.5848 0.34826680667
-32.3847 0.847298709036
-32.1847 1.20347150512
-31.9846 0.589992707004
-31.7845 0.636901502697
-31.5844 0.573677033075
-31.3843 1.25842058953
-31.1842 0.882741841865
-30.9841 0.953342687054
-30.784 1.24691227905
-30.5839 1.21065959524
-30.3838 0.717057132135
-30.1837 0.973755994923
-29.9836 0.353343115402
-29.7836 0.9837868031
-29.5835 1.08795951977
-29.3834 1.2845215662
-29.1833 1.45642885752
-28.9832 1.06580682025
-28.7831 0.685214556646
-28.583 1.26568974954
-28.3829 0.47615043569
-28.1828 0.992366376762
-27.9827 0.690949631416
-27.7826 1.01686031746
-27.5825 0.805107988499
-27.3824 1.26429137307
-27.1823 1.18564105212
-26.9822 1.39091583138
-26.7821 1.20404387665
-26.582 1.64202965117
-26.3819 1.36441716062
-26.1818 1.10925384273
-25.9817 0.957772898988
-25.7816 0.710852006968
-25.5815 1.06340203389
-25.3814 1.32681608465
-25.1813 1.08272829919
-24.9812 1.29059234562
-24.7811 1.146610452
-24.581 0.25961111076
-24.3809 1.31220475102
-24.1808 1.09744161171
-23.9807 0.696120966578
-23.7806 0.603397526955
-23.5805 0.901241963667
-23.3804 0.684770219157
-23.1803 0.645754773018
-22.9802 0.982563974791
-22.7801 1.29232626725
-22.58 1.26030806229
-22.3799 0.838851061569
-22.1798 0.654627682454
-21.9797 0.588322280972
-21.7796 0.966437451304
-21.5795 1.43448975371
-21.3794 0.672985302679
-21.1793 0.954775476611
-20.9792 0.612998712191
-20.7791 0.567460625233
-20.579 0.56222381494
-20.3789 0.887797937207
-20.1787 0.974398615053
-19.9786 0.703526053757
-19.7785 0.709974239235
-19.5784 0.46314534449
-19.3783 0.622377683104
-19.1782 0.512348803039
-18.9781 0.215556066653
-18.778 0.443214835935
-18.5779 0.756068647181
-18.3778 0.510142773769
-18.1777 0.444841598801
-17.9776 0.475785180458
-17.7774 0.230130440702
-17.5773 0.235498859899
-17.3772 0.586556908821
-17.1771 0.538905625375
-16.977 0.25712929921
-16.7769 0.681958260253
-16.5768 1.13019227831
-16.3767 0.240552399037
-16.1766 0.736466066333
-15.9764 0.931730163157
-15.7763 0.941630607511
-15.5762 0.577621324809
-15.3761 1.02701624395
-15.176 0.192500443708
-14.9759 0.097419059852
-14.7758 0.49475315654
-14.5757 0.92451125263
-14.3755 0.507913025482
-14.1754 0.309295169402
-13.9753 1.05022889549
-13.7752 0.39759093772
-13.5751 0.350193115371
-13.375 0.146241483073
-13.1749 0.444276872742
-12.9747 0.341831006458
-12.7746 0.089756537123
-12.5745 0.467226233222
-12.3744 0.279240095871
-12.1743 0.605138538956
-11.9742 0.546986893752
-11.774 0.0269944962369
-11.5739 0.0756158026674
-11.3738 0.117271250492
-11.1737 0.175469305774
-10.9736 0.621014475147
-10.7734 0.318801064934
-10.5733 0.210741064992
-10.3732 0.186655376933
-10.1731 0.539257262453
-9.97296 0.142642352286
-9.77284 0.183531361834
-9.57272 -0.0413425789867
-9.3726 0.211019837467
-9.17248 0.0902799676831
-8.97236 0.152848321682
-8.77224 0.006610231628
-8.57211 0.149674476847
-8.37199 0.0755621042432
-8.17187 0.2794266069
-7.97175 0.774057542572
-7.77163 0.39078804223
-7.5715 0.207991725749
-7.37138 0.174594591405
-7.17125 0.184282782899
-6.97113 0.340051958775
-6.77101 1.4905414798
-6.57088 0.303577831723
-6.37076 0.0931812880532
-6.17063 0.428890886116
-5.97051 0.251379489386
-5.77038 0.594944947229
-5.57025 0.854395508941
-5.37013 0.256024525069
-5.17 -0.0501393620256
-4.96987 0.252875703329
-4.76975 0.197122136289
-4.56962 0.474178186662
-4.36949 0.0552448496927
-4.16937 0.694465842067
-3.96924 0.609799306936
-3.76911 -0.00858486715859
-3.56898 0.115809847175
-3.36885 0.371569403677
-3.16872 1.03777888124
-2.96859 0.369308419952
-2.76846 0.127220593815
-2.56833 0.0131702333628
-2.3682 0.187205715382
-2.16807 1.21888938974
-1.96794 -0.161193181207
-1.76781 0.172373935374
-1.56768 0.142727995452
-1.36755 0.0983797282162
-1.16742 -0.0615596422981
-0.967284 -0.042251095764
-0.767152 -0.198612071577
-0.567019 -0.011020999609
-0.366886 0.372109927702
-0.166753 -0.0872308882716
0.0333802 -0.184848050344
0.233514 0.079142893297
0.433648 -0.119797082501
0.633782 -0.0369332280248
0.833917 -0.0748076249914
1.03405 -0.0193382845509
1.23419 0.230145668895
1.43432 0.0188792444367
1.63446 0.27390389021
1.83459 0.175651927906
2.03473 0.197661734689
2.23487 0.0958917813612
2.435 0.463653751327
2.63514 -0.0434493491584
2.83528 -0.0364965058742
3.03541 0.132085072757
3.23555 0.196102239899
3.43569 -0.196853886495
3.63583 0.220981792612
3.83597 -0.0243854785016
4.0361 -0.00286436757428
4.23624 0.0112059998846
4.43638 0.201599030625
4.63652 0.615841480023
4.83666 0.360333789647
5.0368 0.536222188238
5.23694 0.222415352132
5.43708 0.265675034101
5.63722 0.0442034811612
5.83737 -0.250849096625
6.03751 0.0622834627625
6.23765 0.183355678303
6.43779 0.455715664517
6.63793 -0.287874664888
6.83808 0.00923965712588
7.03822 0.148018870877
7.23836 0.114954140428
7.4385 -0.14330616946
7.63865 -0.202916514579
7.83879 -0.0439148592576
8.03894 0.31656116634
8.23908 0.307768027037
8.43923 0.227673588764
8.63937 0.114481984706
8.83951 0.264756343402
9.03966 -0.166041387818
9.23981 -0.121585194386
9.43995 0.25474165571
9.6401 0.226656446015
9.84025 0.0725374413991
10.0404 0.298980046284
10.2405 -0.0724737277775
10.4407 0.204961245753
10.6408 0.203504517564
10.841 0.22895355081
11.0411 0.23521714032
11.2413 0.499357184619
11.4414 0.188768036902
11.6416 0.563925362545
11.8417 0.374671644574
12.0419 0.198880823339
12.242 0.379306439238
12.4422 0.695006904894
12.6423 0.640001449279
12.8425 0.647588996692
13.0426 0.197402678554
13.2428 0.220132901499
13.4429 0.124955434787
13.6431 0.258038040471
13.8432 0.611775438032
14.0434 0.924110364119
14.2435 0.513103213443
14.4437 1.04120662392
14.6438 1.05603717601
14.844 0.878944342427
15.0441 0.789568125592
15.2443 0.965538029893
15.4445 0.643158827239
15.6446 0.928856119667
15.8448 0.909049177434
16.0449 0.0814843734796
16.2451 0.374674429691
16.4452 0.873210385922
16.6454 0.644943080243
16.8455 0.701257909837
17.0457 0.933523238116
17.2459 1.32735247228
17.446 1.74118272776
17.6462 0.963949699999
17.8463 0.922404831964
18.0465 1.11056154786
18.2466 1.39686954218
18.4468 0.207024764773
18.647 0.858490352353
18.8471 0.943803283391
19.0473 1.18165736101
19.2474 0.841933006556
19.4476 1.16239673256
19.6478 0.988145886987
19.8479 0.707298373363
20.0481 0.9744751199
20.2482 0.956948089351
20.4484 1.21519768658
20.6486 1.403795363
20.8487 0.832846124523
21.0489 1.06378641098
21.249 0.877620780424
21.4492 1.01797289678
21.6494 0.462703496723
21.8495 0.984741336435
22.0497 0.825110327316
22.2498 0.798935910421
22.45 1.18480481529
22.6502 0.597991088824
22.8503 1.11641342149
23.0505 0.70375903301
23.2507 0.87764188058
23.4508 0.889219088662
23.651 0.702343795776
23.8512 0.813335782845
24.0513 1.44560491607
24.2515 0.914768477673
24.4517 0.527707981765
24.6518 0.755633580654
24.852 1.03676339652
25.0522 0.964328691255
25.2523 0.963183035685
25.4525 0.722070540025
25.6527 1.02489561393
25.8528 0.819498896495
26.053 0.826051010432
26.2532 0.929384996719
26.4533 0.814567786686
26.6535 0.872953119514
26.8537 0.732539015857
27.0538 0.59383399504
27.254 0.676798928374
27.4542 1.09137614213
27.6544 0.82595822709
27.8545 0.592470494346
28.0547 0.843911469721
28.2549 1.22176537674
28.455 0.90878841271
28.6552 1.09414989056
28.8554 1.11796471789
29.0556 1.03321266686
29.2557 1.12553475572
29.4559 0.90608760552
29.6561 0.891236826686
29.8562 0.803437965324
30.0564 1.03258960347
30.2566 1.1114904935
30.4568 1.11870784436
30.6569 0.786171875644
30.8571 1.22644576183
31.0573 1.37768286322
31.2575 1.56555704065
31.4576 0.875496199117
31.6578 0.941483663449
31.858 0.903282228324
32.0582 0.766946145587
32.2583 0.960292293543
32.4585 0.937265628653
32.6587 0.634867454251
32.8589 0.783901658967
33.0591 0.830968775213
33.2592 0.552606755024
33.4594 0.943351677112
33.6596 0.692155458327
33.8598 1.18698629926
34.0599 1.0387652807
34.2601 0.94736963646
34.4603 1.0554861924
34.6605 0.912709821668
34.8607 0.778662879832
35.0608 0.772768543165
35.261 1.30257575438
35.4612 0.75315066106
35.6614 1.00063124109
35.8616 0.939573835822
36.0617 1.04546261798
36.2619 1.18222853858
36.4621 1.19120017755
36.6623 0.948024464105
36.8625 0.726303719285
37.0627 0.917402316643
37.2628 1.06669952311
37.463 1.00303615241
37.6632 0.668350747358
37.8634 0.942672849797
38.0636 1.06129282315
38.2638 1.22067619427
38.4639 1.05616407746
38.6641 1.17027269348
38.8643 1.03797027901
39.0645 1.07569645934
39.2647 0.780810116256
39.4649 0.698627165079
39.6651 0.673670853768
39.8652 0.762303248944
40.0654 0.935540866557
40.2656 0.994593275759
40.4658 0.933627147475
40.666 1.05905277159
40.8662 1.10728828229
41.0664 0.83360313678
41.2666 0.625064977417
41.4668 0.978518382733
41.6669 1.1321102751
41.8671 1.28555315084
42.0673 0.643322022461
42.2675 1.26534031137
42.4677 1.04536173936
42.6679 1.19758408429
42.8681 0.933648630556
43.0683 0.878474811456
43.2685 1.29099971695
43.4687 1.14489916065
43.6688 0.952227277733
43.869 0.941691106816
44.0692 0.964627960076
44.2694 0.961535419622
44.4696 0.885050942637
44.6698 0.464751791669
44.87 1.00250392854
45.0702 1.36214871212
45.2704 1.03787667644
45.4706 0.665086711541
45.6708 1.37528986238
45.871 1.02351658193
46.0712 1.47358823681
46.2714 0.998740673541
46.4716 0.954080297539
46.6718 1.02069171658
46.8719 0.852441105626
47.0721 0.773416505842
47.2723 0.698893049363
47.4725 0.787077940401
47.6727 0.847256292367
47.8729 0.693055228107
48.0731 1.32101315494
48.2733 0.963235942992
48.4735 1.04541522845
48.6737 1.19294852626
48.8739 1.29577294734
49.0741 0.99602961742
49.2743 0.786257129494
49.4745 1.06293339642
49.6747 0.810167715516
49.8749 0.909377320932
50.0751 0.777106440033
50.2753 1.32378939762
50.4755 1.40521105876
50.6757 1.24368588348
50.8759 0.786388597437
51.0761 0.970143961172
51.2763 1.16440609107
51.4765 0.815274965795
51.6767 0.734814329215
51.8769 0.843051464513
52.0771 0.567447471559
52.2773 0.786147528282
52.4775 0.856807344335
52.6777 1.09460140501
52.8779 1.43882301698
53.0782 0.813341642833
53.2784 1.15276557509
53.4786 0.850352554427
53.6788 0.894445692674
53.879 0.76732612722
54.0792 0.734683458277
54.2794 1.20116563004
54.4796 0.830484909112
54.6798 1.17324575993
54.88 1.10955543536
55.0802 1.14551112734
55.2804 0.921115660426
55.4806 0.946760679645
55.6808 0.617519410498
55.881 0.618581728132
56.0812 0.706741450023
56.2815 1.19196392777
56.4817 1.14193556271
56.6819 0.989853678868
56.8821 0.906209540055
57.0823 1.02351376012
57.2825 1.24856789276
57.4827 0.627838480361
57.6829 0.899887825643
57.8831 1.0219156941
58.0833 0.886791567289
58.2836 1.32489784891
58.4838 1.40505986768
58.684 0.989862960371
58.8842 1.07162470225
59.0844 0.70943566804
59.2846 0.738554911317
59.4848 0.671992780556
59.685 1.22726626914
59.8853 1.10450832038
60.0855 1.15186574569
60.2857 1.48137554636
60.4859 1.4263613098
60.6861 0.913371472347
60.8863 0.802893595186
61.0865 1.01757644012
61.2868 0.972659855823
61.487 0.839446625935
61.6872 1.16296326132
61.8874 0.622056259243
62.0876 0.669083911116
62.2878 1.24798976702
62.4881 1.17734587404
62.6883 1.01013526279
62.8885 0.770683764438
63.0887 1.49165895827
63.2889 1.16432754892
63.4891 1.09006414226
63.6894 1.00790531021
63.8896 0.789369720456
64.0898 0.374822016423
64.29 0.586510397159
64.4902 0.840269614865
64.6905 1.16282066563
64.8907 0.944642242861
65.0909 1.12287104377
65.2911 0.732362673282
65.4913 1.06718925782
65.6916 1.14235941633
65.8918 0.932784581818
66.092 0.930992267452
66.2922 0.930320681512
66.4924 0.907220257294
66.6927 1.2672837067
66.8929 1.48747641958
67.0931 0.95832957037
67.2933 0.896175637132
67.4936 1.15489754205
67.6938 1.19956716838
67.894 0.95688394168
68.0942 0.869113457272
68.2945 1.11526105157
68.4947 0.903597203382
68.6949 0.586353480626
68.8951 1.01652176909
69.0954 1.2093863976
69.2956 1.18819785593
69.4958 0.916034002007
69.696 0.951236955951
69.8963 1.03604697475
70.0965 0.769952730649
70.2967 0.984538650868
70.4969 0.953350054521
70.6972 1.12547202502
70.8974 1.1104094365
71.0976 0.91868383471
71.2979 1.24576392398
71.4981 0.761756656929
71.6983 1.07490050613
71.8985 1.09830976145
72.0988 0.73351639304
72.299 1.36579056962
72.4992 0.760706788941
72.6995 0.946122487881
72.8997 0.864213823335
73.0999 1.17103323068
73.3002 0.989518813473
73.5004 1.07838755473
73.7006 1.3712859355
73.9009 1.17721930276
74.1011 0.720907618397
74.3013 1.29176537293
74.5016 1.01906984857
74.7018 1.36848044347
74.902 1.24565294105
75.1023 0.794453551187
75.3025 1.17110877913
75.5027 1.14373642662
75.703 1.11037267404
75.9032 1.03476890389
76.1034 1.10196645667
76.3037 0.794391646543
76.5039 1.23160591767
76.7041 1.05733385065
76.9044 0.903024945007
77.1046 0.913096166468
77.3048 0.90484661996
77.5051 0.644207238897
77.7053 0.694432604516
77.9056 1.03459845854
78.1058 0.782891516175
78.306 0.565430201268
78.5063 0.880993052662
78.7065 1.13316833627
78.9067 0.736468800955
79.107 1.21990933868
79.3072 1.10689220194
79.5075 1.23612362617
79.7077 0.921296361618
79.9079 0.617252571921
80.1082 1.0486298371
80.3084 1.06469279424
80.5087 0.931801101905
80.7089 0.851713052502
80.9091 0.882685923398
81.1094 0.935430686162
81.3096 0.916708975328
81.5099 0.92318948216
81.7101 1.16566449548
81.9104 1.284784579
82.1106 0.813374243192
82.3108 0.846407541544
82.5111 0.949818659744
82.7113 1.10250285587
82.9116 0.74913889079
83.1118 0.566227443077
83.3121 0.80108810988
83.5123 1.2826545689
83.7126 1.13695425738
83.9128 1.33600558381
84.113 0.954435909467
84.3133 1.17861792117
84.5135 1.14889839329
84.7138 0.839824538424
84.914 0.672357242623
85.1143 0.690173034366
85.3145 1.00652300863
85.5148 1.18215677423
85.715 1.29531483681
85.9153 0.9916878405
86.1155 1.15677799862
86.3158 1.223315764
86.516 1.34120540431
86.7163 1.45629246122
86.9165 1.27806756406
87.1168 0.905290836597
87.317 1.12394169446
87.5173 0.847576092887
87.7175 1.10196612602
87.9178 1.07459656252
88.118 0.667471668098
88.3183 0.885228206227
88.5185 0.585566347525
88.7188 1.27093639218
88.919 1.17784363187
89.1193 0.912928791024
89.3195 0.777829053459
89.5198 1.09168707086
89.72 1.17762167934
89.9203 1.24931912074
90.1205 1.15913834365
90.3208 0.74672332601
90.521 1.09599533118
90.7213 0.785131364578
90.9216 1.14556310417
91.1218 0.798800115227
91.3221 0.835311268874
91.5223 0.842783314884
91.7226 0.930486129494
91.9228 0.916443493127
92.1231 0.77315544823
92.3233 1.05400315191
92.5236 0.702878070555
92.7239 0.88106577163
92.9241 1.0711978939
93.1244 1.09423135629
93.3246 1.07727149191
93.5249 0.615839604745
93.7252 0.978379037604
93.9254 0.609289575108
94.1257 1.07797579732
94.3259 1.07322266868
94.5262 1.22211130843
94.7264 1.35913958385
94.9267 0.762282028558
95.127 0.968980087893
95.3272 0.901521365373
95.5275 0.639069576793
95.7278 1.08048854662
95.928 0.988123899949
96.1283 0.891597566412
96.3285 1.03760578171
96.5288 0.907492987081
96.7291 0.977153404942
96.9293 1.25246471618
97.1296 0.810052601059
97.3298 1.03391612166
97.5301 1.01998055225
97.7304 0.833256272818
97.9306 0.883040660414
98.1309 0.932478731452
98.3312 1.08406226567
98.5314 1.05910571683
98.7317 0.988694515066
98.932 0.908574475289
99.1322 1.04669502956
99.3325 1.35892435715
99.5328 1.57341086788
99.733 1.26309878358
99.9333 1.03462686626
