-100.0 1.41878959686
-99.8 1.24152050469
-99.6 0.984721465829
-99.4 0.818333324706
-99.2 1.08290561554
-99.0 0.902212990921
-98.8 0.597701440282
-98.6 1.66402662331
-98.4 1.0557815643
-98.2 1.35379897823
-98.0 0.822760921396
-97.8 1.55006102328
-97.6 1.10021509663
-97.4 1.01124293614
-97.2 1.49071745757
-97.0 1.05103945781
-96.8 0.67303019486
-96.6 1.00736935768
-96.4 1.11688302581
-96.2 1.06196365409
-95.9999 1.16752627202
-95.7999 1.1808707114
-95.5999 0.778621064314
-95.3999 1.06428620388
-95.1999 0.690824952706
-94.9999 1.02278291789
-94.7999 1.54263010198
-94.5999 1.02205269995
-94.3999 0.720488637526
-94.1999 0.976542781718
-93.9999 0.874673584846
-93.7999 1.36545935749
-93.5999 1.32000340229
-93.3999 1.40080010108
-93.1999 0.816481755351
-92.9998 0.976883505197
-92.7998 1.1220247657
-92.5998 0.615813853334
-92.3998 0.851077550584
-92.1998 1.10954766144
-91.9998 0.930017301222
-91.7998 0.836946337264
-91.5998 0.874505707762
-91.3998 0.817014141222
-91.1997 1.37806793616
-90.9997 1.55027575527
-90.7997 1.14487460073
-90.5997 1.12698974382
-90.3997 1.55365735371
-90.1997 1.38156855485
-89.9997 1.13322735639
-89.7997 0.441744784287
-89.5996 0.672628825027
-89.3996 1.16573795575
-89.1996 1.39085004386
-88.9996 1.12287472931
-88.7996 0.701098413449
-88.5996 0.932764390074
-88.3996 1.22142241724
-88.1995 0.672289462775
-87.9995 0.902434381313
-87.7995 1.16058092375
-87.5995 1.3114072847
-87.3995 1.1441600969
-87.1995 1.06256726135
-86.9994 1.04396768526
-86.7994 0.580715693468
-86.5994 1.10265556814
-86.3994 0.823997686064
-86.1994 1.2738973594
-85.9994 1.25703442475
-85.7993 0.895523293575
-85.5993 0.84212731459
-85.3993 1.12076342099
-85.1993 1.21703330066
-84.9993 1.03691805313
-84.7992 0.683967536657
-84.5992 0.532653255991
-84.3992 0.927622479473
-84.1992 1.00261743318
-83.9991 1.17680498882
-83.7991 0.969009676038
-83.5991 0.975112823826
-83.3991 1.40182593642
-83.1991 0.933196231136
-82.999 0.683279768942
-82.799 1.31287049528
-82.599 0.926241591117
-82.399 0.770451048336
-82.1989 1.0927079694
-81.9989 0.844832270558
-81.7989 1.15393732919
-81.5989 1.31324484823
-81.3988 1.04811572044
-81.1988 0.774115112115
-80.9988 1.08025374901
-80.7988 0.717951062541
-80.5987 0.871634487593
-80.3987 0.657510052524
-80.1987 0.815648366894
-79.9987 0.876601147703
-79.7986 0.774415267973
-79.5986 1.09104042771
-79.3986 0.896422884504
-79.1986 0.419195778674
-78.9985 0.903310194139
-78.7985 1.06518730385
-78.5985 1.17837303101
-78.3984 1.07060783672
-78.1984 0.839164003665
-77.9984 1.16764215574
-77.7984 0.789446387762
-77.5983 1.39460852521
-77.3983 0.941457121266
-77.1983 0.792710903202
-76.9982 0.657259585921
-76.7982 1.5873435712
-76.5982 0.929697903163
-76.3981 1.4109093755
-76.1981 1.05393673433
-75.9981 0.815838899702
-75.798 0.880087223284
-75.598 1.53269959822
-75.398 0.87986365936
-75.198 0.640469152553
-74.9979 0.566636603682
-74.7979 0.803184488601
-74.5978 1.16760171126
-74.3978 1.22595444784
-74.1978 0.811877598218
-73.9977 0.789354867237
-73.7977 0.8129234118
-73.5977 0.883844415563
-73.3976 1.31575555562
-73.1976 0.775098880785
-72.9976 1.21605217057
-72.7975 1.03481060162
-72.5975 1.16383392271
-72.3975 0.867944485467
-72.1974 1.24134352246
-71.9974 1.28968959681
-71.7973 0.723898832304
-71.5973 0.73659025435
-71.3973 0.981597965858
-71.1972 1.03983069684
-70.9972 0.978573442738
-70.7972 0.863350380999
-70.5971 0.864451012292
-70.3971 1.03769863673
-70.197 1.30095380765
-69.997 0.974309810899
-69.797 1.18980550819
-69.5969 0.749293117913
-69.3969 0.510626298654
-69.1968 0.670899338311
-68.9968 0.926306478503
-68.7968 1.03556019555
-68.5967 0.933738386372
-68.3967 0.948085874325
-68.1966 1.10263488802
-67.9966 1.07765307686
-67.7965 0.739367801451
-67.5965 1.27861597141
-67.3965 1.11083346613
-67.1964 1.09550843842
-66.9964 0.812727852565
-66.7963 1.34009457745
-66.5963 0.848770102621
-66.3962 1.2089866125
-66.1962 1.47764380034
-65.9961 0.954129389162
-65.7961 1.13299146099
-65.5961 1.17565089458
-65.396 1.15736127827
-65.196 1.12353878051
-64.9959 1.04773104769
-64.7959 0.776991796623
-64.5958 1.31507583121
-64.3958 0.440700981589
-64.1957 0.464757506639
-63.9957 0.439675411249
-63.7956 0.982868027425
-63.5956 0.931373198125
-63.3955 0.81080693492
-63.1955 0.693166146934
-62.9954 0.312201771538
-62.7954 0.836845354176
-62.5953 0.49246916343
-62.3953 1.51304229145
-62.1952 1.45908020611
-61.9952 0.618878347454
-61.7951 0.772350472453
-61.5951 0.720694602393
-61.395 1.3252585681
-61.195 0.277224034951
-60.9949 0.640012807188
-60.7949 0.930132315148
-60.5948 1.17366025705
-60.3948 1.00952167321
-60.1947 1.02531264259
-59.9947 0.924473532219
-59.7946 0.778682257204
-59.5946 1.06118212947
-59.3945 1.09282920368
-59.1944 0.977349272312
-58.9944 0.908678213071
-58.7943 1.05311543577
-58.5943 0.696826516225
-58.3942 1.27963240517
-58.1942 0.776807938272
-57.9941 1.22266159182
-57.7941 1.21372143621
-57.594 0.893587475752
-57.3939 0.877015776163
-57.1939 1.04109325294
-56.9938 0.816696323065
-56.7938 1.11883919463
-56.5937 0.858119304611
-56.3937 0.828390663991
-56.1936 1.10288566357
-55.9935 1.35363264284
-55.7935 1.57963335232
-55.5934 0.553707031159
-55.3934 1.23421634159
-55.1933 1.10770188425
-54.9932 0.808603559259
-54.7932 0.859384210445
-54.5931 0.823019006988
-54.3931 0.701687025803
-54.193 0.833730889775
-53.9929 0.927800752921
-53.7929 1.31394117671
-53.5928 1.09325011532
-53.3928 0.98350717106
-53.1927 0.875218806571
-52.9926 1.22491672247
-52.7926 1.08991804955
-52.5925 0.79268069927
-52.3924 0.924896288975
-52.1924 0.965170708009
-51.9923 0.783457644975
-51.7922 1.35235785898
-51.5922 1.70545713379
-51.3921 0.973361456337
-51.1921 1.14359304637
-50.992 1.10416529243
-50.7919 1.08194358916
-50.5919 1.17809008014
-50.3918 1.09976930701
-50.1917 0.942407233934
-49.9917 0.843444185254
-49.7916 0.969129457627
-49.5915 0.542369086161
-49.3915 1.08526816116
-49.1914 0.526319072387
-48.9913 0.698165594289
-48.7913 0.712298471554
-48.5912 0.517547252824
-48.3911 1.55710081159
-48.191 1.08439830777
-47.991 1.34654085231
-47.7909 1.05453712199
-47.5908 0.986398232599
-47.3908 1.21968983673
-47.1907 0.590866208555
-46.9906 0.758080569326
-46.7906 1.22116510746
-46.5905 1.21742550034
-46.3904 1.09108384356
-46.1903 1.238130632
-45.9903 1.05828668702
-45.7902 1.08228427364
-45.5901 1.1292232564
-45.3901 0.903194802643
-45.19 1.21807807731
-44.9899 1.15306055876
-44.7898 0.898644384183
-44.5898 0.993079068528
-44.3897 1.0794771047
-44.1896 0.478269362887
-43.9895 1.0275566364
-43.7895 0.829080373267
-43.5894 0.444806240759
-43.3893 0.411370150011
-43.1892 1.01103444468
-42.9892 1.11228555086
-42.7891 1.08857153631
-42.589 0.855844978077
-42.3889 0.521716750781
-42.1889 1.23437227421
-41.9888 1.06637486299
-41.7887 0.576753572563
-41.5886 0.933479663544
-41.3885 1.46605166198
-41.1885 1.51140181573
-40.9884 1.15393204312
-40.7883 1.60207584234
-40.5882 0.552925091
-40.3881 1.26149841533
-40.1881 1.0943319661
-39.988 1.16507858765
-39.7879 0.948272317673
-39.5878 0.708014773832
-39.3877 1.66795803632
-39.1877 1.41200191483
-38.9876 0.919987622248
-38.7875 0.941342583671
-38.5874 1.03662255327
-38.3873 0.622103440431
-38.1873 1.33283236674
-37.9872 1.14275006855
-37.7871 1.48155575577
-37.587 0.84446662879
-37.3869 0.85408872063
-37.1868 0.6370586392
-36.9868 0.946647013625
-36.7867 0.691262182439
-36.5866 0.84545306305
-36.3865 1.13162813681
-36.1864 1.31109715646
-35.9863 1.17508188013
-35.7862 0.558075373191
-35.5862 1.08725194554
-35.3861 0.773985560875
-35.186 1.29516492949
-34.9859 0.981878151946
-34.7858 1.00180257684
-34.5857 1.22457161533
-34.3856 0.411240528725
-34.1856 1.04310470062
-33.9855 0.960360865176
-33.7854 1.80448739705
-33.5853 1.02553497946
-33.3852 1.01792649896
-33.1851 1.100297671
-32.985 1.60525335872
-32.7849 1.11120189552
-32.5848 1.08453921488
-32.3847 0.726356491832
-32.1847 0.959518251201
-31.9846 0.669345966093
-31.7845 1.29312824566
-31.5844 0.771617997654
-31.3843 1.90762479888
-31.1842 1.10718064271
-30.9841 1.05953358727
-30.784 1.26719609983
-30.5839 0.912497221704
-30.3838 0.576802547784
-30.1837 1.04602687649
-29.9836 0.452474514666
-29.7836 0.851165728941
-29.5835 1.14985428977
-29.3834 0.916070664759
-29.1833 1.25320122725
-28.9832 0.893541656297
-28.7831 1.42200026331
-28.583 0.900984721642
-28.3829 1.56724655239
-28.1828 1.17746780808
-27.9827 1.24662047115
-27.7826 1.53878528746
-27.5825 0.693132694053
-27.3824 0.903908327666
-27.1823 0.697214004343
-26.9822 1.36717613082
-26.7821 0.915236750498
-26.582 0.872557799815
-26.3819 0.442332274776
-26.1818 0.823908340893
-25.9817 1.13965403302
-25.7816 0.904053468933
-25.5815 1.57491308752
-25.3814 0.859385539221
-25.1813 0.714422853167
-24.9812 1.02912244502
-24.7811 1.00186548859
-24.581 0.504360940669
-24.3809 0.863637162145
-24.1808 0.644572778958
-23.9807 0.881283274095
-23.7806 1.17469041814
-23.5805 0.448102704564
-23.3804 1.06022571821
-23.1803 1.21854061536
-22.9802 1.30696040215
-22.7801 1.61441205508
-22.58 1.04440126809
-22.3799 1.16986810108
-22.1798 0.543926158971
-21.9797 1.47988698471
-21.7796 1.26122449856
-21.5795 0.529481960063
-21.3794 1.49277408375
-21.1793 0.876242086551
-20.9792 0.719454339153
-20.7791 1.27503724273
-20.579 1.02076791701
-20.3789 1.32825259551
-20.1787 0.807973766772
-19.9786 0.721219892457
-19.7785 0.768029913875
-19.5784 1.21096069827
-19.3783 0.7956977988
-19.1782 1.35663927064
-18.9781 1.16956856835
-18.778 1.22909523173
-18.5779 0.734889579846
-18.3778 0.651392021302
-18.1777 0.345957469721
-17.9776 0.972140113091
-17.7774 1.38932746643
-17.5773 1.35624004842
-17.3772 0.540498353238
-17.1771 0.634638585919
-16.977 0.596006765129
-16.7769 1.01834186008
-16.5768 1.16473437117
-16.3767 0.940930686455
-16.1766 0.537038793146
-15.9764 1.15278168593
-15.7763 0.606358713767
-15.5762 0.98908943434
-15.3761 0.756635408215
-15.176 0.588215109333
-14.9759 1.1002673054
-14.7758 0.834227305925
-14.5757 0.931448898111
-14.3755 0.722345414217
-14.1754 0.574411356328
-13.9753 1.16776757332
-13.7752 1.34077861833
-13.5751 1.18515518811
-13.375 1.64977029429
-13.1749 1.18340968713
-12.9747 1.03597421953
-12.7746 1.22158029026
-12.5745 1.48880217279
-12.3744 1.07943744089
-12.1743 1.29455378314
-11.9742 1.17887918066
-11.774 1.61201087809
-11.5739 0.786379945046
-11.3738 1.16186574491
-11.1737 1.00679981364
-10.9736 0.811304716535
-10.7734 1.13300321652
-10.5733 0.761781377199
-10.3732 0.44626668
-10.1731 1.30526741588
-9.97296 0.501692878059
-9.77284 1.18074012732
-9.57272 1.2836763416
-9.3726 1.50828651867
-9.17248 1.27816280045
-8.97236 1.16409645823
-8.77224 1.16269615371
-8.57211 1.23856188243
-8.37199 1.01690865211
-8.17187 1.62397766145
-7.97175 1.13422580589
-7.77163 1.0059502731
-7.5715 0.73646454353
-7.37138 1.33470743608
-7.17125 0.682606886894
-6.97113 1.12548805819
-6.77101 1.13680470521
-6.57088 0.775362618622
-6.37076 0.629162610798
-6.17063 0.441985574242
-5.97051 1.11724380041
-5.77038 1.01184132192
-5.57025 1.3801592868
-5.37013 0.622710515732
-5.17 0.94816866402
-4.96987 0.498369980599
-4.76975 1.32361611757
-4.56962 1.36949211505
-4.36949 0.381962635195
-4.16937 2.07548397017
-3.96924 0.961513227283
-3.76911 1.45257912184
-3.56898 0.661182382538
-3.36885 1.17417525505
-3.16872 0.523990599287
-2.96859 1.00936924696
-2.76846 1.65154421161
-2.56833 1.3907191884
-2.3682 0.718481408249
-2.16807 0.86735365132
-1.96794 1.01689537554
-1.76781 1.64103942497
-1.56768 1.24879658249
-1.36755 0.826967376841
-1.16742 1.4304748467
-0.967284 1.67615109724
-0.767152 0.217449933617
-0.567019 0.51821416681
-0.366886 0.148967863799
-0.166753 0.0233335342469
0.0333802 0.0787963232112
0.233514 0.609934450298
0.433648 0.064185945839
0.633782 0.348010575335
0.833917 0.498549932711
1.03405 1.09848614394
1.23419 0.29670261271
1.43432 1.4739005848
1.63446 1.17234690867
1.83459 0.986604283168
2.03473 1.18603843176
2.23487 0.492381282151
2.435 0.210475597886
2.63514 0.164677137136
2.83528 0.457730556278
3.03541 -0.0426628222139
3.23555 0.0101656848351
3.43569 -0.0523933124085
3.63583 -0.12067338537
3.83597 1.07298017369
4.0361 0.0351270199594
4.23624 0.0432116637066
4.43638 -0.0366691666116
4.63652 -0.0424144765508
4.83666 -0.140739524205
5.0368 0.198802272376
5.23694 0.733555810468
5.43708 0.000232795277072
5.63722 -0.135867388193
5.83737 -0.132748406237
6.03751 0.158405805157
6.23765 -0.251609760791
6.43779 0.012678998262
6.63793 0.128075148946
6.83808 0.204830636157
7.03822 0.0111122049526
7.23836 -0.064551909904
7.4385 0.0307166099367
7.63865 0.132032247261
7.83879 -0.229818743599
8.03894 0.182269480931
8.23908 0.102982592499
8.43923 -0.0968799280637
8.63937 -0.0160314200254
8.83951 -0.0860631887602
9.03966 -0.170494097478
9.23981 0.172970556588
9.43995 0.165239759289
9.6401 0.326347865843
9.84025 0.352548805256
10.0404 0.226255891337
10.2405 0.0811235865375
10.4407 0.0359871041746
10.6408 0.166734084218
10.841 0.849759807956
11.0411 0.885805630268
11.2413 1.02018855505
11.4414 1.86313788686
11.6416 0.253280387771
11.8417 0.244814950827
12.0419 1.55108060369
12.242 0.565210154639
12.4422 0.281185481863
12.6423 0.687973421803
12.8425 0.265642009759
13.0426 0.225025682764
13.2428 0.513015436327
13.4429 0.133307962419
13.6431 0.0489784842764
13.8432 0.23367635705
14.0434 0.893779850434
14.2435 0.569241725782
14.4437 1.04950236867
14.6438 1.43924192849
14.844 1.26016576102
15.0441 0.374277675613
15.2443 0.846779263032
15.4445 0.187714645105
15.6446 1.20071889904
15.8448 0.381270142855
16.0449 0.0967332281258
16.2451 0.930265373879
16.4452 1.49181699731
16.6454 1.07024218541
16.8455 0.119201600291
17.0457 0.972655339887
17.2459 0.846965572678
17.446 0.48987868555
17.6462 0.669657256074
17.8463 0.52211656285
18.0465 0.0648316747427
18.2466 0.492791918517
18.4468 0.639945669629
18.647 1.42948810121
18.8471 1.42707345794
19.0473 0.95618368222
19.2474 0.769328490008
19.4476 0.895102551795
19.6478 1.12800456985
19.8479 0.674733265568
20.0481 0.71240720653
20.2482 0.901735374987
20.4484 1.35288483009
20.6486 0.312694825598
20.8487 0.587029731797
21.0489 0.736177406506
21.249 1.05866808047
21.4492 0.941153722934
21.6494 0.792793604735
21.8495 0.265758376559
22.0497 1.06202090554
22.2498 0.77936288536
22.45 0.955700883774
22.6502 0.374552561105
22.8503 0.909635121112
23.0505 0.560493471728
23.2507 0.67853042975
23.4508 1.57221701837
23.651 1.48772520555
23.8512 1.28339895347
24.0513 1.34307001571
24.2515 1.15385160871
24.4517 0.368397644211
24.6518 0.836947259457
24.852 0.920749872913
25.0522 0.130619792159
25.2523 0.267818983319
25.4525 0.342281766926
25.6527 0.654279770154
25.8528 1.01193139257
26.053 1.07728764845
26.2532 0.418601137001
26.4533 0.496473757892
26.6535 0.502199480151
26.8537 0.430252397715
27.0538 0.301636235161
27.254 0.573514418508
27.4542 0.907708672306
27.6544 0.517531812903
27.8545 0.821872119412
28.0547 0.986005013678
28.2549 0.325446285141
28.455 0.545778678149
28.6552 0.90767165678
28.8554 0.850553883725
29.0556 0.179273253673
29.2557 0.67809508978
29.4559 0.381333030463
29.6561 1.03577085313
29.8562 0.709429463392
30.0564 0.627119745712
30.2566 0.811373301129
30.4568 0.664480164251
30.6569 0.821960976196
30.8571 1.17922698349
31.0573 1.20818071588
31.2575 0.682735710447
31.4576 1.05442613274
31.6578 0.717194812513
31.858 0.700623113852
32.0582 0.919813458762
32.2583 0.755768033498
32.4585 0.758036715596
32.6587 0.823694591858
32.8589 1.43622935969
33.0591 1.40285525373
33.2592 0.990644381333
33.4594 1.10768924933
33.6596 0.742399544167
33.8598 1.33099115278
34.0599 0.835669679269
34.2601 0.693798767082
34.4603 0.916161218832
34.6605 1.02255272291
34.8607 0.977435414883
35.0608 0.504969645195
35.261 0.705056773202
35.4612 1.49288091937
35.6614 1.02302343947
35.8616 0.913503020941
36.0617 1.43010649059
36.2619 0.551533874622
36.4621 1.02836208034
36.6623 0.864789374681
36.8625 0.769532447185
37.0627 1.04104501335
37.2628 1.30935665625
37.463 0.693260793849
37.6632 0.979533273063
37.8634 1.30593509868
38.0636 1.22140468172
38.2638 1.00003741369
38.4639 1.13011987579
38.6641 0.875384821452
38.8643 0.754405451051
39.0645 1.16010680975
39.2647 1.32450364498
39.4649 0.633860694708
39.6651 1.56335973265
39.8652 0.654685409928
40.0654 1.36289521263
40.2656 0.905440907154
40.4658 0.703625429112
40.666 1.26086085878
40.8662 0.96273635179
41.0664 0.710020998023
41.2666 1.31886206592
41.4668 0.682661709078
41.6669 1.28987021723
41.8671 1.04465617726
42.0673 1.45877017311
42.2675 0.726421916044
42.4677 0.404270718349
42.6679 0.833296619904
42.8681 0.932959707251
43.0683 0.966251749456
43.2685 0.630715885053
43.4687 0.406174452933
43.6688 1.12325485281
43.869 1.06276620141
44.0692 1.09780483016
44.2694 1.27276983309
44.4696 1.23250135687
44.6698 0.688327473193
44.87 0.551413882919
45.0702 0.782742286866
45.2704 0.890510252299
45.4706 1.01050733249
45.6708 0.971247652235
45.871 1.44239635724
46.0712 1.45034638459
46.2714 0.898439365348
46.4716 1.0100153271
46.6718 1.28916540476
46.8719 0.892769759823
47.0721 0.617710513111
47.2723 1.33690628573
47.4725 1.1605853613
47.6727 1.08219949306
47.8729 0.972518627799
48.0731 1.14603806079
48.2733 1.19728642444
48.4735 1.06935969215
48.6737 0.827558735651
48.8739 1.16868310837
49.0741 1.149643468
49.2743 0.507418609562
49.4745 1.5528168424
49.6747 1.0539014805
49.8749 1.02272060781
50.0751 0.875135852294
50.2753 1.21815114578
50.4755 0.909968035889
50.6757 0.520632657449
50.8759 1.19804320684
51.0761 1.31478320788
51.2763 0.923906011985
51.4765 1.029889261
51.6767 1.32645761483
51.8769 0.714069810244
52.0771 0.918587881845
52.2773 0.85127589421
52.4775 0.744878341317
52.6777 1.08798989691
52.8779 0.685550522687
53.0782 0.611790851791
53.2784 0.834991061557
53.4786 0.958454387216
53.6788 1.00414805139
53.879 1.08828876435
54.0792 0.613856711029
54.2794 0.731562368362
54.4796 1.53572010975
54.6798 0.396533664377
54.88 0.68144458918
55.0802 0.557987122681
55.2804 0.707713856543
55.4806 1.65276428088
55.6808 0.767422898476
55.881 1.29946461604
56.0812 1.01841401994
56.2815 1.17757890498
56.4817 1.05090475359
56.6819 0.61699693701
56.8821 1.27669898848
57.0823 1.33397100504
57.2825 1.07741459389
57.4827 0.691797399131
57.6829 0.800034915222
57.8831 0.954000228037
58.0833 1.00640039374
58.2836 0.982767774905
58.4838 1.05144948211
58.684 0.904902711219
58.8842 1.14823310324
59.0844 1.13471604947
59.2846 1.34997711411
59.4848 0.940559279833
59.685 1.18579522406
59.8853 0.950983415269
60.0855 0.992036491108
60.2857 0.818115583046
60.4859 0.856926931967
60.6861 1.2086263584
60.8863 1.32796343547
61.0865 0.942602930035
61.2868 0.755181198968
61.487 0.903697026922
61.6872 1.06851722617
61.8874 1.53433987652
62.0876 1.86197435548
62.2878 1.6342573002
62.4881 1.08100456888
62.6883 1.00704231454
62.8885 1.40436119036
63.0887 1.07184793175
63.2889 1.40009968661
63.4891 1.44323929794
63.6894 1.0161618514
63.8896 0.918336585139
64.0898 0.914251122725
64.29 0.903123340954
64.4902 0.830749682155
64.6905 0.965318996125
64.8907 0.769271789227
65.0909 0.452889568281
65.2911 0.394486410884
65.4913 0.925696486356
65.6916 0.828998364561
65.8918 1.07433097674
66.092 1.07199902342
66.2922 1.016630231
66.4924 0.904137980247
66.6927 1.35331928909
66.8929 0.867692757298
67.0931 0.872995638604
67.2933 1.01075854116
67.4936 0.79265995665
67.6938 1.07218935118
67.894 1.2698854829
68.0942 0.867748229155
68.2945 1.06298217775
68.4947 0.957519565869
68.6949 1.60996246693
68.8951 1.40135520213
69.0954 0.837905960663
69.2956 1.69799689305
69.4958 0.675144787835
69.696 0.902711365502
69.8963 0.881472503511
70.0965 1.21532599979
70.2967 1.82346268291
70.4969 0.959353494719
70.6972 0.643140404246
70.8974 1.21769493842
71.0976 0.912064293741
71.2979 1.60318822702
71.4981 0.820612371086
71.6983 1.17754167957
71.8985 1.27810356175
72.0988 1.24663055658
72.299 0.949159029747
72.4992 0.904463832679
72.6995 0.998797988651
72.8997 1.23101188066
73.0999 1.14900146205
73.3002 1.40868856457
73.5004 0.815732560471
73.7006 0.944411505989
73.9009 1.23155640619
74.1011 0.963942355102
74.3013 1.39348382865
74.5016 0.800041196955
74.7018 1.34501168293
74.902 0.869293444559
75.1023 0.908018869262
75.3025 1.0865938616
75.5027 0.999846724904
75.703 0.893597385933
75.9032 0.594023571241
76.1034 0.785050077768
76.3037 0.605556321896
76.5039 1.3884781128
76.7041 0.791724095337
76.9044 1.09983427328
77.1046 0.881051189959
77.3048 0.947687174885
77.5051 1.0599500639
77.7053 0.782840179822
77.9056 0.826613045683
78.1058 1.07479737891
78.306 0.752645290974
78.5063 1.43113436786
78.7065 0.61519365083
78.9067 0.769261463009
79.107 1.25670571854
79.3072 0.954162178053
79.5075 1.2024443424
79.7077 0.560105373406
79.9079 1.14787883618
80.1082 1.35400123158
80.3084 0.879029815038
80.5087 1.0811701287
80.7089 0.932931596204
80.9091 1.09149836375
81.1094 0.936151149361
81.3096 1.31006714447
81.5099 1.31437866947
81.7101 0.330233520991
81.9104 0.80983513995
82.1106 0.929544156884
82.3108 0.557277556068
82.5111 0.811670388111
82.7113 0.559393183966
82.9116 0.418128075511
83.1118 1.00134397291
83.3121 0.706601448817
83.5123 1.47252075079
83.7126 0.880250804066
83.9128 1.33247460438
84.113 0.949916861425
84.3133 0.869029997458
84.5135 1.05402656957
84.7138 1.17402787673
84.914 1.46285964628
85.1143 1.24213405367
85.3145 1.2337744537
85.5148 1.10436908781
85.715 1.09921650828
85.9153 1.60717670683
86.1155 0.753674688103
86.3158 1.19601310919
86.516 1.14786144724
86.7163 0.749469658439
86.9165 1.3036457883
87.1168 0.894482939755
87.317 0.927452277771
87.5173 0.356552449694
87.7175 0.954711572663
87.9178 0.661599945726
88.118 0.878684239408
88.3183 0.789980312471
88.5185 0.746003963694
88.7188 0.97631254048
88.919 0.440385254211
89.1193 0.383641096547
89.3195 0.417491343315
89.5198 0.928232882262
89.72 0.986408192097
89.9203 0.889326593653
90.1205 0.851469133551
90.3208 1.40051904881
90.521 1.01931059401
90.7213 1.41072154072
90.9216 1.82616598012
91.1218 0.628837409343
91.3221 0.76060689508
91.5223 1.0642540273
91.7226 1.01731508211
91.9228 0.745926901544
92.1231 0.676527866677
92.3233 0.857298342762
92.5236 1.17905625996
92.7239 1.15440425135
92.9241 0.759085365348
93.1244 0.987205147663
93.3246 1.53475208475
93.5249 0.909534779421
93.7252 0.867724250497
93.9254 0.927776371545
94.1257 0.746701420397
94.3259 1.18671395735
94.5262 1.1214766984
94.7264 1.08311265658
94.9267 1.20028521793
95.127 0.858514687054
95.3272 0.502766348118
95.5275 1.18920660261
95.7278 1.00290080355
95.928 1.03727440008
96.1283 0.854936274441
96.3285 0.744619712883
96.5288 1.22116356038
96.7291 0.867950606937
96.9293 1.15982348392
97.1296 1.09849118709
97.3298 0.912944401886
97.5301 0.794809759297
97.7304 0.901329247589
97.9306 1.0120157437
98.1309 1.06478959759
98.3312 1.23060525247
98.5314 0.913718324495
98.7317 0.73853988525
98.932 1.33520876681
99.1322 1.13678793188
99.3325 1.21326886654
99.5328 1.01293917408
99.733 0.843852075557
99.9333 1.01788078329
