-100.0 0.927187166319
-99.8 1.58441849849
-99.6 0.651595892889
-99.4 0.878597396172
-99.2 1.14964164782
-99.0 1.22676814636
-98.8 0.932699802286
-98.6 0.888775881708
-98.4 1.01979808377
-98.2 0.815591374666
-98.0 0.94081663106
-97.8 0.707732632142
-97.6 1.03290401677
-97.4 0.980684943935
-97.2 1.47644177094
-97.0 1.2816067627
-96.8 0.717617478387
-96.6 0.818878672892
-96.4 1.06843395803
-96.2 1.27016975647
-95.9999 1.1784424324
-95.7999 1.10980313938
-95.5999 1.03878882379
-95.3999 0.893206844782
-95.1999 1.12436215885
-94.9999 0.993034238208
-94.7999 1.21978264844
-94.5999 0.810895607833
-94.3999 1.13686426496
-94.1999 1.27702172827
-93.9999 1.21398445354
-93.7999 0.634808236069
-93.5999 1.25541356687
-93.3999 1.46137382483
-93.1999 1.21894380598
-92.9998 0.696925209165
-92.7998 0.730728648291
-92.5998 0.885112366752
-92.3998 0.915264299147
-92.1998 0.883812007896
-91.9998 1.51905037064
-91.7998 1.29567418239
-91.5998 0.842520525909
-91.3998 0.864388044863
-91.1997 0.605016837552
-90.9997 1.08409009382
-90.7997 0.63523036027
-90.5997 0.799909244715
-90.3997 0.981305013769
-90.1997 1.06130282817
-89.9997 0.651836880627
-89.7997 1.08367012375
-89.5996 1.39945368693
-89.3996 0.762189884691
-89.1996 1.03850021536
-88.9996 1.26543022439
-88.7996 0.704438603964
-88.5996 0.90864565515
-88.3996 0.969082795661
-88.1995 1.20835960447
-87.9995 0.910845502707
-87.7995 0.919294860217
-87.5995 0.754072371059
-87.3995 1.26165887745
-87.1995 0.98179466613
-86.9994 1.10054337299
-86.7994 0.804023109076
-86.5994 0.788942171591
-86.3994 1.10965156257
-86.1994 0.955199758075
-85.9994 1.0500268997
-85.7993 0.797182417581
-85.5993 1.15954382921
-85.3993 1.32003154644
-85.1993 0.781175230275
-84.9993 0.840798690304
-84.7992 0.50652771236
-84.5992 0.852371630733
-84.3992 0.429203949609
-84.1992 1.32664397184
-83.9991 1.07314231466
-83.7991 0.834474467155
-83.5991 1.13374956764
-83.3991 0.672490460153
-83.1991 0.719028087543
-82.999 0.609112834499
-82.799 0.844558348079
-82.599 1.10257571838
-82.399 1.21163747842
-82.1989 1.16508431997
-81.9989 0.981562609126
-81.7989 0.561099060297
-81.5989 0.924635098044
-81.3988 1.40531492502
-81.1988 0.922584375529
-80.9988 0.78493735952
-80.7988 0.445413175367
-80.5987 1.08072883354
-80.3987 0.871854480126
-80.1987 1.40559087806
-79.9987 1.17279277683
-79.7986 1.39234222232
-79.5986 0.671449412346
-79.3986 1.17345768749
-79.1986 0.373344447845
-78.9985 0.843782260708
-78.7985 0.848508405953
-78.5985 0.608891843654
-78.3984 1.07580954084
-78.1984 0.870056074527
-77.9984 1.04217013624
-77.7984 1.10006086745
-77.5983 1.13760200818
-77.3983 1.60736724696
-77.1983 1.05001156681
-76.9982 0.800783040483
-76.7982 0.658312697426
-76.5982 1.24518049238
-76.3981 1.01261980202
-76.1981 1.06486826514
-75.9981 0.825975648435
-75.798 1.21182280112
-75.598 1.03516697933
-75.398 1.08546569268
-75.198 1.02723305198
-74.9979 0.744453846192
-74.7979 1.00057775283
-74.5978 1.002273967
-74.3978 1.31813794578
-74.1978 1.12326700236
-73.9977 1.22450988311
-73.7977 1.00398433032
-73.5977 0.770102723983
-73.3976 0.525646082756
-73.1976 0.738340227488
-72.9976 1.16399993437
-72.7975 0.804249691959
-72.5975 0.806644495229
-72.3975 0.845536840688
-72.1974 0.900417452593
-71.9974 1.01083629109
-71.7973 1.39595633129
-71.5973 0.90891328312
-71.3973 1.32870034359
-71.1972 1.02096237563
-70.9972 1.34482834139
-70.7972 1.09284473558
-70.5971 0.916109199113
-70.3971 0.917145767578
-70.197 0.98530812844
-69.997 1.3999799118
-69.797 0.953107524275
-69.5969 1.41075826793
-69.3969 0.933062635044
-69.1968 0.815339718179
-68.9968 0.849801614536
-68.7968 0.887518674538
-68.5967 1.20035577507
-68.3967 0.933705002977
-68.1966 0.838593239145
-67.9966 1.22071316072
-67.7965 0.996283182439
-67.5965 0.526818077379
-67.3965 1.34086493653
-67.1964 0.73613179855
-66.9964 0.403663126353
-66.7963 1.22859002036
-66.5963 0.938482249289
-66.3962 0.737274917434
-66.1962 1.44497235481
-65.9961 1.3277289099
-65.7961 1.14181972294
-65.5961 0.915312799026
-65.396 1.13312673141
-65.196 1.47634727537
-64.9959 1.03571762032
-64.7959 1.37222632478
-64.5958 1.46036325313
-64.3958 0.876948752379
-64.1957 1.02399215895
-63.9957 1.12764226419
-63.7956 1.37299631902
-63.5956 0.999584270301
-63.3955 0.975366594232
-63.1955 0.785290947456
-62.9954 1.43319676819
-62.7954 0.964121570349
-62.5953 0.743113825777
-62.3953 0.706248709774
-62.1952 0.847533681182
-61.9952 0.948478169512
-61.7951 0.952088425136
-61.5951 1.07421792732
-61.395 1.08337527136
-61.195 1.22515165564
-60.9949 1.49425302824
-60.7949 0.773186387246
-60.5948 1.24944747891
-60.3948 1.32309956333
-60.1947 1.06294709373
-59.9947 0.740140480398
-59.7946 1.07100756066
-59.5946 0.831373028423
-59.3945 0.586391577145
-59.1944 0.850699981755
-58.9944 0.989632808671
-58.7943 1.0270830541
-58.5943 1.35682238518
-58.3942 0.962276969875
-58.1942 0.706404186049
-57.9941 0.935780762747
-57.7941 1.09783019019
-57.594 0.840751435584
-57.3939 1.38187845932
-57.1939 0.81226414101
-56.9938 0.851890025491
-56.7938 0.775439459036
-56.5937 0.973474636134
-56.3937 1.33693184594
-56.1936 0.562442660405
-55.9935 0.424062871515
-55.7935 0.92744128347
-55.5934 0.42921353742
-55.3934 1.39970645343
-55.1933 0.86954834962
-54.9932 1.0841597599
-54.7932 0.897419460969
-54.5931 1.03625394661
-54.3931 0.819270408115
-54.193 1.1312057857
-53.9929 1.28388240633
-53.7929 0.784758108753
-53.5928 1.13760686375
-53.3928 0.992821816525
-53.1927 1.13797839757
-52.9926 1.23956113092
-52.7926 0.862465476442
-52.5925 1.48959370423
-52.3924 1.31642644403
-52.1924 0.918776267307
-51.9923 0.883202174726
-51.7922 0.614753746442
-51.5922 0.781177432379
-51.3921 0.877629443871
-51.1921 0.698114784984
-50.992 0.804378360463
-50.7919 0.98310486626
-50.5919 0.891300279385
-50.3918 1.08567825744
-50.1917 0.664116380854
-49.9917 0.982709296682
-49.7916 1.04941107994
-49.5915 1.10799132137
-49.3915 0.888033481137
-49.1914 1.18817708518
-48.9913 1.22895617432
-48.7913 1.09100253729
-48.5912 1.10835066758
-48.3911 0.98404743242
-48.191 0.979208173791
-47.991 0.685635821303
-47.7909 1.22574402881
-47.5908 0.683880883534
-47.3908 1.27958348624
-47.1907 1.24313382984
-46.9906 1.06700252915
-46.7906 0.783035054782
-46.5905 0.565513683204
-46.3904 0.958553786042
-46.1903 0.274245889982
-45.9903 1.09844263756
-45.7902 1.19905953055
-45.5901 0.91221834469
-45.3901 0.541713006611
-45.19 0.791608790178
-44.9899 1.35790361296
-44.7898 0.470259797806
-44.5898 0.560387747317
-44.3897 0.943662696437
-44.1896 0.773338083425
-43.9895 0.596049800199
-43.7895 0.547336358844
-43.5894 1.13136847058
-43.3893 0.802497474559
-43.1892 0.529484525027
-42.9892 0.724328237525
-42.7891 0.716801801378
-42.589 1.01874513483
-42.3889 0.377724479425
-42.1889 0.658273783654
-41.9888 1.03669170066
-41.7887 0.980642060521
-41.5886 0.910440989645
-41.3885 1.44269148303
-41.1885 1.19216096689
-40.9884 1.02754941398
-40.7883 1.14126166542
-40.5882 0.761593785059
-40.3881 1.21064450225
-40.1881 1.09450402285
-39.988 0.689987626978
-39.7879 0.55742281605
-39.5878 0.938950594083
-39.3877 0.431348630038
-39.1877 0.606784241765
-38.9876 0.882439022628
-38.7875 0.598632354486
-38.5874 0.981425113506
-38.3873 1.10326610691
-38.1873 0.910330484321
-37.9872 1.17716962374
-37.7871 0.875792370441
-37.587 1.23871805766
-37.3869 0.796178205843
-37.1868 1.07152469971
-36.9868 0.799769739695
-36.7867 0.45399510479
-36.5866 1.09633848911
-36.3865 1.20286904783
-36.1864 1.29359283353
-35.9863 1.48268835726
-35.7862 0.971282338589
-35.5862 1.09583523999
-35.3861 1.02474373289
-35.186 1.64267527194
-34.9859 0.662858157691
-34.7858 1.19890707805
-34.5857 0.81465739171
-34.3856 1.13472466814
-34.1856 0.896306929714
-33.9855 0.937869906915
-33.7854 1.00971256294
-33.5853 1.16040943125
-33.3852 1.00539998215
-33.1851 0.701746060224
-32.985 0.931967791742
-32.7849 1.31600735983
-32.5848 1.05959953381
-32.3847 1.0214282073
-32.1847 1.42842139649
-31.9846 0.659361932352
-31.7845 1.02664526981
-31.5844 1.25490014438
-31.3843 0.545459528715
-31.1842 0.767018684485
-30.9841 1.27454941802
-30.784 1.10959393714
-30.5839 0.622894554646
-30.3838 1.06074753952
-30.1837 0.908055965608
-29.9836 1.10216966829
-29.7836 1.98593628975
-29.5835 1.36292991235
-29.3834 1.29292568507
-29.1833 1.03422372509
-28.9832 0.868553398865
-28.7831 0.774874263294
-28.583 0.735072793394
-28.3829 0.682023952714
-28.1828 0.940745974139
-27.9827 1.15973779907
-27.7826 0.865608024734
-27.5825 1.23868090313
-27.3824 1.25936516545
-27.1823 1.07069755745
-26.9822 1.04580897525
-26.7821 0.934461730058
-26.582 0.531506830143
-26.3819 1.14217624946
-26.1818 0.897488149337
-25.9817 0.889251370441
-25.7816 1.06764414056
-25.5815 0.798998905406
-25.3814 0.50582253237
-25.1813 1.06636927542
-24.9812 0.631693810661
-24.7811 1.56862420883
-24.581 1.03902746448
-24.3809 1.22854289386
-24.1808 0.839896209887
-23.9807 0.809287279816
-23.7806 1.05065387998
-23.5805 1.15653633569
-23.3804 0.807003507286
-23.1803 1.14947379891
-22.9802 0.889545398975
-22.7801 1.17081872318
-22.58 0.821152692166
-22.3799 1.16288457133
-22.1798 0.94620799708
-21.9797 0.864175564088
-21.7796 0.897872208376
-21.5795 0.475567814052
-21.3794 0.590254665987
-21.1793 0.648728068279
-20.9792 1.18031345596
-20.7791 1.12851845327
-20.579 0.96820143022
-20.3789 0.753086213707
-20.1787 0.912782804926
-19.9786 0.843650337597
-19.7785 0.405223724207
-19.5784 1.21967775229
-19.3783 0.399988056075
-19.1782 0.532791591254
-18.9781 1.0239467526
-18.778 0.924100030369
-18.5779 1.3923708282
-18.3778 0.777408177308
-18.1777 0.837779620894
-17.9776 0.82912144014
-17.7774 1.01735933565
-17.5773 0.731735965469
-17.3772 1.07390440133
-17.1771 0.861012843317
-16.977 0.689169484892
-16.7769 0.921237866231
-16.5768 1.14861840922
-16.3767 0.749124480197
-16.1766 0.721392566341
-15.9764 0.848230441689
-15.7763 1.14252994449
-15.5762 0.626674157949
-15.3761 0.68025938756
-15.176 1.10950227099
-14.9759 0.837681991011
-14.7758 0.987958790749
-14.5757 0.0914049608098
-14.3755 0.648315310729
-14.1754 1.06049481818
-13.9753 0.92829283157
-13.7752 1.44848437305
-13.5751 0.81284538083
-13.375 0.802092628501
-13.1749 1.31805052936
-12.9747 1.11190635636
-12.7746 1.23972209309
-12.5745 0.943049943894
-12.3744 1.03113999373
-12.1743 0.876135978957
-11.9742 0.823004407968
-11.774 0.512909164351
-11.5739 0.917780348117
-11.3738 0.37883296749
-11.1737 0.397674771704
-10.9736 1.56028889723
-10.7734 0.790528899439
-10.5733 0.620085090206
-10.3732 1.05717627079
-10.1731 1.01029133861
-9.97296 0.868713157829
-9.77284 1.43984141342
-9.57272 0.769722884067
-9.3726 0.811579427233
-9.17248 0.429328498677
-8.97236 1.1548013837
-8.77224 1.28619798364
-8.57211 1.41686244531
-8.37199 0.955448912385
-8.17187 1.21686592498
-7.97175 0.679814241734
-7.77163 1.01659348856
-7.5715 0.907955686543
-7.37138 0.347058336619
-7.17125 0.995471328857
-6.97113 0.590836091565
-6.77101 0.45637348225
-6.57088 1.17987641191
-6.37076 0.511537898326
-6.17063 0.904929141699
-5.97051 0.668953813739
-5.77038 0.473653557881
-5.57025 0.911021297964
-5.37013 1.54091746033
-5.17 0.710886251184
-4.96987 1.14048297455
-4.76975 1.45353490598
-4.56962 1.41647541768
-4.36949 1.0900104827
-4.16937 1.0304171132
-3.96924 0.31096979859
-3.76911 1.24592381677
-3.56898 0.293124161034
-3.36885 0.701528153184
-3.16872 1.02256841444
-2.96859 0.663350748984
-2.76846 0.691616744579
-2.56833 0.915698151447
-2.3682 0.649301601961
-2.16807 0.262303524061
-1.96794 1.04150424759
-1.76781 0.71597467096
-1.56768 0.993543113486
-1.36755 0.724614873962
-1.16742 0.522072439859
-0.967284 0.524163951991
-0.767152 0.719909642614
-0.567019 0.436469071239
-0.366886 1.09709487281
-0.166753 -0.0941395953118
0.0333802 1.32343868614
0.233514 0.363994760833
0.433648 0.343770791943
0.633782 0.690140994048
0.833917 0.335941605723
1.03405 0.702908542305
1.23419 0.191752432372
1.43432 0.218380396418
1.63446 0.875549034846
1.83459 0.219282977667
2.03473 0.914430117683
2.23487 0.780355172723
2.435 1.46538028647
2.63514 0.603762574878
2.83528 0.704391129297
3.03541 0.42719097062
3.23555 0.585068077618
3.43569 -0.0990833899606
3.63583 0.405097028523
3.83597 -0.117242946281
4.0361 -0.0616646718313
4.23624 -0.0924245280238
4.43638 -0.0749604080497
4.63652 0.36737649017
4.83666 -0.00972234251127
5.0368 0.100878623138
5.23694 -0.15136041947
5.43708 0.131947829144
5.63722 -0.0897759525468
5.83737 0.0738926239366
6.03751 0.0518916657465
6.23765 0.0151929443469
6.43779 0.0864718888044
6.63793 -0.0321127927987
6.83808 0.165969011859
7.03822 0.16781308154
7.23836 0.298440349668
7.4385 0.156994998826
7.63865 0.310327640495
7.83879 0.013151140485
8.03894 -0.060093977115
8.23908 -0.00170222421793
8.43923 -0.108224046489
8.63937 0.0776535452455
8.83951 -0.25692795084
9.03966 -0.0369617915197
9.23981 0.320720696469
9.43995 0.0435847425722
9.6401 0.0611568469255
9.84025 0.153089077202
10.0404 0.0458543091121
10.2405 -0.0198807540575
10.4407 0.0751227380838
10.6408 -0.0625320762878
10.841 0.0635468252914
11.0411 0.0881755797589
11.2413 0.181477936116
11.4414 -0.0783387980163
11.6416 0.42437835036
11.8417 0.418002597219
12.0419 0.0486701572195
12.242 1.59124362196
12.4422 0.702639526076
12.6423 0.273665467511
12.8425 0.0887637051655
13.0426 0.65191888766
13.2428 -0.0791071374642
13.4429 0.234853748115
13.6431 0.280895257597
13.8432 0.145814826657
14.0434 0.178421902938
14.2435 0.206321640758
14.4437 -0.0486340753082
14.6438 1.64546599089
14.844 0.858649056045
15.0441 0.602909772245
15.2443 1.05764439389
15.4445 0.210733505785
15.6446 0.604492056012
15.8448 0.627697746581
16.0449 0.457863993314
16.2451 0.995850321919
16.4452 0.188862015992
16.6454 1.67674937449
16.8455 0.227385929315
17.0457 -0.0709845457416
17.2459 0.363144067524
17.446 0.177131665006
17.6462 0.163142572346
17.8463 0.419513098292
18.0465 1.40317012393
18.2466 1.04231967128
18.4468 0.245719652542
18.647 0.530109871205
18.8471 1.06493442091
19.0473 1.24788512728
19.2474 0.392568004089
19.4476 0.624554321056
19.6478 0.230558996701
19.8479 0.631796338108
20.0481 0.406934113911
20.2482 1.27306645586
20.4484 0.289545431847
20.6486 0.0965623974988
20.8487 0.591134167858
21.0489 0.714572975208
21.249 1.08752231635
21.4492 1.37671076286
21.6494 0.583933559854
21.8495 0.288600869036
22.0497 0.403218630675
22.2498 0.958027171714
22.45 1.09301750801
22.6502 1.074719317
22.8503 0.281072764387
23.0505 0.568544899396
23.2507 0.462759559186
23.4508 0.776210341766
23.651 0.605880688468
23.8512 0.096504867195
24.0513 0.674260629488
24.2515 0.20901757476
24.4517 0.27847603888
24.6518 0.812242157137
24.852 0.648721358519
25.0522 0.142095860671
25.2523 0.757123951405
25.4525 0.881693276706
25.6527 0.145696369888
25.8528 1.15344898332
26.053 1.23735405562
26.2532 0.314019943059
26.4533 0.738596376057
26.6535 0.697353747614
26.8537 0.636928344457
27.0538 0.318421265689
27.254 1.06425746976
27.4542 1.19921499845
27.6544 0.221201144946
27.8545 0.466494103943
28.0547 0.802060140437
28.2549 0.534393080538
28.455 0.594681587167
28.6552 1.08775807622
28.8554 1.07145477344
29.0556 0.538195791866
29.2557 1.03763108531
29.4559 1.08951814668
29.6561 0.21476740994
29.8562 0.352883146822
30.0564 0.767813344947
30.2566 0.754091683246
30.4568 0.928117560016
30.6569 0.617723479712
30.8571 1.23046715568
31.0573 0.689158727667
31.2575 1.0129391355
31.4576 0.640621410134
31.6578 1.06081343256
31.858 0.787921592636
32.0582 1.06358418985
32.2583 0.733686651969
32.4585 1.00650618757
32.6587 1.35482019262
32.8589 0.459654591129
33.0591 0.765084224959
33.2592 1.33262224967
33.4594 0.590495521543
33.6596 0.4532115916
33.8598 1.18419207334
34.0599 1.32333385986
34.2601 0.775057063863
34.4603 1.15974543798
34.6605 1.05965125456
34.8607 0.851272118149
35.0608 0.76911645103
35.261 0.90551940448
35.4612 0.859386813063
35.6614 1.13218455408
35.8616 0.644598115025
36.0617 0.997825786411
36.2619 0.621908684832
36.4621 1.0270251111
36.6623 1.48765723965
36.8625 0.856700377112
37.0627 0.918813587225
37.2628 0.441395449534
37.463 0.797788778519
37.6632 0.551228844051
37.8634 1.13607487794
38.0636 1.09438198627
38.2638 1.14421253454
38.4639 1.07915230726
38.6641 0.948218282967
38.8643 0.902445079233
39.0645 1.05225962957
39.2647 1.23009515349
39.4649 0.63669059591
39.6651 0.927722350871
39.8652 1.0546231279
40.0654 1.31336888768
40.2656 0.882010768232
40.4658 0.997658483801
40.666 1.00098989013
40.8662 0.914890572233
41.0664 0.9807534604
41.2666 1.41076218239
41.4668 0.832180829489
41.6669 0.934560214042
41.8671 1.33199815414
42.0673 0.906045315875
42.2675 0.677981440205
42.4677 1.19067539386
42.6679 1.24358112796
42.8681 0.998818788107
43.0683 0.56698225855
43.2685 0.405673645584
43.4687 0.918302697317
43.6688 1.12294360903
43.869 1.0409919822
44.0692 0.842440997913
44.2694 0.512649788019
44.4696 0.593811844985
44.6698 0.582458249298
44.87 1.13703725624
45.0702 1.26487487853
45.2704 0.872022958471
45.4706 0.784935545474
45.6708 0.887277208043
45.871 0.734415374353
46.0712 1.11225169792
46.2714 1.17096292212
46.4716 0.647108575906
46.6718 1.08722369367
46.8719 0.887796742839
47.0721 0.859501188087
47.2723 0.625585169711
47.4725 1.34642557674
47.6727 0.793552797846
47.8729 1.11194369817
48.0731 1.31872123124
48.2733 0.967809730842
48.4735 0.975612141254
48.6737 0.851160814744
48.8739 0.831795783847
49.0741 1.26827016743
49.2743 1.04223911628
49.4745 0.868122622513
49.6747 0.877980369742
49.8749 1.13244015541
50.0751 1.095876564
50.2753 0.87769108588
50.4755 1.04772378777
50.6757 0.70598245324
50.8759 0.601438725915
51.0761 1.05096827929
51.2763 1.00916351879
51.4765 0.63854060147
51.6767 0.968783811189
51.8769 0.861142931881
52.0771 0.840981732359
52.2773 1.19789694774
52.4775 0.751173614573
52.6777 0.654319723453
52.8779 0.964439263507
53.0782 1.19291169035
53.2784 1.48897907584
53.4786 1.51002664563
53.6788 0.823834554295
53.879 0.469015282303
54.0792 0.891346672818
54.2794 1.14866390781
54.4796 1.22633992312
54.6798 0.894223853998
54.88 0.836614825701
55.0802 1.19872459542
55.2804 0.907581887705
55.4806 0.52478646675
55.6808 1.23312636414
55.881 0.616925626765
56.0812 1.06547594437
56.2815 1.10085871687
56.4817 1.09311155955
56.6819 1.08695448183
56.8821 1.02151364364
57.0823 1.01391357644
57.2825 1.51074054412
57.4827 0.531210432477
57.6829 1.22705889618
57.8831 0.531317309273
58.0833 1.10450406949
58.2836 0.852037443041
58.4838 0.944779481022
58.684 1.13871955468
58.8842 0.944512359821
59.0844 1.05126869101
59.2846 0.938228239506
59.4848 1.07444613654
59.685 1.1259766986
59.8853 1.21429127654
60.0855 0.813057572461
60.2857 1.09837328557
60.4859 0.676585811481
60.6861 0.670247719593
60.8863 0.998457714876
61.0865 0.788668280716
61.2868 0.65911055926
61.487 0.922894511602
61.6872 0.922774256177
61.8874 0.984116581763
62.0876 0.860990479059
62.2878 1.16876107518
62.4881 0.591491635277
62.6883 0.963975003206
62.8885 1.0306412807
63.0887 0.98196911064
63.2889 0.875451433034
63.4891 1.16631920076
63.6894 1.12547888133
63.8896 0.87863150413
64.0898 1.33238969033
64.29 0.745545978813
64.4902 0.831113917555
64.6905 1.31455991555
64.8907 1.2049599486
65.0909 1.20669273706
65.2911 1.45947425831
65.4913 0.883696617955
65.6916 1.44767014497
65.8918 1.04301124642
66.092 0.518463919769
66.2922 0.766491811295
66.4924 1.19917101784
66.6927 1.27047944323
66.8929 1.01474701402
67.0931 1.03496399162
67.2933 0.773528395721
67.4936 0.831165386687
67.6938 0.548822390128
67.894 0.80025888312
68.0942 0.897717881204
68.2945 1.21580281579
68.4947 0.749160381128
68.6949 1.16527746103
68.8951 1.29409042489
69.0954 0.881143940194
69.2956 0.928452425354
69.4958 0.766651184567
69.696 0.995401287938
69.8963 0.956039869687
70.0965 1.03038634278
70.2967 1.44422481837
70.4969 1.09820778487
70.6972 0.790470712337
70.8974 0.675218200765
71.0976 0.538594883408
71.2979 0.895638787687
71.4981 1.39691466601
71.6983 0.957177768438
71.8985 0.784892209229
72.0988 0.939986199985
72.299 1.21560281453
72.4992 1.47078109583
72.6995 1.13705632935
72.8997 1.28638175974
73.0999 0.986658182843
73.3002 0.854244713363
73.5004 0.923319658605
73.7006 1.26283212043
73.9009 1.00151815831
74.1011 1.00777905068
74.3013 1.18119270088
74.5016 0.887577501975
74.7018 0.964626425216
74.902 0.846172199301
75.1023 0.489691284556
75.3025 0.703191352882
75.5027 0.95777818333
75.703 0.893009945601
75.9032 0.576343511451
76.1034 0.294601987167
76.3037 1.23690418576
76.5039 0.87558513939
76.7041 1.32433613062
76.9044 1.14500417156
77.1046 1.01274116753
77.3048 1.01318009644
77.5051 1.11868600561
77.7053 1.00358267727
77.9056 1.22529657951
78.1058 0.810663098348
78.306 0.868194742344
78.5063 0.946630311252
78.7065 1.10812919965
78.9067 1.07736188807
79.107 1.11349503059
79.3072 0.673042971023
79.5075 0.913448324991
79.7077 0.728792834923
79.9079 1.06386242169
80.1082 1.2436380416
80.3084 1.1058452255
80.5087 1.09530457614
80.7089 1.19608998551
80.9091 0.734630573195
81.1094 0.971279375944
81.3096 0.88990347171
81.5099 1.01249341502
81.7101 1.38289035095
81.9104 1.13684997809
82.1106 0.920942108271
82.3108 1.09081709124
82.5111 1.1998422112
82.7113 0.918536603252
82.9116 0.680910451116
83.1118 0.523765003276
83.3121 0.628114126574
83.5123 0.932487994525
83.7126 1.07133142896
83.9128 1.07884540495
84.113 0.931880587834
84.3133 0.771639412286
84.5135 0.827051946844
84.7138 1.20905712252
84.914 1.17010850674
85.1143 0.47766820859
85.3145 0.828085287706
85.5148 0.918602983735
85.715 1.25890907459
85.9153 0.911842909243
86.1155 1.08094580925
86.3158 1.01150174257
86.516 1.36728346944
86.7163 1.02109438529
86.9165 0.949709960882
87.1168 1.03977210492
87.317 1.47786008351
87.5173 1.06116076157
87.7175 0.928477688431
87.9178 1.45009311951
88.118 0.925652261473
88.3183 1.26018305095
88.5185 0.948546807768
88.7188 1.22906817585
88.919 1.25337287758
89.1193 1.18529535837
89.3195 1.38053551925
89.5198 0.969947926441
89.72 0.771400281033
89.9203 0.659827564472
90.1205 0.699470469721
90.3208 1.1768079863
90.521 0.600341170243
90.7213 1.06046649035
90.9216 1.30438414567
91.1218 1.09123217498
91.3221 1.04067473218
91.5223 1.24566975497
91.7226 1.20815780595
91.9228 0.8400612769
92.1231 0.977405577774
92.3233 0.787094830826
92.5236 0.967198590482
92.7239 1.08240788232
92.9241 0.888611385038
93.1244 0.98094666568
93.3246 1.19502008963
93.5249 1.12709212015
93.7252 1.30610684739
93.9254 1.19456944128
94.1257 0.660686572732
94.3259 0.71377847954
94.5262 1.11719412549
94.7264 0.791143167117
94.9267 1.31553378452
95.127 0.74864078802
95.3272 0.629697252142
95.5275 0.7554203621
95.7278 1.1198621948
95.928 1.33001718885
96.1283 0.93625899574
96.3285 0.811703303675
96.5288 1.29799246812
96.7291 0.984610549103
96.9293 0.92294572035
97.1296 1.12600583853
97.3298 1.19119994782
97.5301 0.855421574158
97.7304 0.885595988899
97.9306 1.28626777591
98.1309 1.22893952073
98.3312 0.782608068429
98.5314 1.06234453993
98.7317 1.36129767203
98.932 1.26589694151
99.1322 1.22971428119
99.3325 1.05748861288
99.5328 0.897900832425
99.733 1.14198713657
99.9333 0.963616402445
