-100.0 0.961948397716
-99.8 1.21946180843
-99.6 1.10437074488
-99.4 0.798365694701
-99.2 0.979676375422
-99.0 1.02596353944
-98.8 0.958596890493
-98.6 1.23198411754
-98.4 1.13239098236
-98.2 1.15293535976
-98.0 0.921981048194
-97.8 1.50015096884
-97.6 1.1554589534
-97.4 1.13582380269
-97.2 0.791729666614
-97.0 0.66558916682
-96.8 0.691113512981
-96.6 1.34515006442
-96.4 1.28338990966
-96.2 0.931744718861
-95.9999 1.57793343808
-95.7999 1.05410710167
-95.5999 1.2013599238
-95.3999 0.701915655556
-95.1999 0.921850467858
-94.9999 1.17903162489
-94.7999 0.915059494464
-94.5999 1.27019389307
-94.3999 1.01759993214
-94.1999 1.10223542606
-93.9999 1.1373090147
-93.7999 1.2060094509
-93.5999 0.814365082919
-93.3999 1.0151119375
-93.1999 0.888759212893
-92.9998 0.952127387148
-92.7998 1.22370903634
-92.5998 0.859555501179
-92.3998 0.93492246684
-92.1998 1.09938977242
-91.9998 0.803201774984
-91.7998 0.950694505682
-91.5998 1.22174648365
-91.3998 0.625137209767
-91.1997 1.09776118719
-90.9997 0.764531484373
-90.7997 0.924911461012
-90.5997 0.750872998891
-90.3997 0.944309074288
-90.1997 1.22068723717
-89.9997 1.00985871379
-89.7997 0.967323715411
-89.5996 0.719771522356
-89.3996 1.01688355787
-89.1996 0.884719542911
-88.9996 1.22908155522
-88.7996 1.07877902755
-88.5996 0.916658631574
-88.3996 0.665911307315
-88.1995 0.974734124536
-87.9995 1.20844976153
-87.7995 0.963949767132
-87.5995 0.981263280782
-87.3995 0.788852931261
-87.1995 1.19080723849
-86.9994 0.952073632148
-86.7994 0.91354608715
-86.5994 0.659516468977
-86.3994 0.864084141518
-86.1994 1.09901174782
-85.9994 0.970907545562
-85.7993 1.15048532644
-85.5993 0.973594979989
-85.3993 0.809518583274
-85.1993 1.07654967226
-84.9993 0.748956068716
-84.7992 0.935618797589
-84.5992 1.07150534757
-84.3992 1.0298067608
-84.1992 1.19511309871
-83.9991 0.835881158973
-83.7991 0.898630264158
-83.5991 1.01744396096
-83.3991 1.09224089245
-83.1991 0.935723421754
-82.999 1.24272186813
-82.799 0.827381654016
-82.599 0.839914854849
-82.399 0.789951911107
-82.1989 0.841277511787
-81.9989 0.830388706999
-81.7989 0.830400752035
-81.5989 1.45909698622
-81.3988 0.96964094343
-81.1988 0.736813580858
-80.9988 0.836516158875
-80.7988 1.29364541381
-80.5987 1.10902478052
-80.3987 1.05075327014
-80.1987 1.20487896675
-79.9987 1.08994925067
-79.7986 0.951251449719
-79.5986 1.0281763511
-79.3986 1.22173677112
-79.1986 0.782336262191
-78.9985 1.45273497665
-78.7985 1.14608755586
-78.5985 1.17285453149
-78.3984 0.475124797907
-78.1984 0.714734125374
-77.9984 1.17505901151
-77.7984 0.999231130187
-77.5983 0.95619084004
-77.3983 0.831724557538
-77.1983 1.04359463201
-76.9982 1.04212242909
-76.7982 0.968121997651
-76.5982 1.00008927138
-76.3981 0.722555407331
-76.1981 0.935552047299
-75.9981 1.03407877003
-75.798 1.02810760282
-75.598 1.0760123945
-75.398 1.09941087671
-75.198 0.823837383452
-74.9979 1.26104788359
-74.7979 1.12151988532
-74.5978 1.04814870781
-74.3978 0.53629815605
-74.1978 1.0125710094
-73.9977 0.98406826232
-73.7977 1.15938980724
-73.5977 0.739546244885
-73.3976 0.998601936697
-73.1976 0.944659311764
-72.9976 1.1193799337
-72.7975 1.05659867969
-72.5975 1.03713144456
-72.3975 1.24417362562
-72.1974 0.969446575306
-71.9974 0.830126628321
-71.7973 0.941203551776
-71.5973 1.09321128542
-71.3973 1.13931657688
-71.1972 0.846558918539
-70.9972 1.00322676638
-70.7972 1.3394516349
-70.5971 0.800064581857
-70.3971 0.757097785239
-70.197 0.7043971361
-69.997 1.25909449675
-69.797 0.872251838452
-69.5969 0.733262645745
-69.3969 0.675256250693
-69.1968 0.971181713552
-68.9968 0.961592116124
-68.7968 0.594672180236
-68.5967 0.802165013317
-68.3967 0.984953294585
-68.1966 1.15694686782
-67.9966 1.07136075319
-67.7965 1.0482103518
-67.5965 0.891504995646
-67.3965 0.807903365232
-67.1964 1.17214233883
-66.9964 1.15593112593
-66.7963 0.86163709245
-66.5963 1.17521611803
-66.3962 1.22246735208
-66.1962 0.870761073061
-65.9961 0.746061941364
-65.7961 1.00760516568
-65.5961 1.67811718207
-65.396 1.10762470242
-65.196 1.12080676781
-64.9959 0.847061345459
-64.7959 0.903528486843
-64.5958 0.963790127739
-64.3958 0.922778037508
-64.1957 0.885254374193
-63.9957 0.851348155524
-63.7956 1.28522556399
-63.5956 1.08329447399
-63.3955 0.839820051777
-63.1955 1.2166474085
-62.9954 0.939365236264
-62.7954 1.18439538751
-62.5953 1.05969138946
-62.3953 0.623790584505
-62.1952 0.623822053561
-61.9952 1.54844039888
-61.7951 1.07831338987
-61.5951 1.17286846374
-61.395 1.06790735514
-61.195 0.933294687058
-60.9949 1.39698217015
-60.7949 1.0445091771
-60.5948 1.34140876121
-60.3948 0.982355370749
-60.1947 0.942703997956
-59.9947 0.895589024996
-59.7946 1.0541689383
-59.5946 1.04939630951
-59.3945 0.969284382454
-59.1944 0.968925642364
-58.9944 1.16755970774
-58.7943 1.05277584031
-58.5943 1.13268287968
-58.3942 0.807074153029
-58.1942 1.269361899
-57.9941 0.776371515299
-57.7941 1.12919789269
-57.594 1.293856149
-57.3939 1.11600579225
-57.1939 0.805310455318
-56.9938 1.11261309556
-56.7938 0.903126428428
-56.5937 1.15190470879
-56.3937 0.859557968432
-56.1936 0.994297878976
-55.9935 1.21205194592
-55.7935 1.09075689256
-55.5934 0.780651968267
-55.3934 0.853812149993
-55.1933 0.975093980105
-54.9932 0.857590113259
-54.7932 0.723741343221
-54.5931 0.750183407772
-54.3931 0.948311295543
-54.193 0.909978828758
-53.9929 0.945191103384
-53.7929 0.713346515061
-53.5928 0.68212302642
-53.3928 0.954549632877
-53.1927 1.13626844263
-52.9926 0.795746945802
-52.7926 0.882799261656
-52.5925 0.8538991198
-52.3924 1.36339261525
-52.1924 1.45900625628
-51.9923 1.07579010651
-51.7922 1.16377485821
-51.5922 1.53778851727
-51.3921 1.04576693391
-51.1921 0.999792044263
-50.992 1.00770747657
-50.7919 1.06237908891
-50.5919 0.969218484954
-50.3918 1.09018581586
-50.1917 1.16241450614
-49.9917 0.843399195409
-49.7916 0.809162215121
-49.5915 1.19604058677
-49.3915 0.720802408014
-49.1914 0.803169306914
-48.9913 1.03696269504
-48.7913 0.849997713864
-48.5912 0.924714859287
-48.3911 1.14411913783
-48.191 1.05759993178
-47.991 0.760968170926
-47.7909 1.24917916874
-47.5908 0.71567791642
-47.3908 0.862286369956
-47.1907 1.40910500254
-46.9906 0.901842352017
-46.7906 1.19996423466
-46.5905 1.35586805832
-46.3904 1.07433793102
-46.1903 0.943219744538
-45.9903 0.976609583422
-45.7902 1.13915882164
-45.5901 1.04893222659
-45.3901 0.987845509104
-45.19 1.14648533754
-44.9899 1.15283823161
-44.7898 0.891051194566
-44.5898 0.51522351573
-44.3897 1.08079722256
-44.1896 0.630736733208
-43.9895 0.839950420316
-43.7895 0.910643426667
-43.5894 0.908608860282
-43.3893 0.962224841621
-43.1892 1.17405002451
-42.9892 1.15344269539
-42.7891 0.691159224747
-42.589 0.843094979319
-42.3889 0.802873195393
-42.1889 0.924339673522
-41.9888 0.880454432877
-41.7887 0.638195903433
-41.5886 0.691927052148
-41.3885 0.842712618075
-41.1885 0.945987873021
-40.9884 1.20460917947
-40.7883 0.89432097106
-40.5882 1.02374140449
-40.3881 1.24802572659
-40.1881 0.67426168097
-39.988 0.889208335895
-39.7879 1.0143700836
-39.5878 0.951018266508
-39.3877 1.09764919495
-39.1877 0.978119239
-38.9876 0.654993598902
-38.7875 0.897058212296
-38.5874 1.03691322753
-38.3873 1.29488676802
-38.1873 0.870673454587
-37.9872 0.658931301228
-37.7871 0.619592059893
-37.587 0.498009827476
-37.3869 0.671581354976
-37.1868 0.659097755031
-36.9868 1.01915258444
-36.7867 0.795442643834
-36.5866 1.0966697829
-36.3865 0.915346092644
-36.1864 1.07830460491
-35.9863 1.01266657296
-35.7862 0.581781638655
-35.5862 1.04241990921
-35.3861 0.836301484222
-35.186 1.16026652979
-34.9859 0.886234507365
-34.7858 1.06595904192
-34.5857 0.726287310079
-34.3856 0.689755123123
-34.1856 0.717873957131
-33.9855 0.675390132355
-33.7854 1.02862873928
-33.5853 1.02187691232
-33.3852 1.04109910159
-33.1851 0.689470452692
-32.985 0.996406397049
-32.7849 1.11792501416
-32.5848 1.30488616245
-32.3847 0.585234908258
-32.1847 0.408478069107
-31.9846 0.590045063961
-31.7845 0.810851960419
-31.5844 0.539986294884
-31.3843 0.677159324231
-31.1842 0.995543046264
-30.9841 0.489149844065
-30.784 0.78233867034
-30.5839 0.68800243663
-30.3838 0.908447468115
-30.1837 0.476082874827
-29.9836 0.880226566351
-29.7836 0.917491280333
-29.5835 0.836789082361
-29.3834 0.759337007227
-29.1833 0.912312422219
-28.9832 0.347485930797
-28.7831 0.811980203414
-28.583 0.821183823261
-28.3829 0.730626763338
-28.1828 0.951332270935
-27.9827 0.720733948367
-27.7826 0.338530189329
-27.5825 0.309459625109
-27.3824 0.861011160143
-27.1823 0.816359084319
-26.9822 0.594957490677
-26.7821 0.301777064736
-26.582 0.380789479091
-26.3819 0.215778886707
-26.1818 0.229552213799
-25.9817 0.572446348772
-25.7816 1.06145412609
-25.5815 0.493470420137
-25.3814 0.975452116495
-25.1813 1.24921539611
-24.9812 1.09282950308
-24.7811 0.447128589163
-24.581 0.744276875708
-24.3809 1.02915957994
-24.1808 0.676987610433
-23.9807 0.68088862385
-23.7806 0.609655370615
-23.5805 1.11535185464
-23.3804 1.29731129229
-23.1803 0.73512023289
-22.9802 1.02485432071
-22.7801 0.144981366145
-22.58 0.424180230266
-22.3799 0.704805936366
-22.1798 0.959614068074
-21.9797 0.146099749168
-21.7796 0.495131622386
-21.5795 0.779622720362
-21.3794 1.02960054731
-21.1793 0.572573706569
-20.9792 0.530769169279
-20.7791 0.406682411989
-20.579 0.837115460097
-20.3789 1.00397884173
-20.1787 0.713350238122
-19.9786 0.217794465974
-19.7785 0.613654823468
-19.5784 1.04728465111
-19.3783 0.689243340494
-19.1782 0.474389194171
-18.9781 0.577333891056
-18.778 1.03496371677
-18.5779 0.571509400417
-18.3778 0.596556922546
-18.1777 0.69226186516
-17.9776 0.648493137787
-17.7774 0.644550511291
-17.5773 0.887523791729
-17.3772 0.520048965572
-17.1771 1.18648256302
-16.977 0.803779776281
-16.7769 0.885448198599
-16.5768 0.7718222174
-16.3767 0.590261632772
-16.1766 0.822344658928
-15.9764 0.492419116685
-15.7763 0.609195864343
-15.5762 1.05091105076
-15.3761 0.699965181114
-15.176 0.794873314778
-14.9759 1.39886096416
-14.7758 1.20760477162
-14.5757 0.95526260056
-14.3755 0.739611841839
-14.1754 1.14039457766
-13.9753 1.03053171566
-13.7752 0.565690744614
-13.5751 0.388751658282
-13.375 0.810488722957
-13.1749 0.5979627184
-12.9747 0.148294695846
-12.7746 0.427964915911
-12.5745 0.292839789156
-12.3744 0.516768675452
-12.1743 0.159095958312
-11.9742 0.785503342315
-11.774 0.732831472839
-11.5739 0.800741747436
-11.3738 0.102955965606
-11.1737 0.841155231977
-10.9736 0.978493820828
-10.7734 1.35880783467
-10.5733 0.19859551464
-10.3732 0.436513211273
-10.1731 0.349195700736
-9.97296 0.377498094286
-9.77284 0.627757079426
-9.57272 0.522795373145
-9.3726 0.656467994778
-9.17248 0.691287199621
-8.97236 0.988184959946
-8.77224 0.282167000239
-8.57211 0.329638687523
-8.37199 0.426775216823
-8.17187 0.96521684374
-7.97175 0.901090413851
-7.77163 0.96069771981
-7.5715 0.686044485133
-7.37138 0.974648275393
-7.17125 0.940162747055
-6.97113 0.656892454451
-6.77101 0.66127908438
-6.57088 0.724110873058
-6.37076 1.15286867534
-6.17063 1.78068753092
-5.97051 1.09821912793
-5.77038 0.623238120988
-5.57025 0.969385938409
-5.37013 0.185307166991
-5.17 1.01787283285
-4.96987 0.922663661203
-4.76975 0.368792506691
-4.56962 0.533017903214
-4.36949 0.503163529069
-4.16937 0.712220072413
-3.96924 0.844575237448
-3.76911 1.70204909391
-3.56898 0.923656384174
-3.36885 0.771165743298
-3.16872 0.983992590474
-2.96859 0.817079501211
-2.76846 0.864196029187
-2.56833 0.543103812768
-2.3682 0.296881620118
-2.16807 0.923612163687
-1.96794 1.08185990924
-1.76781 0.395010965872
-1.56768 1.43169299827
-1.36755 0.908240275886
-1.16742 0.0826798409897
-0.967284 0.524476208684
-0.767152 0.456979814123
-0.567019 0.137674200038
-0.366886 0.554220192668
-0.166753 0.612380362003
0.0333802 0.87493023163
0.233514 0.665269443006
0.433648 0.12240958051
0.633782 0.411470764778
0.833917 0.26474157277
1.03405 1.4862716103
1.23419 1.87020257608
1.43432 0.210019448243
1.63446 0.375486637569
1.83459 -0.061046733122
2.03473 0.14737476236
2.23487 0.803436551169
2.435 0.142263464944
2.63514 -0.0413415020957
2.83528 -0.00730414719321
3.03541 0.178717141392
3.23555 0.0959036139287
3.43569 0.155987718703
3.63583 -0.0261162361789
3.83597 -0.0141297901772
4.0361 0.0390907626756
4.23624 -0.135934619689
4.43638 -0.0507892209037
4.63652 0.00215916289913
4.83666 0.160445712206
5.0368 -0.0230249187795
5.23694 0.29314044337
5.43708 0.0792674474189
5.63722 0.26203675355
5.83737 0.0613445917584
6.03751 0.203525144481
6.23765 0.0884849227718
6.43779 -0.131845924113
6.63793 0.0623510420423
6.83808 0.0393091669946
7.03822 0.0967882316992
7.23836 -0.05344689585
7.4385 -0.102468025538
7.63865 0.391107976064
7.83879 0.120035370235
8.03894 0.110553269748
8.23908 0.0435104026275
8.43923 0.0387147134197
8.63937 0.16021457914
8.83951 -0.133677457481
9.03966 0.0119044713574
9.23981 0.136071169811
9.43995 0.299415480598
9.6401 0.275461535138
9.84025 -0.049152242693
10.0404 0.0526128728993
10.2405 0.195962986233
10.4407 0.581860227548
10.6408 0.13841104839
10.841 0.462630272123
11.0411 0.38564637111
11.2413 0.321549224257
11.4414 0.639842425892
11.6416 0.249774863603
11.8417 0.227781360536
12.0419 0.414827883447
12.242 1.39596947186
12.4422 0.754884761862
12.6423 0.640796444806
12.8425 0.0923735653692
13.0426 0.103742970428
13.2428 0.9730532869
13.4429 0.879964162667
13.6431 0.649188228001
13.8432 -0.0355695721769
14.0434 0.193027807543
14.2435 0.296098326582
14.4437 0.61790484665
14.6438 0.499187193198
14.844 0.14605194322
15.0441 0.39744374696
15.2443 0.458640555807
15.4445 0.133684361166
15.6446 0.542832949995
15.8448 0.339161658529
16.0449 0.0127338441442
16.2451 -0.12108128673
16.4452 0.263530636005
16.6454 0.212830195218
16.8455 0.219538994246
17.0457 0.0858929193858
17.2459 0.589597417368
17.446 0.483301739463
17.6462 0.298128483873
17.8463 0.613814246539
18.0465 0.250112817338
18.2466 0.329138839334
18.4468 0.192376960242
18.647 0.400787737564
18.8471 1.41775168734
19.0473 0.0548142725689
19.2474 0.960073734498
19.4476 0.611330858793
19.6478 0.343262581547
19.8479 -0.0332002816655
20.0481 0.698939536972
20.2482 1.15671841118
20.4484 0.686675184029
20.6486 0.679128885093
20.8487 0.921746644045
21.0489 0.389956978163
21.249 0.586764971575
21.4492 0.824766829126
21.6494 0.888078594721
21.8495 0.517286292314
22.0497 0.846679583575
22.2498 0.897103148968
22.45 1.14186464278
22.6502 1.50963891244
22.8503 1.38835160884
23.0505 0.835721441976
23.2507 0.764767772956
23.4508 0.756072164474
23.651 0.433742547899
23.8512 0.803645082266
24.0513 0.0671021990415
24.2515 1.2872251443
24.4517 1.63448316542
24.6518 1.12086828379
24.852 1.01777500041
25.0522 0.962282081521
25.2523 0.807121973655
25.4525 0.954992567012
25.6527 1.4208781397
25.8528 1.04446967682
26.053 0.755239319862
26.2532 1.02377214485
26.4533 1.07399062675
26.6535 1.16983701912
26.8537 0.918011889714
27.0538 0.36187152228
27.254 0.340143133869
27.4542 1.05796893621
27.6544 0.932362249159
27.8545 0.740193988841
28.0547 1.22183083204
28.2549 0.714353100748
28.455 0.977704274499
28.6552 0.512343434424
28.8554 1.01010369936
29.0556 0.563865760275
29.2557 1.22190776183
29.4559 0.450690221262
29.6561 0.776379036851
29.8562 0.708569816386
30.0564 0.4773297751
30.2566 0.931175975744
30.4568 0.577445157533
30.6569 0.0521785599553
30.8571 0.209783035081
31.0573 0.0729980853074
31.2575 0.260519412759
31.4576 0.310788444463
31.6578 0.0502956306589
31.858 0.587651792577
32.0582 0.111803380629
32.2583 0.109284204398
32.4585 0.0495709391984
32.6587 0.0437541713233
32.8589 0.327977987469
33.0591 0.428729553994
33.2592 0.0803711168886
33.4594 0.521611487287
33.6596 0.088124442222
33.8598 0.831767013472
34.0599 0.641248147581
34.2601 0.748765597274
34.4603 0.206082286588
34.6605 0.682077001932
34.8607 0.280997683188
35.0608 0.0920083658018
35.261 0.497827438872
35.4612 0.854302178976
35.6614 0.348567401878
35.8616 0.584353447517
36.0617 0.238229443217
36.2619 0.882636158302
36.4621 0.69766550233
36.6623 0.750517937823
36.8625 0.96763685228
37.0627 0.591627990007
37.2628 0.645361458692
37.463 0.642327218023
37.6632 0.690953029555
37.8634 1.46314030752
38.0636 1.07314625989
38.2638 1.26343153635
38.4639 1.36105899193
38.6641 0.825811327995
38.8643 1.17112643293
39.0645 1.17277454538
39.2647 0.799939259359
39.4649 1.1819888475
39.6651 0.914289079621
39.8652 0.616987774579
40.0654 1.05797737825
40.2656 1.05690020002
40.4658 0.914726144475
40.666 1.08751882052
40.8662 1.07129192927
41.0664 1.02108830366
41.2666 0.796919511404
41.4668 1.08904367902
41.6669 0.800984555546
41.8671 1.05760788229
42.0673 0.616954586729
42.2675 0.873946386773
42.4677 0.672160336695
42.6679 0.966147456883
42.8681 0.860470070914
43.0683 1.27712990945
43.2685 1.00328634333
43.4687 0.60876850686
43.6688 0.599943058541
43.869 1.16610460054
44.0692 1.02156650159
44.2694 0.991517492151
44.4696 1.24431839107
44.6698 0.833215492754
44.87 1.38069331387
45.0702 1.14030982168
45.2704 1.09554181982
45.4706 0.855221687807
45.6708 1.1150038928
45.871 0.548102074074
46.0712 0.961217657018
46.2714 0.966011670023
46.4716 1.32727670289
46.6718 0.722496049712
46.8719 0.761839172274
47.0721 1.16884835725
47.2723 1.06453548866
47.4725 1.10205140948
47.6727 1.30656630919
47.8729 0.917771151136
48.0731 1.22051480739
48.2733 1.09081750906
48.4735 1.053229341
48.6737 1.27023777579
48.8739 1.18643212791
49.0741 0.942090361751
49.2743 1.11075219702
49.4745 0.996867987927
49.6747 0.788128833919
49.8749 0.88839919889
50.0751 0.80039782305
50.2753 1.01989663331
50.4755 1.33574155392
50.6757 1.01030475678
50.8759 1.18267602179
51.0761 1.00034904139
51.2763 0.539879353927
51.4765 0.520727908459
51.6767 0.786538866437
51.8769 1.17308939984
52.0771 0.852860312835
52.2773 1.05208578359
52.4775 0.893069622985
52.6777 0.951596475812
52.8779 1.01098429446
53.0782 0.970263780154
53.2784 1.07336360008
53.4786 0.956669182555
53.6788 1.13828973011
53.879 1.11428331232
54.0792 1.28288365666
54.2794 0.911228772672
54.4796 0.802160368864
54.6798 0.893760201749
54.88 1.38144924994
55.0802 0.547709252238
55.2804 0.829555223606
55.4806 0.601280988625
55.6808 0.892638667654
55.881 0.763371375964
56.0812 0.664234701359
56.2815 0.793949138147
56.4817 1.32623163652
56.6819 0.998654885406
56.8821 1.06825658486
57.0823 0.906870843066
57.2825 1.01854875076
57.4827 1.0714740605
57.6829 1.08730598106
57.8831 0.689801720323
58.0833 0.727806541094
58.2836 1.05005258747
58.4838 1.17343860143
58.684 1.05088503521
58.8842 1.12822915067
59.0844 1.00867196699
59.2846 1.35694106756
59.4848 0.98947976365
59.685 0.800858156997
59.8853 0.537181306175
60.0855 0.81333111883
60.2857 1.08306662432
60.4859 0.707294047803
60.6861 1.10301820357
60.8863 0.731513421526
61.0865 0.589238001705
61.2868 0.949315897271
61.487 1.13773250862
61.6872 1.11634204043
61.8874 1.26120948623
62.0876 1.25448683902
62.2878 1.24324812096
62.4881 0.82299151395
62.6883 1.11203027853
62.8885 1.27252415714
63.0887 0.656967446339
63.2889 1.38306485769
63.4891 0.751571642963
63.6894 1.04886128761
63.8896 1.13355109736
64.0898 1.01939744224
64.29 0.983956641994
64.4902 0.790907795304
64.6905 1.4827171415
64.8907 1.03091548387
65.0909 1.13411501237
65.2911 0.953485155599
65.4913 0.838279684104
65.6916 1.09490661281
65.8918 0.684158880375
66.092 1.04724959001
66.2922 0.387109553
66.4924 1.02955229724
66.6927 0.706948299792
66.8929 0.818913168279
67.0931 1.02089250099
67.2933 0.709822886533
67.4936 1.16916654028
67.6938 1.41047193097
67.894 0.744306194952
68.0942 0.746769465125
68.2945 1.29039136515
68.4947 1.15007587673
68.6949 0.707085798824
68.8951 1.29445486161
69.0954 0.755356469495
69.2956 1.25622208541
69.4958 1.10673814369
69.696 0.766980665582
69.8963 1.20072585076
70.0965 0.651737681662
70.2967 0.817196138143
70.4969 0.65869569214
70.6972 0.793292087156
70.8974 0.887529430779
71.0976 0.690245376832
71.2979 0.847463909248
71.4981 1.10247307834
71.6983 0.83907186362
71.8985 0.990775564303
72.0988 0.782451618766
72.299 1.44379374509
72.4992 1.16557474446
72.6995 0.898463078828
72.8997 0.977594819159
73.0999 1.04238165279
73.3002 1.04318028483
73.5004 0.88504283271
73.7006 0.818554134889
73.9009 0.822436753616
74.1011 0.904345235815
74.3013 0.9411415956
74.5016 0.658783741151
74.7018 0.793811931067
74.902 0.843831804704
75.1023 0.802344934159
75.3025 0.947692461053
75.5027 1.38874812621
75.703 1.24746120247
75.9032 0.648674934619
76.1034 1.13465148359
76.3037 1.48742443245
76.5039 1.16617382344
76.7041 0.771952642283
76.9044 1.06752681503
77.1046 0.605483843681
77.3048 1.18165184838
77.5051 1.09538861714
77.7053 1.05274511738
77.9056 1.03719119882
78.1058 1.26103715956
78.306 1.18946677889
78.5063 1.20291381595
78.7065 0.899475634715
78.9067 0.862548117145
79.107 1.2448774484
79.3072 1.27481607202
79.5075 0.938266555352
79.7077 0.833531603168
79.9079 0.609854051901
80.1082 0.971230811398
80.3084 1.12454031038
80.5087 0.981755117749
80.7089 1.15501568133
80.9091 1.29081468709
81.1094 1.29034376386
81.3096 0.560226838091
81.5099 0.810578753711
81.7101 1.00752535725
81.9104 1.02512301712
82.1106 1.11094245658
82.3108 0.618904975917
82.5111 1.02734148888
82.7113 0.94594629749
82.9116 0.772090566002
83.1118 1.04675033716
83.3121 1.10604081875
83.5123 1.10034725169
83.7126 1.09724671636
83.9128 1.44053349614
84.113 1.05465078628
84.3133 0.784280906601
84.5135 1.03923486771
84.7138 1.02474614965
84.914 1.29218835222
85.1143 0.856006368954
85.3145 1.00054097465
85.5148 0.900971516112
85.715 1.4312262529
85.9153 0.771389532719
86.1155 0.806181839104
86.3158 1.48666885193
86.516 0.948065643969
86.7163 1.12927317225
86.9165 1.24561159765
87.1168 1.18090749865
87.317 0.908187099124
87.5173 1.10401927349
87.7175 0.812477994893
87.9178 0.890372063204
88.118 1.16530201838
88.3183 1.18351269878
88.5185 1.17672815577
88.7188 1.13201279846
88.919 1.05580229035
89.1193 1.1172317792
89.3195 1.04264465166
89.5198 0.999357327642
89.72 1.03790887598
89.9203 1.14531622154
90.1205 1.03370476405
90.3208 0.99507187047
90.521 1.01808544077
90.7213 1.01737307481
90.9216 1.11808244049
91.1218 1.04955963502
91.3221 1.19708505281
91.5223 1.42590450526
91.7226 1.07388944623
91.9228 1.12489874178
92.1231 1.17272753172
92.3233 0.867560169111
92.5236 0.730951722856
92.7239 0.819103531352
92.9241 0.748652567225
93.1244 0.524895674463
93.3246 0.996837960609
93.5249 0.760769032983
93.7252 1.09821971794
93.9254 1.090279738
94.1257 0.867414305697
94.3259 0.900559029814
94.5262 0.871175732761
94.7264 0.826043716666
94.9267 1.06289962908
95.127 0.866671686243
95.3272 0.986675544716
95.5275 1.13508553812
95.7278 1.01936328736
95.928 1.68404031543
96.1283 1.07728479118
96.3285 0.958617185236
96.5288 0.641456606551
96.7291 1.36144915079
96.9293 1.16044069607
97.1296 1.09211146284
97.3298 0.532049397499
97.5301 1.11812069403
97.7304 1.18644120226
97.9306 1.18665151094
98.1309 1.23414867057
98.3312 0.895704619371
98.5314 1.01278573833
98.7317 0.725520596797
98.932 0.666528269382
99.1322 0.880719216043
99.3325 0.891201814631
99.5328 1.42728005021
99.733 1.09804804998
99.9333 0.609426322535
