-100.0 0.699938823141
-99.8 1.07552401054
-99.6 0.849435337852
-99.4 1.35196893638
-99.2 0.620864247337
-99.0 1.05048539174
-98.8 0.531806239526
-98.6 0.699163947274
-98.4 0.540407156123
-98.2 1.43347794001
-98.0 1.45672699004
-97.8 1.04849927052
-97.6 0.996399749221
-97.4 0.953909440016
-97.2 1.11018425445
-97.0 1.25510422198
-96.8 1.36105780439
-96.6 1.01116347496
-96.4 0.876446384469
-96.2 1.10708260517
-95.9999 0.709729189922
-95.7999 1.02636314768
-95.5999 1.13220312716
-95.3999 1.0350945475
-95.1999 0.678931331265
-94.9999 1.6277983021
-94.7999 1.01098778083
-94.5999 0.829003139536
-94.3999 0.880854728933
-94.1999 1.1286723171
-93.9999 1.21296237985
-93.7999 1.1617592424
-93.5999 1.06037598392
-93.3999 0.93480157624
-93.1999 0.775257881255
-92.9998 0.592802704861
-92.7998 1.47054419873
-92.5998 0.930662424136
-92.3998 0.650555394597
-92.1998 1.19970223119
-91.9998 1.2134340462
-91.7998 0.722522316314
-91.5998 1.04847732536
-91.3998 1.00026001743
-91.1997 0.838895204585
-90.9997 0.971838650856
-90.7997 1.16416562917
-90.5997 0.955724075525
-90.3997 1.03548154528
-90.1997 0.785299222697
-89.9997 1.24612065166
-89.7997 1.07083792326
-89.5996 0.823525599881
-89.3996 0.89690461902
-89.1996 0.906729483469
-88.9996 0.850821454997
-88.7996 1.1491329511
-88.5996 0.293800601433
-88.3996 0.860843988105
-88.1995 0.669939453931
-87.9995 1.06462766908
-87.7995 1.02452360092
-87.5995 0.748537375384
-87.3995 1.06009025347
-87.1995 1.28965183884
-86.9994 1.49567158738
-86.7994 0.947478033749
-86.5994 0.8794273753
-86.3994 1.07876717742
-86.1994 0.957739604344
-85.9994 1.09876990801
-85.7993 1.20437921982
-85.5993 1.23491332784
-85.3993 0.635031247542
-85.1993 1.01880087612
-84.9993 1.13134822442
-84.7992 0.861936048442
-84.5992 1.73752874862
-84.3992 0.696549176982
-84.1992 0.944728417893
-83.9991 1.10940538545
-83.7991 0.681256087626
-83.5991 0.563734789426
-83.3991 1.0837863649
-83.1991 1.26823035632
-82.999 1.30525496144
-82.799 1.15094194464
-82.599 1.13446582622
-82.399 0.708652917173
-82.1989 0.703147168101
-81.9989 0.658799644163
-81.7989 0.560087540492
-81.5989 0.635241884642
-81.3988 1.35036731563
-81.1988 0.732202691923
-80.9988 0.777826517185
-80.7988 1.08959804576
-80.5987 1.45794444765
-80.3987 1.3234364756
-80.1987 0.859387869269
-79.9987 0.487329318289
-79.7986 1.17906455227
-79.5986 1.1745984053
-79.3986 1.34685350875
-79.1986 1.08648044367
-78.9985 0.957239802087
-78.7985 0.678134285223
-78.5985 0.769399997592
-78.3984 1.70379414331
-78.1984 0.886944210929
-77.9984 0.981631128909
-77.7984 0.754854130718
-77.5983 0.600756471499
-77.3983 0.584179415194
-77.1983 1.05976449388
-76.9982 0.747086802315
-76.7982 0.992904567109
-76.5982 1.08148414447
-76.3981 0.806141965175
-76.1981 1.24009403915
-75.9981 0.91563302778
-75.798 0.870466739045
-75.598 1.02589291766
-75.398 0.806548460613
-75.198 0.721470784514
-74.9979 1.03357669181
-74.7979 1.04046299103
-74.5978 0.850624120107
-74.3978 1.29967165422
-74.1978 1.06970626135
-73.9977 0.837305401747
-73.7977 1.08655843372
-73.5977 0.618819806302
-73.3976 1.31540803835
-73.1976 1.17329343782
-72.9976 0.716906219616
-72.7975 0.395601841475
-72.5975 1.1955954566
-72.3975 0.869702294413
-72.1974 1.0438582889
-71.9974 1.81713358853
-71.7973 0.863375686151
-71.5973 0.816608903702
-71.3973 0.77701840963
-71.1972 0.691290310474
-70.9972 1.01497514994
-70.7972 1.2211568408
-70.5971 0.964521202288
-70.3971 1.29770189534
-70.197 0.809993682988
-69.997 0.621255341396
-69.797 1.3915139122
-69.5969 1.1864701778
-69.3969 1.20536498234
-69.1968 0.743983976967
-68.9968 1.0155152954
-68.7968 1.34320508644
-68.5967 1.23387872947
-68.3967 1.0097674466
-68.1966 1.013227348
-67.9966 0.651096620237
-67.7965 0.797842450726
-67.5965 1.49989255002
-67.3965 0.919344450774
-67.1964 0.824416263261
-66.9964 1.30579946823
-66.7963 1.10642697354
-66.5963 0.540860948908
-66.3962 0.444165172075
-66.1962 0.931811519066
-65.9961 1.17838795107
-65.7961 1.20690083737
-65.5961 1.17884623016
-65.396 1.08147132939
-65.196 0.700787509585
-64.9959 0.815787822784
-64.7959 0.699812964254
-64.5958 1.19236264112
-64.3958 1.43826576583
-64.1957 0.913290775203
-63.9957 1.41417149668
-63.7956 1.48859982753
-63.5956 1.2382589172
-63.3955 1.60833666234
-63.1955 1.23076583068
-62.9954 1.21466270197
-62.7954 0.852021586789
-62.5953 0.748059038166
-62.3953 1.21224439544
-62.1952 1.06341059469
-61.9952 0.761241655358
-61.7951 1.41561367621
-61.5951 1.43488726634
-61.395 1.61584252271
-61.195 1.12408581723
-60.9949 0.784526240625
-60.7949 1.04563908978
-60.5948 1.1163359386
-60.3948 0.720171266228
-60.1947 1.02872034633
-59.9947 1.31400043543
-59.7946 0.831573396254
-59.5946 1.0473985187
-59.3945 1.40025515104
-59.1944 0.876398153973
-58.9944 1.60629686932
-58.7943 0.9876243418
-58.5943 0.903775697833
-58.3942 0.59293171955
-58.1942 0.0802346288816
-57.9941 0.575412875627
-57.7941 1.48746299511
-57.594 0.640801974889
-57.3939 0.436599903871
-57.1939 1.37300513269
-56.9938 0.760927912343
-56.7938 0.706707870475
-56.5937 1.16126506633
-56.3937 0.987991251925
-56.1936 1.36099702074
-55.9935 0.688138666836
-55.7935 0.596965932152
-55.5934 1.45137903907
-55.3934 1.2128783905
-55.1933 0.931107158991
-54.9932 0.874461506085
-54.7932 1.32600857885
-54.5931 0.607742436924
-54.3931 0.764955026393
-54.193 1.11348106335
-53.9929 0.985701549123
-53.7929 1.06849999647
-53.5928 0.818435281585
-53.3928 1.06969320821
-53.1927 0.842231044042
-52.9926 0.982177573158
-52.7926 0.930540572467
-52.5925 0.919136763954
-52.3924 0.933597322624
-52.1924 0.633818354514
-51.9923 1.50092788692
-51.7922 0.898262203925
-51.5922 0.888042343645
-51.3921 0.902573852372
-51.1921 1.04096553541
-50.992 0.93614277018
-50.7919 1.22247470364
-50.5919 1.07482076655
-50.3918 0.790274977379
-50.1917 1.52044403192
-49.9917 0.844992929224
-49.7916 1.00841984298
-49.5915 1.70116264551
-49.3915 0.943889128363
-49.1914 0.874058041344
-48.9913 0.811164366087
-48.7913 0.966491768675
-48.5912 1.40719072623
-48.3911 1.1874427936
-48.191 0.841564743417
-47.991 1.25996887191
-47.7909 0.73857971576
-47.5908 0.979287811841
-47.3908 0.879419455088
-47.1907 0.925205584781
-46.9906 0.944207091322
-46.7906 1.15965780457
-46.5905 1.25995345912
-46.3904 1.07360319057
-46.1903 1.07879609563
-45.9903 1.03141917934
-45.7902 0.786350422252
-45.5901 0.968952110717
-45.3901 1.11739189892
-45.19 0.814581311378
-44.9899 0.819009565581
-44.7898 1.12780412821
-44.5898 0.864437795694
-44.3897 0.668947189052
-44.1896 1.12023491517
-43.9895 0.99537971325
-43.7895 0.641885615323
-43.5894 1.32372845247
-43.3893 1.24750437767
-43.1892 1.01183533271
-42.9892 0.997205149936
-42.7891 0.791017477448
-42.589 0.710227896634
-42.3889 0.833855138351
-42.1889 0.894553417059
-41.9888 0.629907400193
-41.7887 0.246573546137
-41.5886 0.660388591223
-41.3885 0.543901358252
-41.1885 0.669536877762
-40.9884 1.13778308812
-40.7883 0.828126138486
-40.5882 0.915285906096
-40.3881 1.5356632172
-40.1881 0.857154674235
-39.988 0.598228560008
-39.7879 0.497451422752
-39.5878 1.27202383476
-39.3877 1.22000942463
-39.1877 0.697262080578
-38.9876 0.96402695613
-38.7875 0.713144265822
-38.5874 0.766119428479
-38.3873 0.61390816528
-38.1873 1.09992612114
-37.9872 0.774761275628
-37.7871 0.908296980981
-37.587 1.03100623038
-37.3869 0.653198612588
-37.1868 1.43539541254
-36.9868 0.83624360629
-36.7867 0.811470479862
-36.5866 0.454781435482
-36.3865 0.813642359435
-36.1864 0.903684525402
-35.9863 1.2701751071
-35.7862 0.745138434949
-35.5862 0.61347131314
-35.3861 0.538582437244
-35.186 0.40070560667
-34.9859 0.546688545493
-34.7858 1.54934758475
-34.5857 1.69243637366
-34.3856 0.648867313184
-34.1856 1.15440806446
-33.9855 1.10277693539
-33.7854 1.16207880007
-33.5853 0.563055471508
-33.3852 1.92248754143
-33.1851 0.418699271602
-32.985 0.647210300531
-32.7849 0.0298507688265
-32.5848 0.298709428929
-32.3847 1.28299979001
-32.1847 0.850594326267
-31.9846 1.04401097082
-31.7845 1.08041736682
-31.5844 0.414032639343
-31.3843 0.717119522699
-31.1842 1.55516799132
-30.9841 0.128686595649
-30.784 0.526379764373
-30.5839 1.12593117785
-30.3838 0.895884716088
-30.1837 0.728109040542
-29.9836 0.093262302824
-29.7836 0.839045168656
-29.5835 0.819916881502
-29.3834 0.741386923833
-29.1833 0.258851763151
-28.9832 1.06224404023
-28.7831 1.18103288413
-28.583 0.626508976774
-28.3829 1.31540706943
-28.1828 0.844837652349
-27.9827 1.09339529121
-27.7826 0.809229189714
-27.5825 1.00983548278
-27.3824 0.95395218103
-27.1823 1.62451976085
-26.9822 0.748612243319
-26.7821 0.809019751242
-26.582 0.947648610318
-26.3819 0.556921010124
-26.1818 0.881240180912
-25.9817 1.21450685383
-25.7816 0.680447989745
-25.5815 1.16851825998
-25.3814 1.19312896155
-25.1813 1.18404458459
-24.9812 0.767147710239
-24.7811 0.927428840619
-24.581 0.56783998339
-24.3809 0.782257714385
-24.1808 0.917482320568
-23.9807 0.834968346025
-23.7806 1.01993259211
-23.5805 1.28114597285
-23.3804 0.671271284589
-23.1803 0.768773849363
-22.9802 0.731531612444
-22.7801 0.275285616425
-22.58 1.02523194595
-22.3799 1.0427963583
-22.1798 0.348476655677
-21.9797 0.0505288512706
-21.7796 0.164889366153
-21.5795 1.28047961897
-21.3794 0.884479878564
-21.1793 0.441955887556
-20.9792 0.824328212244
-20.7791 1.22780335893
-20.579 1.01500556218
-20.3789 0.919752353675
-20.1787 1.46676809485
-19.9786 0.735302981069
-19.7785 0.128303644032
-19.5784 0.955021519148
-19.3783 1.18859387165
-19.1782 0.82930319881
-18.9781 0.478228156157
-18.778 0.26912131916
-18.5779 1.55750220943
-18.3778 1.37063920914
-18.1777 1.23322360387
-17.9776 0.0936969062884
-17.7774 1.38267251386
-17.5773 1.17467535924
-17.3772 0.210885206627
-17.1771 0.968656219525
-16.977 0.354592065269
-16.7769 1.38922206721
-16.5768 1.46419960191
-16.3767 0.814072221575
-16.1766 0.684368507299
-15.9764 1.23834587658
-15.7763 0.857366718576
-15.5762 0.710236645078
-15.3761 0.410405856109
-15.176 1.63098198715
-14.9759 0.707183035848
-14.7758 1.65764110892
-14.5757 0.128404413856
-14.3755 0.314405699356
-14.1754 0.301641454257
-13.9753 0.430935605945
-13.7752 0.800601273592
-13.5751 0.0880850678472
-13.375 0.47347754855
-13.1749 0.562126000839
-12.9747 0.241691561509
-12.7746 0.0779512211895
-12.5745 0.585140132161
-12.3744 0.645289736066
-12.1743 1.09927645171
-11.9742 1.23270944063
-11.774 2.0215792465
-11.5739 0.716391255267
-11.3738 1.25814810054
-11.1737 1.21501438976
-10.9736 0.520102478519
-10.7734 0.834898153331
-10.5733 1.27168558048
-10.3732 0.634124436371
-10.1731 1.31733334078
-9.97296 1.37994953063
-9.77284 0.552028224103
-9.57272 0.751192987409
-9.3726 1.29402521533
-9.17248 0.889574015988
-8.97236 1.17893167055
-8.77224 0.498984531774
-8.57211 0.258204482544
-8.37199 0.287152240932
-8.17187 0.11382956012
-7.97175 0.174670814347
-7.77163 0.164003601435
-7.5715 0.12382819343
-7.37138 0.192156743321
-7.17125 0.482150530539
-6.97113 0.0858221626745
-6.77101 0.408492489276
-6.57088 0.211687687362
-6.37076 0.667232650517
-6.17063 0.111024877673
-5.97051 0.232730978966
-5.77038 0.410837410195
-5.57025 0.201923389433
-5.37013 0.261480557288
-5.17 0.550559132461
-4.96987 0.18171100829
-4.76975 0.193956972433
-4.56962 1.06343066946
-4.36949 0.275907170171
-4.16937 0.416450563036
-3.96924 0.590623767759
-3.76911 0.0465385103185
-3.56898 0.849999499266
-3.36885 0.661992976033
-3.16872 0.168640766308
-2.96859 0.177532560234
-2.76846 0.612483109763
-2.56833 1.6840237644
-2.3682 0.939403938965
-2.16807 0.777629262311
-1.96794 0.338807414592
-1.76781 1.22480175443
-1.56768 0.399272216611
-1.36755 1.62996311547
-1.16742 0.531886627681
-0.967284 0.253972852001
-0.767152 1.14879184521
-0.567019 0.429764458458
-0.366886 2.63527786617
-0.166753 0.346128089942
0.0333802 0.63619843563
0.233514 0.181443311935
0.433648 0.0113560171206
0.633782 0.108775062722
0.833917 0.0577757801292
1.03405 -0.0362442684333
1.23419 0.289857387914
1.43432 0.213235849586
1.63446 0.231366981496
1.83459 0.282812452721
2.03473 0.0291336070252
2.23487 -0.100458285377
2.435 0.00147422110067
2.63514 0.757237569229
2.83528 0.571913057569
3.03541 0.151740708382
3.23555 0.0536499264261
3.43569 0.843617815515
3.63583 0.154079390924
3.83597 -0.0911503631921
4.0361 0.0575445212822
4.23624 -0.314245514072
4.43638 0.0753569057248
4.63652 0.0348974979498
4.83666 -0.298793659726
5.0368 -0.108229601677
5.23694 0.202169434485
5.43708 0.0990671005349
5.63722 -0.061102497259
5.83737 -0.028031719719
6.03751 -0.165821959541
6.23765 -0.257039956322
6.43779 0.203431925817
6.63793 -0.12106408804
6.83808 -0.0124032562833
7.03822 0.17943172977
7.23836 -0.0285619819031
7.4385 0.15892418584
7.63865 -0.0165032558249
7.83879 -0.155770463397
8.03894 0.161607342805
8.23908 0.0511171968713
8.43923 0.256375812087
8.63937 -0.144381614418
8.83951 0.255004203533
9.03966 -0.0688396719766
9.23981 0.29274508462
9.43995 -0.0524201940422
9.6401 0.385933068642
9.84025 0.690147539597
10.0404 0.91322014761
10.2405 0.134514327416
10.4407 1.20042564297
10.6408 0.553088455456
10.841 -0.0629341231983
11.0411 0.568114540877
11.2413 0.150646062207
11.4414 0.379282454463
11.6416 0.93017421962
11.8417 0.0580769561929
12.0419 0.0267548960221
12.242 0.0824647102483
12.4422 0.182237850606
12.6423 0.287470804584
12.8425 -0.128820926857
13.0426 -0.127118036168
13.2428 -0.108666805927
13.4429 0.050713480707
13.6431 0.857678310334
13.8432 0.186386240661
14.0434 0.274406542691
14.2435 0.046246166522
14.4437 0.414376937281
14.6438 0.163230753513
14.844 0.0868429534553
15.0441 0.337029249196
15.2443 0.558382900874
15.4445 0.408238966624
15.6446 0.836242301752
15.8448 0.115429594938
16.0449 0.83504556426
16.2451 0.0152290021755
16.4452 0.0969634308978
16.6454 0.228008922901
16.8455 0.55026201334
17.0457 0.643834245851
17.2459 0.124742978197
17.446 0.791526749802
17.6462 0.597218067979
17.8463 0.64076942383
18.0465 -0.018952815462
18.2466 0.690315566019
18.4468 0.234551743676
18.647 0.392192805437
18.8471 0.302468538275
19.0473 1.69216831446
19.2474 0.28257954609
19.4476 0.0308968967495
19.6478 0.107913518647
19.8479 0.149098181124
20.0481 0.271945500024
20.2482 0.349975992642
20.4484 0.00388484215289
20.6486 0.0558178557624
20.8487 0.105283726297
21.0489 1.25447772997
21.249 0.404912088915
21.4492 0.793190481837
21.6494 0.819943198333
21.8495 0.919155401603
22.0497 0.168836432697
22.2498 0.0474510216949
22.45 0.27742977904
22.6502 0.283510131434
22.8503 0.300337431403
23.0505 0.14976261342
23.2507 0.699729838756
23.4508 0.174270813005
23.651 0.456127877185
23.8512 0.321810615115
24.0513 0.421547397748
24.2515 0.707977980528
24.4517 1.05967076282
24.6518 1.30354748756
24.852 0.291752467831
25.0522 0.650640652718
25.2523 0.682301160261
25.4525 0.819259437755
25.6527 0.923503439391
25.8528 0.432803513595
26.053 1.0053460391
26.2532 0.193178311607
26.4533 0.583814731316
26.6535 0.635396976351
26.8537 0.730222726208
27.0538 0.611884849161
27.254 0.902345896037
27.4542 0.600457050885
27.6544 0.415920567022
27.8545 0.513623650889
28.0547 0.917261274145
28.2549 0.623522215048
28.455 0.562974647191
28.6552 1.2063350137
28.8554 1.03252274144
29.0556 0.679913411312
29.2557 0.925841976388
29.4559 0.312826645715
29.6561 1.41984743968
29.8562 0.727968366957
30.0564 1.41945881832
30.2566 1.08689152566
30.4568 0.790283818734
30.6569 0.939557728522
30.8571 1.13097647953
31.0573 0.747822110799
31.2575 0.675964848157
31.4576 0.155910899741
31.6578 0.398195963241
31.858 1.30291642194
32.0582 0.342744999149
32.2583 0.107803868822
32.4585 0.760626976869
32.6587 1.48006697605
32.8589 1.50627643088
33.0591 0.73570509921
33.2592 0.749291669692
33.4594 0.762065073039
33.6596 0.759437282307
33.8598 0.886993274377
34.0599 0.87409012188
34.2601 0.829016560851
34.4603 1.0125913145
34.6605 1.22964768712
34.8607 1.45413967168
35.0608 0.812334015143
35.261 0.722666053997
35.4612 0.969989813371
35.6614 1.07766558121
35.8616 0.293188388192
36.0617 1.91708268132
36.2619 1.06277773096
36.4621 1.05196443891
36.6623 1.03970151324
36.8625 1.05346742737
37.0627 0.865040525155
37.2628 0.922367676989
37.463 0.939624963942
37.6632 0.933740388801
37.8634 1.24940291203
38.0636 0.943555855639
38.2638 1.00586695404
38.4639 0.852752804302
38.6641 0.462652499792
38.8643 0.906434999343
39.0645 1.09180465973
39.2647 0.875668144088
39.4649 1.67442327781
39.6651 1.3086069346
39.8652 0.932655168188
40.0654 0.448404424675
40.2656 0.95075118154
40.4658 0.974141137573
40.666 1.02815906664
40.8662 0.872627051463
41.0664 0.922099751202
41.2666 1.04274212109
41.4668 0.81227229152
41.6669 0.508703084543
41.8671 1.50974834816
42.0673 1.08189397913
42.2675 1.16426454276
42.4677 1.20199913235
42.6679 1.23736097551
42.8681 0.477739689427
43.0683 0.973167266955
43.2685 0.978149440337
43.4687 1.03167986405
43.6688 1.00858568648
43.869 1.19058668257
44.0692 1.81178265601
44.2694 0.901300301696
44.4696 0.93375643903
44.6698 1.02115426387
44.87 0.584945434457
45.0702 1.47250999181
45.2704 0.940620644422
45.4706 0.790923868874
45.6708 0.36304864327
45.871 1.23685899467
46.0712 1.34798313535
46.2714 0.770146556127
46.4716 0.980569872782
46.6718 0.773774383048
46.8719 0.619393392515
47.0721 0.88683362086
47.2723 0.816229713349
47.4725 0.9919204024
47.6727 1.52589762746
47.8729 0.898405493318
48.0731 0.59572367713
48.2733 0.576096518777
48.4735 0.817602545721
48.6737 0.965045872425
48.8739 0.821418809523
49.0741 0.567343333624
49.2743 0.817093655863
49.4745 0.508995997413
49.6747 0.455131970579
49.8749 0.812229743129
50.0751 1.08679812091
50.2753 0.887927399312
50.4755 0.899255978526
50.6757 0.64632991022
50.8759 0.847085005251
51.0761 0.426729043612
51.2763 1.0562732709
51.4765 0.796623016981
51.6767 0.935558152035
51.8769 0.980490918636
52.0771 0.878754734101
52.2773 0.983741857146
52.4775 0.82365613444
52.6777 0.638074751004
52.8779 0.75902032328
53.0782 0.680186907176
53.2784 0.781269908054
53.4786 0.706895877901
53.6788 1.1404744883
53.879 1.06391782152
54.0792 1.22245740593
54.2794 1.24133778461
54.4796 0.618938736494
54.6798 1.03356422881
54.88 0.743076145353
55.0802 0.990734035376
55.2804 1.07373662126
55.4806 1.23246905849
55.6808 1.2680849849
55.881 0.903914863861
56.0812 1.48301561408
56.2815 1.00763116487
56.4817 0.916373047295
56.6819 0.375541511924
56.8821 1.06580940213
57.0823 0.919202660273
57.2825 0.787538135111
57.4827 1.04229007621
57.6829 1.08509974856
57.8831 0.971473299888
58.0833 0.980457673129
58.2836 0.750761972155
58.4838 0.988184246018
58.684 0.831715930321
58.8842 0.83521895976
59.0844 0.407642341197
59.2846 0.755010471746
59.4848 1.45560060945
59.685 0.957956602373
59.8853 0.97299862896
60.0855 1.24100426519
60.2857 1.09618205386
60.4859 0.941393589267
60.6861 1.15648344568
60.8863 0.0824721345974
61.0865 0.992575273946
61.2868 1.15205888044
61.487 1.00093995818
61.6872 1.12475650629
61.8874 0.761909147844
62.0876 0.956587652218
62.2878 1.18756800649
62.4881 0.968071954754
62.6883 0.718475964761
62.8885 0.648392343128
63.0887 0.701296948519
63.2889 0.73883398509
63.4891 0.584518419243
63.6894 0.645255274512
63.8896 0.923192889775
64.0898 0.961779174294
64.29 1.46375679547
64.4902 0.973772509211
64.6905 0.544722206134
64.8907 1.11527362769
65.0909 0.654935055771
65.2911 0.976671114455
65.4913 1.77954008434
65.6916 1.07453616011
65.8918 0.911904384743
66.092 1.17977444166
66.2922 0.884611444355
66.4924 1.11527808302
66.6927 1.13514827255
66.8929 0.843700757132
67.0931 1.23863356592
67.2933 1.77841431182
67.4936 0.836960870656
67.6938 0.855975671357
67.894 0.967752189234
68.0942 0.740214018891
68.2945 0.592857208567
68.4947 0.860058812973
68.6949 1.157877364
68.8951 1.29305621346
69.0954 1.23388453679
69.2956 1.38036907043
69.4958 0.879417692537
69.696 0.726724666497
69.8963 0.848580687994
70.0965 1.07644971142
70.2967 0.952319635272
70.4969 1.02607167492
70.6972 0.71324840866
70.8974 0.764300028626
71.0976 0.706527073247
71.2979 1.31413264271
71.4981 0.889653195219
71.6983 1.11847662307
71.8985 1.32098780475
72.0988 0.851626146482
72.299 1.06984492464
72.4992 0.949282969723
72.6995 0.969594856798
72.8997 0.478759248828
73.0999 0.620728440685
73.3002 1.24090123241
73.5004 0.946347188863
73.7006 1.14328792326
73.9009 0.980057869465
74.1011 1.59151935798
74.3013 1.33765630895
74.5016 1.14579535754
74.7018 1.01631573012
74.902 0.473462287236
75.1023 0.957870165813
75.3025 0.844145032109
75.5027 0.900267375196
75.703 1.33218583898
75.9032 0.44919922126
76.1034 1.18322131929
76.3037 0.904037066507
76.5039 1.17048980515
76.7041 0.869831590135
76.9044 1.02942162362
77.1046 0.777388984442
77.3048 0.838553627371
77.5051 0.73976254024
77.7053 1.26682298141
77.9056 0.864981243536
78.1058 1.10609108475
78.306 1.25730196124
78.5063 0.979025675543
78.7065 1.5286724034
78.9067 0.64982437205
79.107 0.869143213474
79.3072 0.866829806922
79.5075 0.929803767916
79.7077 1.40328284549
79.9079 1.00738657016
80.1082 1.02250792702
80.3084 0.660139022976
80.5087 0.932643430641
80.7089 0.652707503954
80.9091 0.670933812996
81.1094 0.940469451112
81.3096 1.57674988454
81.5099 1.2795984544
81.7101 1.18516317688
81.9104 1.24254234489
82.1106 0.892971467992
82.3108 1.12557997069
82.5111 1.24767093585
82.7113 1.12757251343
82.9116 1.18829685472
83.1118 1.32932737152
83.3121 1.44512634652
83.5123 0.864499761147
83.7126 1.20348403784
83.9128 1.12330369748
84.113 0.596855313953
84.3133 1.40354817587
84.5135 1.22356308249
84.7138 1.29808654414
84.914 0.508225003282
85.1143 0.955270461376
85.3145 1.15836696837
85.5148 1.57979590849
85.715 0.799250921195
85.9153 1.77091534128
86.1155 1.23346487062
86.3158 0.944439790932
86.516 1.08371425379
86.7163 1.03158667657
86.9165 1.31421549629
87.1168 0.830140324885
87.317 1.28292061967
87.5173 1.13234849741
87.7175 1.43705491571
87.9178 1.33019780459
88.118 0.750849556398
88.3183 0.241470812145
88.5185 0.890903513818
88.7188 0.603453011758
88.919 0.71147135682
89.1193 1.0240113741
89.3195 0.940857235038
89.5198 0.909638488459
89.72 1.04896925624
89.9203 1.37468203464
90.1205 0.779890715312
90.3208 1.20953083206
90.521 0.833361123441
90.7213 1.06766180647
90.9216 1.32190655387
91.1218 0.94685034233
91.3221 0.912731560787
91.5223 1.08954205478
91.7226 1.16164750438
91.9228 0.474230546164
92.1231 0.410129862917
92.3233 0.830969869434
92.5236 0.850371772805
92.7239 1.34209418126
92.9241 1.3998056846
93.1244 1.32108339385
93.3246 1.30907992616
93.5249 0.887944591435
93.7252 0.993968643609
93.9254 1.09378650294
94.1257 1.36348657765
94.3259 1.81984087627
94.5262 0.861236931762
94.7264 1.08271968074
94.9267 0.77156829701
95.127 1.15144687074
95.3272 1.42925717432
95.5275 1.08476905481
95.7278 0.598196375567
95.928 0.799076577065
96.1283 0.663763481164
96.3285 1.03402284332
96.5288 0.726762128484
96.7291 1.02830471773
96.9293 0.866489583121
97.1296 0.753461570246
97.3298 1.07757902913
97.5301 0.659190944256
97.7304 0.925265543364
97.9306 1.0335051791
98.1309 0.846721020687
98.3312 0.643318698005
98.5314 1.0313014958
98.7317 0.934314617934
98.932 0.942831971299
99.1322 1.11393876974
99.3325 0.382730222358
99.5328 0.710288974997
99.733 0.801430493001
99.9333 1.01710008723
