-100.0 1.10510180307
-99.8 1.0010301474
-99.6 0.925589993195
-99.4 0.831524065178
-99.2 0.951667443122
-99.0 0.974552707922
-98.8 1.06939105411
-98.6 0.754912109025
-98.4 1.0849989977
-98.2 1.09842234868
-98.0 1.00786735935
-97.8 0.902381772871
-97.6 0.992149539175
-97.4 1.09078031087
-97.2 1.2181084393
-97.0 1.08284686059
-96.8 1.1943980003
-96.6 1.13858131023
-96.4 0.933110116212
-96.2 0.913918701308
-95.9999 1.00494959652
-95.7999 0.928110762923
-95.5999 1.099290273
-95.3999 1.10309445795
-95.1999 1.16833864451
-94.9999 0.91838770522
-94.7999 1.08024493058
-94.5999 1.15196915529
-94.3999 1.00496745628
-94.1999 1.02523698577
-93.9999 1.05685698914
-93.7999 1.02433314932
-93.5999 1.00344559428
-93.3999 0.949402505772
-93.1999 0.903433623469
-92.9998 1.05461016127
-92.7998 0.914953143732
-92.5998 0.797881014501
-92.3998 0.961173496235
-92.1998 1.08623226351
-91.9998 1.13834564657
-91.7998 1.10941475111
-91.5998 0.88332512833
-91.3998 1.18212583143
-91.1997 0.917221138759
-90.9997 1.10278423999
-90.7997 1.07546712607
-90.5997 1.11742073215
-90.3997 0.994583192628
-90.1997 1.07081499509
-89.9997 1.08536462722
-89.7997 1.07437982436
-89.5996 1.15464236726
-89.3996 1.0012906751
-89.1996 1.13217545602
-88.9996 0.926991478217
-88.7996 0.878606973353
-88.5996 0.970488019966
-88.3996 0.984101346217
-88.1995 1.03850554668
-87.9995 0.976010749831
-87.7995 0.710029485889
-87.5995 1.0873883449
-87.3995 0.760108932911
-87.1995 1.07017117661
-86.9994 1.10958584227
-86.7994 1.05897810587
-86.5994 1.00837137441
-86.3994 1.07715313923
-86.1994 0.867529637705
-85.9994 0.900624094918
-85.7993 0.978138399922
-85.5993 1.00762133522
-85.3993 0.994816525248
-85.1993 1.01167088217
-84.9993 0.96708338173
-84.7992 1.01997693265
-84.5992 0.928689419882
-84.3992 0.975291025276
-84.1992 1.05695731502
-83.9991 0.926110298017
-83.7991 0.993341747819
-83.5991 0.942568227573
-83.3991 0.804308113394
-83.1991 1.03638005264
-82.999 0.891769867064
-82.799 0.98525195741
-82.599 1.01079974939
-82.399 1.04299576187
-82.1989 0.930019189101
-81.9989 0.976977362326
-81.7989 1.06253188146
-81.5989 0.98707714009
-81.3988 1.05061364973
-81.1988 0.986239721502
-80.9988 1.03902546167
-80.7988 0.724405576603
-80.5987 0.901123189073
-80.3987 0.885857051538
-80.1987 0.907208117404
-79.9987 0.959019649632
-79.7986 0.854772017774
-79.5986 0.831854242189
-79.3986 0.825743411449
-79.1986 1.11839957452
-78.9985 0.963931309009
-78.7985 1.02456325221
-78.5985 1.01544840409
-78.3984 0.962344490646
-78.1984 1.10541551401
-77.9984 1.03736149833
-77.7984 1.10552781875
-77.5983 0.892865190617
-77.3983 0.905007383255
-77.1983 0.945246587843
-76.9982 1.08549020216
-76.7982 0.945679354259
-76.5982 1.06473499129
-76.3981 1.03495235828
-76.1981 1.01671455889
-75.9981 1.0464393309
-75.798 1.14255579072
-75.598 1.05481411626
-75.398 1.15147771327
-75.198 0.78757240125
-74.9979 1.04906788014
-74.7979 1.25992243501
-74.5978 0.90634997367
-74.3978 1.06720967098
-74.1978 0.98142309202
-73.9977 0.946564784214
-73.7977 0.998290843035
-73.5977 0.879310916911
-73.3976 0.845601603009
-73.1976 0.867746877302
-72.9976 1.12411954994
-72.7975 0.992173268561
-72.5975 1.08720132043
-72.3975 0.930587789657
-72.1974 1.1085758577
-71.9974 1.11938685105
-71.7973 1.02865247581
-71.5973 1.01359914559
-71.3973 1.02840432571
-71.1972 0.951931502157
-70.9972 1.04951848937
-70.7972 1.00669035007
-70.5971 1.04564658331
-70.3971 1.16037437969
-70.197 0.977698580714
-69.997 1.07750890487
-69.797 0.911314794617
-69.5969 1.11650467648
-69.3969 1.02227593223
-69.1968 1.09107205877
-68.9968 0.904654647754
-68.7968 0.838292710798
-68.5967 0.907983180359
-68.3967 0.952876810143
-68.1966 0.865714082754
-67.9966 1.05185073835
-67.7965 0.926386644156
-67.5965 1.00102924275
-67.3965 0.935484150899
-67.1964 1.00781573042
-66.9964 0.926227907421
-66.7963 1.29719003676
-66.5963 1.12067266817
-66.3962 1.10565482865
-66.1962 0.834602695042
-65.9961 0.877450733033
-65.7961 0.839180306333
-65.5961 1.033877544
-65.396 1.05658562156
-65.196 0.868788889568
-64.9959 1.01055565282
-64.7959 0.966175452662
-64.5958 0.950205118838
-64.3958 0.872852293953
-64.1957 0.956178541882
-63.9957 0.878514166239
-63.7956 0.960570351422
-63.5956 0.850816824956
-63.3955 0.916940316469
-63.1955 1.04726284916
-62.9954 0.97055264451
-62.7954 1.00625840424
-62.5953 0.953102698959
-62.3953 1.08772855226
-62.1952 1.07649860144
-61.9952 1.05293199143
-61.7951 1.00861081187
-61.5951 1.05327286996
-61.395 1.19327684319
-61.195 1.03658259593
-60.9949 1.0756785083
-60.7949 1.13670233122
-60.5948 1.08574954724
-60.3948 0.981328627722
-60.1947 0.962996083843
-59.9947 1.02100276704
-59.7946 0.918609677209
-59.5946 0.941824484527
-59.3945 1.06841145775
-59.1944 0.964541536345
-58.9944 0.973274212226
-58.7943 0.970053817806
-58.5943 1.07867991628
-58.3942 0.811345908521
-58.1942 0.951114672697
-57.9941 1.0829841797
-57.7941 1.11376250112
-57.594 1.03423551499
-57.3939 0.943457042641
-57.1939 0.927529373867
-56.9938 0.956483335717
-56.7938 0.981129074418
-56.5937 1.14574729149
-56.3937 0.886233394237
-56.1936 0.957176863293
-55.9935 1.07746804825
-55.7935 0.892619424768
-55.5934 1.0492129095
-55.3934 1.18118229229
-55.1933 0.993554635277
-54.9932 0.875228972536
-54.7932 0.757279495421
-54.5931 0.943118837785
-54.3931 0.934539903323
-54.193 0.92337281204
-53.9929 1.14299098602
-53.7929 0.907260087898
-53.5928 1.0105736808
-53.3928 1.08792989688
-53.1927 1.1135247568
-52.9926 1.08115145203
-52.7926 1.03039363662
-52.5925 1.14385833172
-52.3924 0.776029234476
-52.1924 0.924951112272
-51.9923 0.95473080866
-51.7922 0.932136141892
-51.5922 0.783445529758
-51.3921 1.10292322057
-51.1921 1.03533340276
-50.992 1.08077612905
-50.7919 0.96457460884
-50.5919 1.03203223572
-50.3918 1.0424749046
-50.1917 1.07860045764
-49.9917 1.02361663497
-49.7916 1.01988531385
-49.5915 0.879398313901
-49.3915 0.831450000124
-49.1914 0.987340385906
-48.9913 1.04469773334
-48.7913 1.16892609531
-48.5912 0.784381133677
-48.3911 0.994003751334
-48.191 1.03126765154
-47.991 0.861337748153
-47.7909 0.975439232693
-47.5908 0.957995581576
-47.3908 0.912797107305
-47.1907 0.824311956299
-46.9906 0.957199403234
-46.7906 1.05933631827
-46.5905 0.957070760772
-46.3904 0.958629100038
-46.1903 0.905167765366
-45.9903 1.25577658776
-45.7902 1.02297303169
-45.5901 0.842816080849
-45.3901 1.0928679019
-45.19 0.988692085193
-44.9899 0.984608651961
-44.7898 0.976736006514
-44.5898 1.09436383086
-44.3897 0.806624211666
-44.1896 0.903737826214
-43.9895 0.970398289504
-43.7895 0.774882207718
-43.5894 0.965245742268
-43.3893 0.739401034947
-43.1892 0.931072877894
-42.9892 0.942751341593
-42.7891 1.06670011234
-42.589 1.03345460395
-42.3889 1.03899970504
-42.1889 0.899258446432
-41.9888 0.950850677573
-41.7887 0.965655065036
-41.5886 0.912498221492
-41.3885 1.06846967792
-41.1885 0.869209499716
-40.9884 0.911021444458
-40.7883 0.87544153718
-40.5882 1.11067747477
-40.3881 0.9895004898
-40.1881 0.991902614054
-39.988 0.916876125815
-39.7879 0.947470283619
-39.5878 1.00561744523
-39.3877 1.0169601361
-39.1877 0.841444433249
-38.9876 0.907877867732
-38.7875 0.911884408409
-38.5874 0.938112124795
-38.3873 0.971891143916
-38.1873 0.9810816574
-37.9872 0.772617341837
-37.7871 1.0196646832
-37.587 1.00692660805
-37.3869 0.818556710518
-37.1868 1.01402361856
-36.9868 1.0820929999
-36.7867 1.13007720726
-36.5866 0.864570040677
-36.3865 1.17494310644
-36.1864 1.10409415732
-35.9863 1.08974457941
-35.7862 0.948800822272
-35.5862 0.912105213576
-35.3861 0.984517946276
-35.186 0.991559501141
-34.9859 0.888078716617
-34.7858 0.705839589172
-34.5857 0.855850133216
-34.3856 1.04401120787
-34.1856 0.852776543969
-33.9855 1.02694985776
-33.7854 0.842534534756
-33.5853 1.05155639765
-33.3852 1.00166352618
-33.1851 0.796089923745
-32.985 0.843057233203
-32.7849 0.886366458927
-32.5848 1.00022755169
-32.3847 0.893123222189
-32.1847 0.964891485673
-31.9846 0.817225654606
-31.7845 0.852813168008
-31.5844 1.09499046352
-31.3843 0.832839584211
-31.1842 0.989390539285
-30.9841 1.0700582166
-30.784 1.04721803981
-30.5839 1.07254925939
-30.3838 0.840931589301
-30.1837 0.990477906664
-29.9836 0.995837398734
-29.7836 1.24179440478
-29.5835 0.919528808118
-29.3834 0.956292046342
-29.1833 0.879406769405
-28.9832 1.11475508294
-28.7831 1.15476590464
-28.583 0.932311077107
-28.3829 0.925934669471
-28.1828 0.797828498613
-27.9827 0.78760653822
-27.7826 0.930119347821
-27.5825 0.922960030515
-27.3824 0.931440032527
-27.1823 0.970406627532
-26.9822 0.968895619997
-26.7821 0.798954001139
-26.582 0.839592542383
-26.3819 0.866539575004
-26.1818 0.719801700749
-25.9817 0.990580289221
-25.7816 0.705622408673
-25.5815 0.78419386244
-25.3814 0.973980003136
-25.1813 0.911270335918
-24.9812 0.917408311255
-24.7811 1.04661884207
-24.581 0.758528838559
-24.3809 0.766932120477
-24.1808 0.960691389633
-23.9807 0.978631038778
-23.7806 0.934499464042
-23.5805 0.946101757526
-23.3804 0.751834175883
-23.1803 0.73291269769
-22.9802 0.874601059784
-22.7801 1.02263985243
-22.58 0.90128248482
-22.3799 0.820200401315
-22.1798 0.739590519712
-21.9797 0.769360278039
-21.7796 0.928694980773
-21.5795 0.98732194525
-21.3794 1.13161719455
-21.1793 1.0455804059
-20.9792 0.964660721723
-20.7791 0.825222386398
-20.579 0.957729271497
-20.3789 1.05770038834
-20.1787 1.01661418056
-19.9786 0.864954799622
-19.7785 1.12549571791
-19.5784 0.949719257788
-19.3783 0.753218580411
-19.1782 1.13883172427
-18.9781 0.619855412565
-18.778 0.743112544264
-18.5779 1.16809540148
-18.3778 1.08006646357
-18.1777 0.928042753862
-17.9776 0.920075655287
-17.7774 0.976975992933
-17.5773 0.934800773765
-17.3772 0.784025628063
-17.1771 1.41895451568
-16.977 0.979095002337
-16.7769 0.879812009277
-16.5768 0.852341892533
-16.3767 0.738315599693
-16.1766 0.901037531581
-15.9764 0.905562788999
-15.7763 0.844160482725
-15.5762 0.74039118644
-15.3761 0.841410364931
-15.176 0.783794259132
-14.9759 1.09208340075
-14.7758 0.864659190125
-14.5757 0.799465139701
-14.3755 0.810511962447
-14.1754 0.822134416957
-13.9753 1.07758061024
-13.7752 1.09420427931
-13.5751 0.972186554676
-13.375 0.758396302669
-13.1749 1.11317783809
-12.9747 0.642476759621
-12.7746 0.834664099195
-12.5745 0.816368077376
-12.3744 0.773499749445
-12.1743 0.972398981703
-11.9742 0.868306298961
-11.774 1.05199524312
-11.5739 0.730959280768
-11.3738 0.819389001081
-11.1737 0.59697901294
-10.9736 0.818050978362
-10.7734 1.04573157428
-10.5733 0.782764386737
-10.3732 0.998046240055
-10.1731 0.497335583067
-9.97296 1.14559905174
-9.77284 1.16247418169
-9.57272 0.802466204774
-9.3726 0.768515715263
-9.17248 0.8395548509
-8.97236 0.708923835771
-8.77224 1.04449291713
-8.57211 0.855997814292
-8.37199 0.770030405307
-8.17187 0.846875468876
-7.97175 1.0330760107
-7.77163 0.835677850471
-7.5715 0.805548860266
-7.37138 0.839857089488
-7.17125 0.653529664652
-6.97113 0.810377359083
-6.77101 0.539301697728
-6.57088 0.566205034704
-6.37076 0.64277772775
-6.17063 0.0706239394793
-5.97051 0.6077863906
-5.77038 0.816332585354
-5.57025 0.383375313547
-5.37013 0.621027318736
-5.17 0.612926431202
-4.96987 0.721657176007
-4.76975 0.556531909273
-4.56962 0.588604464129
-4.36949 0.397851174935
-4.16937 0.553224149699
-3.96924 0.243266815984
-3.76911 0.316513713359
-3.56898 0.881519404566
-3.36885 0.649896832049
-3.16872 0.837724964459
-2.96859 0.23215804481
-2.76846 0.728286301053
-2.56833 0.569602833464
-2.3682 0.451917487082
-2.16807 0.174535570956
-1.96794 0.0726830890403
-1.76781 0.455948737933
-1.56768 0.293730486573
-1.36755 0.882768964412
-1.16742 0.189670472011
-0.967284 0.16974353704
-0.767152 0.22629262306
-0.567019 0.0655528991
-0.366886 0.301256354262
-0.166753 0.218512904842
0.0333802 -0.0178553182294
0.233514 0.0760949736232
0.433648 0.394210524253
0.633782 0.156511943653
0.833917 0.610065997307
1.03405 0.0514958685309
1.23419 0.0981366258834
1.43432 0.477142141509
1.63446 0.414670431867
1.83459 0.25469795906
2.03473 0.0932407537039
2.23487 0.101282177074
2.435 0.368527689679
2.63514 0.203102084138
2.83528 0.108449321
3.03541 0.384599188074
3.23555 0.664554684398
3.43569 0.642895680064
3.63583 0.189452844592
3.83597 0.211719228741
4.0361 0.109489415055
4.23624 0.196131903439
4.43638 -0.0407129841244
4.63652 0.0767132836213
4.83666 0.0996720739652
5.0368 0.205056685485
5.23694 0.215512450138
5.43708 0.0356157793462
5.63722 -0.0686583682594
5.83737 0.448080012477
6.03751 0.311261074349
6.23765 0.089179944837
6.43779 0.115079533484
6.63793 0.224882681592
6.83808 0.231618562454
7.03822 0.121159109816
7.23836 0.113782317794
7.4385 0.26917228106
7.63865 0.251957809959
7.83879 0.353890397301
8.03894 0.132535883002
8.23908 0.53703026209
8.43923 0.483782213351
8.63937 0.10701263187
8.83951 0.188448181583
9.03966 0.494688293419
9.23981 0.428428303018
9.43995 0.0606752495621
9.6401 0.379681555379
9.84025 0.266269384436
10.0404 0.274572107197
10.2405 0.396337545251
10.4407 0.0976727792967
10.6408 0.0592779467154
10.841 0.211669852905
11.0411 0.240120855103
11.2413 0.107571569206
11.4414 0.531765191338
11.6416 0.413550107317
11.8417 0.404153155421
12.0419 0.51215954338
12.242 0.393527370795
12.4422 0.532532685853
12.6423 0.704218228174
12.8425 0.948757074815
13.0426 0.634272278705
13.2428 1.01291088091
13.4429 1.00576930398
13.6431 0.738030675199
13.8432 0.529547690381
14.0434 0.546473849012
14.2435 0.812362836095
14.4437 0.578515027516
14.6438 0.770843609889
14.844 0.600641899696
15.0441 0.90302521476
15.2443 0.975759061066
15.4445 0.824936388318
15.6446 0.81373196475
15.8448 1.1709117771
16.0449 0.858718728484
16.2451 0.507603186421
16.4452 1.01504247268
16.6454 0.72995668796
16.8455 0.573830491018
17.0457 0.712316942714
17.2459 0.714933628037
17.446 0.89515225608
17.6462 0.945130923475
17.8463 0.769725674456
18.0465 0.805108656724
18.2466 0.890274541294
18.4468 1.13605160374
18.647 0.904475913708
18.8471 1.12391560362
19.0473 0.98587949938
19.2474 0.869870314457
19.4476 0.741677362761
19.6478 0.890674465027
19.8479 1.05429970108
20.0481 0.851978411713
20.2482 1.0153417004
20.4484 0.858038103817
20.6486 0.919284197533
20.8487 0.933642329937
21.0489 0.912448851728
21.249 0.883131133019
21.4492 0.864322917733
21.6494 0.988380032091
21.8495 0.960256605246
22.0497 1.2183032778
22.2498 1.06712004938
22.45 1.12613631873
22.6502 1.10551336493
22.8503 0.990952524179
23.0505 0.922542948367
23.2507 0.876814342754
23.4508 0.803214022563
23.651 0.99356458099
23.8512 1.01391440585
24.0513 0.835716748801
24.2515 0.724574542979
24.4517 1.08688547566
24.6518 1.10913994377
24.852 0.856973263744
25.0522 0.859320382215
25.2523 0.83318211559
25.4525 1.07505811058
25.6527 1.19551891988
25.8528 1.01447391614
26.053 1.00716273488
26.2532 1.06111360931
26.4533 1.03533509301
26.6535 0.956839773404
26.8537 0.801326723441
27.0538 0.848761828427
27.254 1.05529426293
27.4542 1.02944422797
27.6544 0.900581287431
27.8545 0.876732437319
28.0547 1.14722830066
28.2549 0.89696106639
28.455 0.951530366049
28.6552 1.25252541895
28.8554 1.03970815442
29.0556 0.996779603507
29.2557 1.02435922845
29.4559 1.10106309907
29.6561 0.949746106067
29.8562 0.74921116782
30.0564 1.06953730498
30.2566 1.1351628006
30.4568 1.00396167914
30.6569 1.01969180723
30.8571 0.83670654603
31.0573 0.965796453841
31.2575 1.03225728853
31.4576 0.979505870881
31.6578 1.05771913048
31.858 1.01572692906
32.0582 0.890679190858
32.2583 1.05556365262
32.4585 0.866988894184
32.6587 0.842688841091
32.8589 0.935512404652
33.0591 0.957382869691
33.2592 1.02516423755
33.4594 0.862572642349
33.6596 0.738669091055
33.8598 1.0588866617
34.0599 1.03542383831
34.2601 1.10296643985
34.4603 0.986145076751
34.6605 0.902547538607
34.8607 0.946197057061
35.0608 0.784314904565
35.261 1.10251147359
35.4612 1.03935306783
35.6614 0.921993143455
35.8616 0.78883481278
36.0617 1.04096057894
36.2619 1.02886334406
36.4621 1.08330864846
36.6623 0.971196515587
36.8625 0.795923224335
37.0627 1.09502323936
37.2628 1.03598830142
37.463 0.735120601109
37.6632 0.991550953677
37.8634 0.92039233659
38.0636 0.891377948639
38.2638 1.14951009475
38.4639 0.977330976629
38.6641 0.918224428191
38.8643 1.07454898592
39.0645 1.07535133818
39.2647 1.02957241573
39.4649 1.1011867467
39.6651 1.15108482074
39.8652 0.943832025376
40.0654 1.19986997514
40.2656 0.994149556333
40.4658 1.27916763377
40.666 1.13411478124
40.8662 0.853962719098
41.0664 0.91409971461
41.2666 0.98983387019
41.4668 0.941112597438
41.6669 1.00947262653
41.8671 0.954880166953
42.0673 0.909468679653
42.2675 0.940444567465
42.4677 0.912697989706
42.6679 0.956553011899
42.8681 1.08225866349
43.0683 1.07977316648
43.2685 1.0188835981
43.4687 1.10955815011
43.6688 1.21109225977
43.869 1.00210867816
44.0692 0.966777876782
44.2694 1.08753350024
44.4696 1.02274141535
44.6698 1.07691808675
44.87 0.995751425264
45.0702 0.825020853278
45.2704 0.896701609184
45.4706 1.08666444856
45.6708 0.998255325444
45.871 0.90185849107
46.0712 1.05154126167
46.2714 1.10900855104
46.4716 0.921610758694
46.6718 0.953675475181
46.8719 0.884905947528
47.0721 0.837509113569
47.2723 1.09011357847
47.4725 0.971608633251
47.6727 0.926007389514
47.8729 1.0104493068
48.0731 0.954466647902
48.2733 0.872809471391
48.4735 1.00628366845
48.6737 1.15133753327
48.8739 0.936851519778
49.0741 0.995346906949
49.2743 1.01722354928
49.4745 1.11925502628
49.6747 0.802543247881
49.8749 1.0918655466
50.0751 0.915860391734
50.2753 0.922007879392
50.4755 0.93921505933
50.6757 1.00124280715
50.8759 0.981159111332
51.0761 0.90033352472
51.2763 0.952169509073
51.4765 0.962334151491
51.6767 0.957963237093
51.8769 1.05799452468
52.0771 0.986501128566
52.2773 0.985917431365
52.4775 1.15053553114
52.6777 0.975894289106
52.8779 0.862603705446
53.0782 0.941232658893
53.2784 1.05259840915
53.4786 1.03845812816
53.6788 0.938723190735
53.879 0.828627428176
54.0792 0.943615218619
54.2794 0.905619174944
54.4796 0.991678694024
54.6798 0.924062833163
54.88 1.16329149603
55.0802 1.08581423096
55.2804 1.01691428669
55.4806 1.05312266966
55.6808 0.891909168076
55.881 0.84420954622
56.0812 0.98313406043
56.2815 1.01145701463
56.4817 0.895648374106
56.6819 0.880162149721
56.8821 1.12943794065
57.0823 0.948021675511
57.2825 1.11434686042
57.4827 0.998999544095
57.6829 0.877977048932
57.8831 0.82279457002
58.0833 0.918864878887
58.2836 0.912006695606
58.4838 0.922847066961
58.684 1.08902362734
58.8842 0.928085745851
59.0844 1.07408822826
59.2846 1.15140210381
59.4848 1.01721266941
59.685 0.879215696564
59.8853 0.786947270887
60.0855 0.959178356778
60.2857 0.892474420647
60.4859 1.03944897129
60.6861 1.08472234629
60.8863 0.852336347066
61.0865 1.06328375852
61.2868 1.09081514099
61.487 0.896671807468
61.6872 0.879743038526
61.8874 0.907331982954
62.0876 1.02364722202
62.2878 1.0463296709
62.4881 0.8335560813
62.6883 1.12877543293
62.8885 1.00473665032
63.0887 0.997313673926
63.2889 0.987988108939
63.4891 0.933845881912
63.6894 0.873580537428
63.8896 1.01680201996
64.0898 1.09615835952
64.29 0.842619596676
64.4902 1.12861057948
64.6905 0.919078748165
64.8907 0.8976565132
65.0909 0.983723627209
65.2911 1.10319470472
65.4913 0.983534567658
65.6916 0.994309789299
65.8918 1.01853553602
66.092 0.959738692165
66.2922 0.778725517419
66.4924 0.97490692377
66.6927 0.956579985636
66.8929 0.97048915071
67.0931 0.960810164385
67.2933 0.912914538355
67.4936 0.992820003153
67.6938 0.964024966931
67.894 0.977953566876
68.0942 0.938266545501
68.2945 1.01704582624
68.4947 0.914960651646
68.6949 0.984320361459
68.8951 1.05325464369
69.0954 1.17675741613
69.2956 1.05955828243
69.4958 0.819448435568
69.696 1.06319626629
69.8963 0.896163052189
70.0965 1.15194385485
70.2967 0.887390162923
70.4969 0.948796529195
70.6972 0.991572987753
70.8974 0.945385670201
71.0976 1.00628890788
71.2979 0.972778209367
71.4981 0.979908054501
71.6983 1.06429072353
71.8985 1.12411626105
72.0988 1.0805146996
72.299 1.20248751425
72.4992 1.01769931454
72.6995 0.886558319012
72.8997 0.994627068601
73.0999 0.954138064709
73.3002 1.12041272349
73.5004 1.02217140517
73.7006 0.983488181989
73.9009 0.949340015663
74.1011 1.02246417429
74.3013 1.14590328961
74.5016 1.1236289551
74.7018 1.22701841834
74.902 1.19598646365
75.1023 1.0998273821
75.3025 0.978545542832
75.5027 1.06918645325
75.703 0.891663572895
75.9032 1.09666319532
76.1034 0.908561975601
76.3037 1.08712995104
76.5039 0.942407655544
76.7041 1.05331791813
76.9044 0.895357220064
77.1046 1.03230459481
77.3048 0.863322206663
77.5051 1.08658927631
77.7053 0.930253285748
77.9056 1.11155203306
78.1058 0.883710477113
78.306 0.954232559827
78.5063 0.866016120792
78.7065 1.06532419455
78.9067 1.03649993839
79.107 1.1434321745
79.3072 1.06682658956
79.5075 1.04235860471
79.7077 0.917866355868
79.9079 1.11505509067
80.1082 1.11267874493
80.3084 1.01491443623
80.5087 1.10901197827
80.7089 0.960739220237
80.9091 0.864145783333
81.1094 1.07527663556
81.3096 1.03649436694
81.5099 0.986209821246
81.7101 1.04303261409
81.9104 0.960000293945
82.1106 1.0414501033
82.3108 0.898545468546
82.5111 0.939481364225
82.7113 1.07141422158
82.9116 0.847646691571
83.1118 1.13746375087
83.3121 1.13387278465
83.5123 0.996504676322
83.7126 1.02241625154
83.9128 1.05691523902
84.113 1.13951025653
84.3133 1.13915195969
84.5135 1.00991414463
84.7138 1.0415143891
84.914 0.966654099767
85.1143 0.914046681696
85.3145 0.897932403365
85.5148 1.04157420841
85.715 0.97765661655
85.9153 1.07814557623
86.1155 0.975587442666
86.3158 1.05001109498
86.516 0.895821369788
86.7163 0.969530125365
86.9165 1.16777611551
87.1168 0.835551741728
87.317 0.952413237124
87.5173 0.978655296452
87.7175 0.919687401291
87.9178 1.08466458994
88.118 1.17946862024
88.3183 0.94797643857
88.5185 1.05191868066
88.7188 0.927776077602
88.919 1.00899314388
89.1193 1.14898526472
89.3195 1.10736509423
89.5198 0.894978859715
89.72 0.882083777332
89.9203 1.009451769
90.1205 1.04438816814
90.3208 0.936877167301
90.521 0.918652786383
90.7213 0.907460586217
90.9216 1.07489459346
91.1218 0.952210708582
91.3221 1.08144109384
91.5223 0.962277353877
91.7226 1.15199276109
91.9228 0.986325741385
92.1231 0.925720624753
92.3233 0.880183717992
92.5236 1.02033518637
92.7239 0.965475836953
92.9241 1.07893954929
93.1244 1.1290978657
93.3246 1.01887103842
93.5249 1.0766447107
93.7252 0.993640159649
93.9254 1.006167073
94.1257 1.03746229806
94.3259 1.0544013002
94.5262 1.01224415302
94.7264 0.932325946302
94.9267 0.946712280257
95.127 1.08991862966
95.3272 0.951182810559
95.5275 0.970884514678
95.7278 0.952353896103
95.928 0.90304157651
96.1283 0.917096622044
96.3285 1.12850446275
96.5288 0.86965652779
96.7291 1.06137091829
96.9293 0.845594101421
97.1296 1.02706906633
97.3298 1.07075663667
97.5301 0.864153045644
97.7304 0.879360785362
97.9306 0.962328895723
98.1309 1.03724175904
98.3312 0.997790623915
98.5314 1.11307376413
98.7317 1.06558542032
98.932 0.840030366876
99.1322 1.04998628323
99.3325 1.22761261825
99.5328 0.618871224627
99.733 0.922200501946
99.9333 1.08432193365
