-100.0 0.987062338206
-99.8 0.929875462656
-99.6 1.00251300768
-99.4 0.975362779123
-99.2 0.961936271705
-99.0 0.966941246761
-98.8 1.09677423736
-98.6 0.946099047774
-98.4 1.02082260885
-98.2 0.979796110005
-98.0 0.979716003113
-97.8 0.987700508324
-97.6 1.01068299697
-97.4 0.954437593052
-97.2 1.01403496577
-97.0 0.934435601568
-96.8 0.954765012395
-96.6 0.966417274458
-96.4 0.963490633707
-96.2 0.955212741587
-95.9999 0.975461530245
-95.7999 1.01273991657
-95.5999 0.92590735164
-95.3999 0.995224034779
-95.1999 0.993359421818
-94.9999 1.03295459171
-94.7999 0.966155118832
-94.5999 0.992192197503
-94.3999 0.942717436325
-94.1999 1.00386539803
-93.9999 1.05315804923
-93.7999 1.06982035387
-93.5999 0.920200071163
-93.3999 1.02929746511
-93.1999 0.950970985118
-92.9998 0.986905438027
-92.7998 1.02786832272
-92.5998 0.954383639315
-92.3998 0.955540651513
-92.1998 1.07597617881
-91.9998 0.959170083297
-91.7998 0.9783027758
-91.5998 1.03606163037
-91.3998 0.984757799627
-91.1997 0.967413358859
-90.9997 1.03478203914
-90.7997 1.00552991385
-90.5997 1.03246633098
-90.3997 1.0386632377
-90.1997 0.98769831992
-89.9997 0.987975218886
-89.7997 0.927808866919
-89.5996 1.01046416049
-89.3996 1.05161351099
-89.1996 1.05257254317
-88.9996 0.982120120529
-88.7996 0.973813577072
-88.5996 0.992112335998
-88.3996 0.996804395166
-88.1995 0.997073266435
-87.9995 1.01238789061
-87.7995 1.02989910234
-87.5995 1.0069003076
-87.3995 1.07214702164
-87.1995 1.02494877175
-86.9994 1.02167025066
-86.7994 0.951479105245
-86.5994 0.928009566581
-86.3994 1.01355809503
-86.1994 1.04098695859
-85.9994 1.06424858303
-85.7993 0.959756586516
-85.5993 0.987616526229
-85.3993 0.917126977734
-85.1993 1.03149935797
-84.9993 0.984359012618
-84.7992 0.974445925056
-84.5992 1.02359800688
-84.3992 0.975088063184
-84.1992 0.966814405399
-83.9991 0.972063334605
-83.7991 1.02547793474
-83.5991 1.01102518696
-83.3991 1.01992603681
-83.1991 1.08331855099
-82.999 1.069584662
-82.799 0.990738982826
-82.599 0.960335853255
-82.399 0.972263129843
-82.1989 1.02890652018
-81.9989 1.07250967112
-81.7989 0.968301400991
-81.5989 1.0533144479
-81.3988 1.06074498683
-81.1988 1.01341329532
-80.9988 1.10724426349
-80.7988 1.01711504289
-80.5987 1.07903198417
-80.3987 1.06380800811
-80.1987 1.05824972107
-79.9987 0.986731189316
-79.7986 0.995128247585
-79.5986 0.928415015195
-79.3986 1.0247554506
-79.1986 1.00694787107
-78.9985 1.030968202
-78.7985 1.092567046
-78.5985 1.0026934192
-78.3984 0.97478875664
-78.1984 0.993092493925
-77.9984 1.04457292616
-77.7984 1.00858162868
-77.5983 1.01089991413
-77.3983 0.975938274619
-77.1983 0.969367576995
-76.9982 0.991486233362
-76.7982 1.0033137299
-76.5982 1.04568364446
-76.3981 0.958799927216
-76.1981 0.998413616829
-75.9981 1.05340569072
-75.798 1.01076406976
-75.598 1.00392693614
-75.398 0.967936003783
-75.198 1.045201214
-74.9979 1.01428813191
-74.7979 0.993988223067
-74.5978 0.987971693018
-74.3978 1.01724790527
-74.1978 0.91313562168
-73.9977 1.0201004011
-73.7977 0.968449860105
-73.5977 1.01400296947
-73.3976 0.987131888043
-73.1976 0.96507720041
-72.9976 0.997344372164
-72.7975 1.05652558089
-72.5975 1.04299940763
-72.3975 0.971281632686
-72.1974 1.00237922365
-71.9974 0.985416004615
-71.7973 0.9656630162
-71.5973 0.990487169875
-71.3973 1.02303386854
-71.1972 0.916888648537
-70.9972 0.939281790941
-70.7972 1.01074703312
-70.5971 1.04408046126
-70.3971 0.988592364768
-70.197 0.97421663451
-69.997 0.976523650064
-69.797 0.963166061671
-69.5969 0.963376502248
-69.3969 1.04935851274
-69.1968 1.02843224522
-68.9968 0.958185405447
-68.7968 0.960600530857
-68.5967 1.03519169253
-68.3967 1.02682690305
-68.1966 1.02960709257
-67.9966 0.988686991735
-67.7965 1.0019660376
-67.5965 1.02088183001
-67.3965 1.0002959609
-67.1964 1.03214692822
-66.9964 0.962624848845
-66.7963 1.01300223359
-66.5963 1.00983650537
-66.3962 0.924649533573
-66.1962 1.02537594246
-65.9961 1.07403932406
-65.7961 0.972991681892
-65.5961 0.947061322706
-65.396 1.04161189741
-65.196 0.974060943237
-64.9959 0.942744901484
-64.7959 1.01912137273
-64.5958 0.993982675448
-64.3958 0.985744948431
-64.1957 1.03725596753
-63.9957 1.05138954788
-63.7956 0.98461199312
-63.5956 0.950546766087
-63.3955 1.02337660684
-63.1955 1.04343734946
-62.9954 0.979946257993
-62.7954 0.961037417407
-62.5953 0.987470150924
-62.3953 1.03405024412
-62.1952 1.03174657266
-61.9952 1.01033511038
-61.7951 1.01970465753
-61.5951 1.02430199355
-61.395 0.943008382712
-61.195 0.966823237233
-60.9949 0.964551032895
-60.7949 0.986282802407
-60.5948 0.960156202249
-60.3948 1.02841268734
-60.1947 1.00738403759
-59.9947 1.00619238614
-59.7946 1.04356567431
-59.5946 0.966871326473
-59.3945 1.02220102998
-59.1944 0.975431732236
-58.9944 1.03860610243
-58.7943 0.976425629965
-58.5943 0.980761167417
-58.3942 0.957565549968
-58.1942 1.03870054119
-57.9941 0.918580830302
-57.7941 1.03258052104
-57.594 1.05596009551
-57.3939 0.99426302425
-57.1939 0.979925873108
-56.9938 0.982425277585
-56.7938 1.00428952793
-56.5937 1.05102431219
-56.3937 0.925847902801
-56.1936 0.978656968193
-55.9935 0.979592976433
-55.7935 1.0146260047
-55.5934 1.01249236669
-55.3934 0.949653970977
-55.1933 0.899871656133
-54.9932 0.931320094675
-54.7932 0.950025704017
-54.5931 0.868063373781
-54.3931 0.691079163894
-54.193 0.780512113831
-53.9929 0.681416817356
-53.7929 0.796900614493
-53.5928 0.841699167451
-53.3928 0.781965266542
-53.1927 0.897844026003
-52.9926 0.970243435627
-52.7926 0.912307374039
-52.5925 0.946805671903
-52.3924 0.965795989171
-52.1924 0.900576053986
-51.9923 0.901759397937
-51.7922 0.937576301783
-51.5922 0.934542393982
-51.3921 0.897627723706
-51.1921 0.918150662749
-50.992 0.948314674897
-50.7919 0.918849684616
-50.5919 0.922205459719
-50.3918 0.932348022866
-50.1917 0.877006409107
-49.9917 1.00247207243
-49.7916 0.97114004175
-49.5915 0.856305712469
-49.3915 0.902668216643
-49.1914 0.829170851698
-48.9913 0.877063621164
-48.7913 0.858642108938
-48.5912 0.913118656713
-48.3911 0.938867493962
-48.191 0.861840554756
-47.991 0.839149895952
-47.7909 0.861977082191
-47.5908 0.915972014138
-47.3908 0.942361863397
-47.1907 0.945675000615
-46.9906 0.828797414226
-46.7906 0.861320345152
-46.5905 0.883243377003
-46.3904 0.803642820486
-46.1903 0.816601352773
-45.9903 0.878795090347
-45.7902 0.711178049887
-45.5901 0.777715594811
-45.3901 0.785891891005
-45.19 0.808322799561
-44.9899 0.898922707089
-44.7898 0.780419937842
-44.5898 0.809035711336
-44.3897 0.733254543484
-44.1896 0.819925754973
-43.9895 0.808505555339
-43.7895 0.808749238234
-43.5894 0.809386492185
-43.3893 0.815147004837
-43.1892 0.793099301649
-42.9892 0.810622522395
-42.7891 0.708226413847
-42.589 0.814870784913
-42.3889 0.750455032243
-42.1889 0.80889242855
-41.9888 0.677364452745
-41.7887 0.815970138279
-41.5886 0.759104211747
-41.3885 0.770612450033
-41.1885 0.737505665742
-40.9884 0.784406434657
-40.7883 0.776904115206
-40.5882 0.768755977045
-40.3881 0.813629591126
-40.1881 0.785593638807
-39.988 0.778773746343
-39.7879 0.750227928612
-39.5878 0.7574824222
-39.3877 0.739784207647
-39.1877 0.813579418658
-38.9876 0.847616892919
-38.7875 0.805581168113
-38.5874 0.799832045092
-38.3873 0.895563418987
-38.1873 0.692454872476
-37.9872 0.833556084047
-37.7871 0.877502383921
-37.587 0.804816009878
-37.3869 0.810421711906
-37.1868 0.773465358032
-36.9868 0.735967337483
-36.7867 0.795790336962
-36.5866 0.784801140918
-36.3865 0.782592182291
-36.1864 0.81245463462
-35.9863 0.828873243133
-35.7862 0.835567570109
-35.5862 0.752368686368
-35.3861 0.850119398584
-35.186 0.875685606333
-34.9859 0.875120929353
-34.7858 0.939817544455
-34.5857 0.884561450025
-34.3856 0.902404636016
-34.1856 0.867762586316
-33.9855 0.880928543433
-33.7854 0.79458955185
-33.5853 0.924163858218
-33.3852 0.921712284855
-33.1851 0.915745073776
-32.985 0.807025823094
-32.7849 0.771015752032
-32.5848 0.811837110561
-32.3847 0.840485058604
-32.1847 0.775474192568
-31.9846 0.698842927036
-31.7845 0.740521364016
-31.5844 0.788838554894
-31.3843 0.866647081137
-31.1842 0.878270032488
-30.9841 0.821580501742
-30.784 0.919416102042
-30.5839 0.870324889339
-30.3838 0.75562539955
-30.1837 0.903536050904
-29.9836 0.841571684961
-29.7836 0.854471740411
-29.5835 0.948491118159
-29.3834 0.916179578496
-29.1833 0.836501621011
-28.9832 0.919649441997
-28.7831 0.779083284722
-28.583 0.85670888015
-28.3829 0.868048348861
-28.1828 0.871687379897
-27.9827 0.835865247135
-27.7826 0.923996571646
-27.5825 0.803392213649
-27.3824 0.891458551874
-27.1823 0.850378297345
-26.9822 0.967364307602
-26.7821 0.916933446345
-26.582 0.855842656977
-26.3819 0.825049253805
-26.1818 0.845654166536
-25.9817 0.84355405644
-25.7816 0.930104580484
-25.5815 0.884162771268
-25.3814 0.833494809417
-25.1813 0.832762704551
-24.9812 0.906909568471
-24.7811 0.859750584196
-24.581 0.924622500908
-24.3809 0.831535641187
-24.1808 0.893187600366
-23.9807 0.83961832478
-23.7806 0.830664327398
-23.5805 0.795865840216
-23.3804 0.793687308843
-23.1803 0.859708275074
-22.9802 0.826682513176
-22.7801 0.895134097209
-22.58 0.82323254152
-22.3799 0.889631016556
-22.1798 0.796570165084
-21.9797 0.876052993758
-21.7796 0.880094972889
-21.5795 0.900203105302
-21.3794 0.911668344777
-21.1793 0.812942517184
-20.9792 0.811253152397
-20.7791 0.801014116694
-20.579 0.772927695695
-20.3789 0.790522172895
-20.1787 0.800557274759
-19.9786 0.769670386114
-19.7785 0.726626946513
-19.5784 0.635201109459
-19.3783 0.580493372695
-19.1782 0.692431668085
-18.9781 0.648966957539
-18.778 0.704289312022
-18.5779 0.717029810226
-18.3778 0.649533022582
-18.1777 0.764252709727
-17.9776 0.727005057619
-17.7774 0.727380119911
-17.5773 0.747212207788
-17.3772 0.900297428107
-17.1771 0.669933601428
-16.977 0.884227885217
-16.7769 0.541142805118
-16.5768 0.729997669684
-16.3767 0.708936510652
-16.1766 0.617548693438
-15.9764 0.732279750705
-15.7763 0.772635893574
-15.5762 0.793766792599
-15.3761 0.781651581126
-15.176 0.774169111403
-14.9759 0.740826591027
-14.7758 0.700337653727
-14.5757 0.68066254585
-14.3755 0.758448125233
-14.1754 0.768934469066
-13.9753 0.69351566715
-13.7752 0.632390418888
-13.5751 0.631661120041
-13.375 0.69034533708
-13.1749 0.509999466099
-12.9747 0.605432726994
-12.7746 0.652124364315
-12.5745 0.448731447085
-12.3744 0.647284936781
-12.1743 0.486752148466
-11.9742 0.437348502896
-11.774 0.519118193307
-11.5739 0.493840922575
-11.3738 0.502251875179
-11.1737 0.533541583054
-10.9736 0.323436733469
-10.7734 0.279329611333
-10.5733 0.311971772905
-10.3732 0.158816182999
-10.1731 0.0886799799083
-9.97296 0.114800097133
-9.77284 0.240027511469
-9.57272 0.0329462177693
-9.3726 0.128900101702
-9.17248 0.0216863004478
-8.97236 0.10081985478
-8.77224 0.357879276354
-8.57211 0.200469698864
-8.37199 0.150331278512
-8.17187 0.183468142416
-7.97175 0.276710227607
-7.77163 0.153709544294
-7.5715 0.16781772498
-7.37138 0.297176629139
-7.17125 0.445768856127
-6.97113 0.427521746746
-6.77101 0.432512809099
-6.57088 0.559022543108
-6.37076 0.480956740607
-6.17063 0.406419335092
-5.97051 0.495592964528
-5.77038 0.4079518997
-5.57025 0.636323040359
-5.37013 0.327505836168
-5.17 0.536907990027
-4.96987 0.431170170933
-4.76975 0.305749246599
-4.56962 0.312590992471
-4.36949 0.083744577023
-4.16937 0.454153820782
-3.96924 0.145199168426
-3.76911 0.185284363105
-3.56898 0.0393488043361
-3.36885 0.128658471821
-3.16872 0.252114569301
-2.96859 0.297753756985
-2.76846 0.148903338235
-2.56833 0.0443967828634
-2.3682 0.102979493344
-2.16807 0.290047369216
-1.96794 0.0844650885161
-1.76781 0.175197815321
-1.56768 0.0412977128455
-1.36755 0.221908201332
-1.16742 0.254422068545
-0.967284 0.204502340115
-0.767152 0.203010352414
-0.567019 0.140511221369
-0.366886 0.271200160257
-0.166753 0.197555697355
0.0333802 0.303584675253
0.233514 0.168527998849
0.433648 0.224455703804
0.633782 0.233593244112
0.833917 0.041728231039
1.03405 0.121806710786
1.23419 0.201824001147
1.43432 0.246464631537
1.63446 0.141107143473
1.83459 0.102840718661
2.03473 0.0372838957508
2.23487 0.0108004489249
2.435 0.0548645559043
2.63514 0.118369689801
2.83528 0.107865955486
3.03541 0.19741837657
3.23555 0.183460172552
3.43569 0.0256095417709
3.63583 0.0578826006867
3.83597 0.128958200819
4.0361 0.136274254691
4.23624 0.185723976206
4.43638 -0.00509405388367
4.63652 0.0317696990706
4.83666 0.0258115140898
5.0368 -0.00908485816694
5.23694 0.0616750690107
5.43708 0.0142414572014
5.63722 -0.0274761059554
5.83737 0.0127451065002
6.03751 0.0863503799645
6.23765 0.0220258071679
6.43779 0.0199991772604
6.63793 0.00188054812503
6.83808 -0.00881926450703
7.03822 0.00558457024698
7.23836 0.00907425163347
7.4385 0.18332744512
7.63865 -0.00116578079247
7.83879 0.105740821361
8.03894 0.0110656596655
8.23908 0.00972897912429
8.43923 0.00584461658758
8.63937 0.11659857191
8.83951 0.0571130917311
9.03966 0.0927444826676
9.23981 0.171190715134
9.43995 0.210389958999
9.6401 0.195734849678
9.84025 0.23392347046
10.0404 0.108814195137
10.2405 0.253041827034
10.4407 0.216836600683
10.6408 0.0865312142886
10.841 0.164548809754
11.0411 0.0731345425912
11.2413 0.198919333451
11.4414 0.145925660674
11.6416 0.0660746592933
11.8417 0.0370208335861
12.0419 0.0321321082251
12.242 0.0877036590701
12.4422 0.034033910355
12.6423 -0.0142651084972
12.8425 0.211510490375
13.0426 0.331397685212
13.2428 0.0571448417737
13.4429 0.123054861879
13.6431 0.124860291483
13.8432 0.267439520075
14.0434 0.316528987838
14.2435 0.277690313614
14.4437 0.303647760513
14.6438 0.244274418409
14.844 0.287720460942
15.0441 0.27756039019
15.2443 0.374030515939
15.4445 0.410294688521
15.6446 0.483228566132
15.8448 0.387851541153
16.0449 0.344827059716
16.2451 0.591355290959
16.4452 0.512492414448
16.6454 0.578318193374
16.8455 0.587762280166
17.0457 0.590069462802
17.2459 0.713390909099
17.446 0.552320230182
17.6462 0.759895893239
17.8463 0.759706058322
18.0465 0.714237834853
18.2466 0.716014640452
18.4468 0.642871698486
18.647 0.496862665852
18.8471 0.484195903241
19.0473 0.697391834382
19.2474 0.486506795912
19.4476 0.537968053824
19.6478 0.54044426906
19.8479 0.432171469816
20.0481 0.36560488082
20.2482 0.379283842913
20.4484 0.372565670872
20.6486 0.430397005031
20.8487 0.206920538493
21.0489 0.481168821415
21.249 0.413602292892
21.4492 0.37543986838
21.6494 0.40702657773
21.8495 0.580806966231
22.0497 0.683389704482
22.2498 0.578510541157
22.45 0.538855275835
22.6502 0.60611278169
22.8503 0.703551770167
23.0505 0.745397155908
23.2507 0.739332631548
23.4508 0.850461188465
23.651 0.826238524003
23.8512 0.896459030119
24.0513 0.747021492547
24.2515 0.743194441523
24.4517 0.763608831675
24.6518 0.969810269712
24.852 0.887852674585
25.0522 0.90846801579
25.2523 0.916063231515
25.4525 0.896144348746
25.6527 0.844071283343
25.8528 0.911566554623
26.053 0.83912262198
26.2532 0.986722932759
26.4533 0.865366680691
26.6535 0.920403431461
26.8537 0.925468534203
27.0538 0.953438281183
27.254 0.978245137981
27.4542 1.02363553581
27.6544 1.02475121599
27.8545 0.902327598059
28.0547 1.01855065711
28.2549 0.879769943344
28.455 0.950086257262
28.6552 0.998457666296
28.8554 1.00549161169
29.0556 1.03145182049
29.2557 0.982741180381
29.4559 1.02717312217
29.6561 1.07735525557
29.8562 0.986797233889
30.0564 0.890755908528
30.2566 0.927155319279
30.4568 0.977119580491
30.6569 0.970229147205
30.8571 0.939935908238
31.0573 0.978675049597
31.2575 0.926860711482
31.4576 0.928492210636
31.6578 0.99973601202
31.858 0.985012570777
32.0582 1.02190421136
32.2583 1.02374565083
32.4585 0.883394294809
32.6587 1.09397265433
32.8589 1.03369228124
33.0591 1.01154917274
33.2592 0.975636876759
33.4594 1.00948143537
33.6596 1.03215706765
33.8598 0.976877078902
34.0599 0.956012485715
34.2601 1.00895550402
34.4603 1.06017373643
34.6605 1.0215122572
34.8607 1.03290842042
35.0608 0.975158195746
35.261 1.01449217564
35.4612 0.98300098318
35.6614 0.97066334663
35.8616 0.990403846597
36.0617 0.977810389828
36.2619 0.991419130911
36.4621 0.980970968125
36.6623 1.0239098804
36.8625 1.01665773241
37.0627 0.907993703481
37.2628 0.936917987174
37.463 1.01884167017
37.6632 1.00997036496
37.8634 0.989348680672
38.0636 0.981714338562
38.2638 0.932928289884
38.4639 0.997728536613
38.6641 0.997748679109
38.8643 1.02505895573
39.0645 0.937565388974
39.2647 1.04337478113
39.4649 1.0389006547
39.6651 0.927805304498
39.8652 0.993296795836
40.0654 0.941996164555
40.2656 1.01296114439
40.4658 0.972030483365
40.666 1.0559003282
40.8662 1.00087124209
41.0664 0.967090313064
41.2666 0.897782947712
41.4668 0.974624998632
41.6669 1.01578677978
41.8671 1.04436374396
42.0673 1.04519105304
42.2675 1.02894415998
42.4677 1.02933438549
42.6679 0.998563197925
42.8681 0.997514575657
43.0683 0.980345147588
43.2685 1.01204394357
43.4687 1.04098424511
43.6688 0.971167822251
43.869 0.977637385771
44.0692 1.04578277184
44.2694 0.97476064411
44.4696 0.994116216547
44.6698 0.921430619639
44.87 1.02088095211
45.0702 1.01843338218
45.2704 1.0132083161
45.4706 0.989046634315
45.6708 0.999486826697
45.871 0.99923165724
46.0712 0.92944698159
46.2714 1.01226276173
46.4716 1.01288039958
46.6718 1.00351080064
46.8719 0.979578237863
47.0721 1.06946643012
47.2723 1.02262298334
47.4725 1.03403429732
47.6727 0.991472440905
47.8729 0.98563530364
48.0731 0.987733628697
48.2733 1.04728345746
48.4735 0.984893905751
48.6737 1.00862564164
48.8739 1.00167653229
49.0741 1.02707803137
49.2743 1.03101317671
49.4745 1.05647977019
49.6747 1.00130497795
49.8749 0.991685681167
50.0751 1.06823631732
50.2753 1.02667598268
50.4755 1.05385332108
50.6757 1.04273444392
50.8759 0.972576216909
51.0761 0.88457111685
51.2763 0.98273729343
51.4765 1.0148259806
51.6767 1.00488445958
51.8769 0.993217422213
52.0771 1.01015948036
52.2773 1.01959579055
52.4775 1.08425227623
52.6777 1.02160420514
52.8779 0.99509646771
53.0782 1.00394837038
53.2784 0.975923182968
53.4786 0.956316877846
53.6788 0.997311568083
53.879 1.04679339641
54.0792 1.03100399079
54.2794 1.02507626926
54.4796 1.04108009485
54.6798 1.03686950896
54.88 0.936891226253
55.0802 1.04480036187
55.2804 0.915623632486
55.4806 0.98376990694
55.6808 0.952653387322
55.881 1.02479548387
56.0812 1.00883454711
56.2815 0.97599756493
56.4817 0.972988707077
56.6819 0.927206388565
56.8821 1.00739283779
57.0823 1.08484402574
57.2825 0.973110779116
57.4827 0.885609127218
57.6829 0.929873738359
57.8831 0.995087543322
58.0833 1.02309553484
58.2836 1.00900317672
58.4838 1.02446388022
58.684 1.01452581502
58.8842 0.961371156813
59.0844 1.06343494369
59.2846 1.05860491677
59.4848 1.02665471599
59.685 1.06615963249
59.8853 1.01394428764
60.0855 1.01453760236
60.2857 0.970252875419
60.4859 1.03568418628
60.6861 1.02714157861
60.8863 1.06040463742
61.0865 1.111501077
61.2868 0.983444102606
61.487 1.03941519996
61.6872 1.04396570642
61.8874 1.05962751865
62.0876 1.01249134856
62.2878 0.985937772463
62.4881 1.00264380615
62.6883 0.971249219422
62.8885 0.979782572095
63.0887 1.00017364229
63.2889 0.945731726996
63.4891 0.965545755858
63.6894 1.07480150131
63.8896 0.970668472398
64.0898 0.992532933947
64.29 0.9979439668
64.4902 1.01106945684
64.6905 1.06034574676
64.8907 1.05965211863
65.0909 1.01688573034
65.2911 0.985963621192
65.4913 0.966526131962
65.6916 1.01896838484
65.8918 1.02358962586
66.092 1.00263923189
66.2922 0.968517903346
66.4924 0.939178940643
66.6927 1.06046089807
66.8929 1.05204936013
67.0931 1.04785271971
67.2933 1.05831465829
67.4936 0.921790206808
67.6938 0.986971945362
67.894 0.984746740118
68.0942 0.988335901885
68.2945 0.961037974183
68.4947 0.992508762216
68.6949 1.05283702573
68.8951 0.963517582325
69.0954 0.98240945954
69.2956 1.03177463418
69.4958 1.02912037683
69.696 1.01510117359
69.8963 1.01764080144
70.0965 1.05733523454
70.2967 0.997047377464
70.4969 1.00679204269
70.6972 0.924490774831
70.8974 0.940152012318
71.0976 0.960546911151
71.2979 1.0288565907
71.4981 1.12118324448
71.6983 1.06138876606
71.8985 0.995543402719
72.0988 1.034375622
72.299 1.01455617976
72.4992 0.984679344967
72.6995 1.07174562211
72.8997 1.03538724299
73.0999 1.03720244708
73.3002 0.992757341893
73.5004 1.01568056554
73.7006 0.987895475551
73.9009 0.984236721631
74.1011 1.01820351782
74.3013 1.03418880982
74.5016 1.03146260799
74.7018 1.06608550213
74.902 1.03397573694
75.1023 1.03066291312
75.3025 0.982061403392
75.5027 1.02459927195
75.703 1.04454174375
75.9032 1.05143025452
76.1034 1.01265699755
76.3037 0.99640053803
76.5039 1.00573601956
76.7041 1.06054120167
76.9044 1.00102524438
77.1046 0.994295840713
77.3048 0.982597140592
77.5051 1.021434959
77.7053 0.96983597272
77.9056 0.924705740648
78.1058 0.981211533131
78.306 1.01770208796
78.5063 1.00582180774
78.7065 0.997936259964
78.9067 0.947934498692
79.107 0.912162123405
79.3072 1.03385135222
79.5075 0.951770241773
79.7077 1.0368949099
79.9079 1.03471854901
80.1082 1.00002166595
80.3084 1.02507322786
80.5087 1.00303290848
80.7089 0.942970368416
80.9091 1.03838870875
81.1094 0.958071365055
81.3096 0.97967006536
81.5099 1.03798391787
81.7101 0.98120230952
81.9104 1.01672333066
82.1106 0.978001381638
82.3108 1.00164878158
82.5111 1.03005339365
82.7113 0.985874443615
82.9116 0.96032934576
83.1118 0.953906160772
83.3121 1.06422198043
83.5123 1.03765107556
83.7126 1.05776046126
83.9128 1.06661287003
84.113 0.999564159598
84.3133 1.00855676198
84.5135 1.07252366248
84.7138 1.06350096571
84.914 0.968199197882
85.1143 1.05539559831
85.3145 1.03992201609
85.5148 0.977062105594
85.715 0.945336418448
85.9153 0.992149069031
86.1155 0.954966906162
86.3158 0.949138298988
86.516 1.06171659786
86.7163 1.02800312555
86.9165 1.00713935283
87.1168 1.03392029343
87.317 1.00877832453
87.5173 0.983697318848
87.7175 0.976410096084
87.9178 0.959043917955
88.118 0.945591855141
88.3183 0.973109244069
88.5185 1.0337305635
88.7188 1.02319629436
88.919 0.969173964201
89.1193 0.989969249809
89.3195 0.980935592013
89.5198 0.976309890875
89.72 0.99934207227
89.9203 1.02987074338
90.1205 0.9580213985
90.3208 0.924329608278
90.521 0.940488152705
90.7213 0.940961840092
90.9216 0.947749766806
91.1218 0.943691583975
91.3221 0.965264117116
91.5223 0.972281868844
91.7226 1.00115953883
91.9228 1.01124199414
92.1231 0.989451427347
92.3233 0.969918410903
92.5236 0.954667268618
92.7239 0.995037595537
92.9241 0.989225227792
93.1244 0.903314203721
93.3246 0.970542081757
93.5249 1.00353805756
93.7252 0.944437618896
93.9254 1.0445091077
94.1257 0.970007536459
94.3259 1.09270062
94.5262 0.988676640648
94.7264 0.945674446031
94.9267 0.924554907521
95.127 0.942611185825
95.3272 0.95576524822
95.5275 0.978781348275
95.7278 0.970355422314
95.928 0.998085531717
96.1283 0.991488228469
96.3285 1.02542522642
96.5288 0.998094123996
96.7291 1.02928981967
96.9293 0.989912466667
97.1296 0.93464385225
97.3298 0.91473927421
97.5301 0.999070456884
97.7304 1.04954537001
97.9306 1.0189567221
98.1309 0.92710117635
98.3312 1.02278215466
98.5314 1.01120521659
98.7317 1.02769211264
98.932 1.02941079851
99.1322 1.04896921265
99.3325 0.986506613974
99.5328 0.997888297781
99.733 0.942167788033
99.9333 0.992446429595
