-100.0 0.744513309282
-99.8 0.774321375301
-99.6 0.883325562018
-99.4 0.557339261156
-99.2 1.04290200841
-99.0 0.961367118116
-98.8 0.90968171387
-98.6 1.18817747011
-98.4 0.867510024775
-98.2 0.794631589592
-98.0 1.0925901707
-97.8 1.05255243182
-97.6 0.975311203171
-97.4 0.837297220424
-97.2 0.986020131948
-97.0 0.968672131006
-96.8 1.23288146089
-96.6 0.843117180372
-96.4 0.771732700995
-96.2 1.23266753265
-95.9999 0.885739622967
-95.7999 0.905659037862
-95.5999 1.06247500713
-95.3999 1.05003083396
-95.1999 0.950737141385
-94.9999 0.956122919708
-94.7999 1.10083003935
-94.5999 0.971710867426
-94.3999 0.882496389043
-94.1999 0.89153959244
-93.9999 0.829186639255
-93.7999 0.936858195013
-93.5999 0.615323728444
-93.3999 0.911121016202
-93.1999 1.1186792939
-92.9998 0.945312546075
-92.7998 0.998486042886
-92.5998 1.22545600464
-92.3998 0.986230539013
-92.1998 0.950969642034
-91.9998 0.738556317634
-91.7998 0.672619677554
-91.5998 0.759941945233
-91.3998 1.39717432328
-91.1997 0.978120385889
-90.9997 1.53623186997
-90.7997 1.20929555391
-90.5997 0.945021255567
-90.3997 0.747200660624
-90.1997 1.0475044903
-89.9997 1.11196299167
-89.7997 0.780486412975
-89.5996 1.09397722586
-89.3996 1.21460274017
-89.1996 1.06222655194
-88.9996 1.13385973298
-88.7996 0.833778125003
-88.5996 0.956730372935
-88.3996 0.937395692328
-88.1995 1.02091048957
-87.9995 0.905402565165
-87.7995 0.782803220131
-87.5995 1.22851405493
-87.3995 0.841299766565
-87.1995 1.09125127821
-86.9994 1.16860687983
-86.7994 1.06325054425
-86.5994 1.01561579914
-86.3994 0.866384966877
-86.1994 1.2476367707
-85.9994 1.49768920585
-85.7993 1.3688249743
-85.5993 0.839075419393
-85.3993 1.10329641217
-85.1993 1.08103290756
-84.9993 1.09850663628
-84.7992 0.844686167442
-84.5992 1.17800896142
-84.3992 0.987723067744
-84.1992 0.860746952599
-83.9991 0.870345017377
-83.7991 1.23829218531
-83.5991 0.889615505071
-83.3991 0.880615603566
-83.1991 0.658428862096
-82.999 1.26308155006
-82.799 1.27649447509
-82.599 0.765091432859
-82.399 0.888983088983
-82.1989 1.04109835352
-81.9989 1.19293896448
-81.7989 0.926602732093
-81.5989 0.918733357425
-81.3988 0.61375960079
-81.1988 0.804680948213
-80.9988 1.08450609286
-80.7988 1.55343078263
-80.5987 0.704951406154
-80.3987 1.10118355114
-80.1987 1.24235511589
-79.9987 0.840187980602
-79.7986 1.19316956328
-79.5986 0.862230167602
-79.3986 1.21806411129
-79.1986 0.889692332352
-78.9985 0.70050029486
-78.7985 1.09357768186
-78.5985 1.25188171428
-78.3984 1.19371919368
-78.1984 1.03985373397
-77.9984 1.07042968431
-77.7984 1.17664738474
-77.5983 1.07157989529
-77.3983 1.03226776035
-77.1983 0.866034495714
-76.9982 0.929062045246
-76.7982 0.765655579918
-76.5982 1.10711699093
-76.3981 1.21710211428
-76.1981 1.01848788503
-75.9981 0.898037011339
-75.798 0.97190262545
-75.598 1.27243351519
-75.398 0.96413222788
-75.198 1.10094700232
-74.9979 0.718376613369
-74.7979 0.963991587405
-74.5978 0.828910509279
-74.3978 0.98668411289
-74.1978 0.952875664356
-73.9977 0.96449232627
-73.7977 1.47687992273
-73.5977 0.997158433772
-73.3976 1.14080471151
-73.1976 0.872483834482
-72.9976 1.09369709734
-72.7975 1.11907013349
-72.5975 1.08428401676
-72.3975 1.06300517898
-72.1974 0.924457527465
-71.9974 1.38911318801
-71.7973 0.957582123283
-71.5973 0.861071887689
-71.3973 0.920005380379
-71.1972 1.38047184364
-70.9972 0.844998299109
-70.7972 0.830625870593
-70.5971 0.971766754417
-70.3971 1.1175370155
-70.197 0.840826482742
-69.997 0.940747232504
-69.797 1.41213670479
-69.5969 1.04490343441
-69.3969 1.15541976344
-69.1968 1.01748535916
-68.9968 0.654972564355
-68.7968 0.886297841252
-68.5967 0.753201132803
-68.3967 1.11714483374
-68.1966 0.89934942764
-67.9966 0.936310704937
-67.7965 0.588622781351
-67.5965 0.815546186362
-67.3965 0.760974435044
-67.1964 1.17782165746
-66.9964 1.20041900223
-66.7963 0.89961812977
-66.5963 1.20489815734
-66.3962 1.03493101217
-66.1962 0.609908836376
-65.9961 1.08756601887
-65.7961 1.29754853403
-65.5961 0.904149880929
-65.396 0.848094690464
-65.196 1.10873144395
-64.9959 0.887811374193
-64.7959 0.872929873292
-64.5958 1.01691781062
-64.3958 1.08097787038
-64.1957 1.20026546366
-63.9957 1.2469288234
-63.7956 1.13414983435
-63.5956 1.19769332284
-63.3955 0.692554082228
-63.1955 0.892964046997
-62.9954 0.935780115452
-62.7954 1.11467408114
-62.5953 0.993834910352
-62.3953 0.716970897355
-62.1952 1.34311765009
-61.9952 0.977224709839
-61.7951 1.07819247948
-61.5951 1.50229420555
-61.395 0.97691292812
-61.195 1.21328833964
-60.9949 1.00519046625
-60.7949 0.983733504253
-60.5948 0.979476185126
-60.3948 1.01756606915
-60.1947 1.08169816457
-59.9947 1.09285534426
-59.7946 0.922165265241
-59.5946 1.22368602715
-59.3945 1.0709517077
-59.1944 0.812079267234
-58.9944 1.07302081464
-58.7943 0.825398770176
-58.5943 1.07536196462
-58.3942 0.827426272671
-58.1942 0.999578671986
-57.9941 1.2332620119
-57.7941 0.821414924491
-57.594 1.08013915363
-57.3939 1.0599181039
-57.1939 0.953363099966
-56.9938 0.950464676597
-56.7938 0.814220069833
-56.5937 0.940842063636
-56.3937 1.13934785153
-56.1936 0.752673609277
-55.9935 0.748424958697
-55.7935 0.763664148702
-55.5934 0.920364302009
-55.3934 1.1622761056
-55.1933 1.314021903
-54.9932 1.17167243659
-54.7932 1.11774818512
-54.5931 0.687824574475
-54.3931 0.843592781596
-54.193 0.698396332842
-53.9929 0.826437483009
-53.7929 1.14635275494
-53.5928 0.849974974442
-53.3928 1.02093423141
-53.1927 0.989231359385
-52.9926 0.671895230208
-52.7926 0.914875680039
-52.5925 0.866455082085
-52.3924 0.919872843851
-52.1924 1.12842061102
-51.9923 0.909636885893
-51.7922 1.12239650425
-51.5922 1.17532492959
-51.3921 1.05925189014
-51.1921 1.32797179967
-50.992 0.867479752027
-50.7919 0.869535964411
-50.5919 0.764968147633
-50.3918 0.936610684528
-50.1917 0.835560716792
-49.9917 0.544437175749
-49.7916 1.02770263014
-49.5915 1.22873608435
-49.3915 1.13088497689
-49.1914 1.0997833531
-48.9913 1.04331327311
-48.7913 1.05400140089
-48.5912 0.71902070104
-48.3911 1.13644626672
-48.191 0.93494834472
-47.991 0.924076194575
-47.7909 0.83398590104
-47.5908 0.930541699453
-47.3908 1.09458850643
-47.1907 1.09343514473
-46.9906 1.1179981148
-46.7906 0.813379005197
-46.5905 1.16827458128
-46.3904 0.956969044106
-46.1903 0.703969521582
-45.9903 0.844316015199
-45.7902 0.984737677298
-45.5901 0.775046188153
-45.3901 1.02684448593
-45.19 0.857671403036
-44.9899 0.96083742674
-44.7898 0.996334800068
-44.5898 0.78552405806
-44.3897 0.879374213974
-44.1896 0.83569196408
-43.9895 1.13877483594
-43.7895 0.707233690946
-43.5894 0.967994430356
-43.3893 1.16994505802
-43.1892 0.784474893384
-42.9892 0.861402239649
-42.7891 1.35357810578
-42.589 0.845913825051
-42.3889 0.976915132069
-42.1889 1.04472488696
-41.9888 0.66481544533
-41.7887 0.818130398804
-41.5886 1.09643919735
-41.3885 0.969956155007
-41.1885 1.00652336304
-40.9884 0.827922331408
-40.7883 0.875897449086
-40.5882 1.11303236053
-40.3881 1.15292646327
-40.1881 1.02922232179
-39.988 1.07380603121
-39.7879 0.83973273522
-39.5878 0.731333938669
-39.3877 1.12965868061
-39.1877 1.0775592019
-38.9876 0.850190713381
-38.7875 1.25388227162
-38.5874 0.851776779194
-38.3873 0.898838888291
-38.1873 1.19506935927
-37.9872 0.770442213536
-37.7871 0.650605415087
-37.587 0.691050834452
-37.3869 0.935899375638
-37.1868 0.718141949766
-36.9868 0.572824346499
-36.7867 0.932669721764
-36.5866 0.873348677476
-36.3865 0.800230336972
-36.1864 1.0923911632
-35.9863 0.860667943283
-35.7862 1.00995687998
-35.5862 1.04210853738
-35.3861 1.30254460749
-35.186 1.12257230733
-34.9859 0.847801524454
-34.7858 0.75566545238
-34.5857 1.05463599822
-34.3856 0.710337991423
-34.1856 0.699153118905
-33.9855 0.626379829055
-33.7854 0.781887239771
-33.5853 1.07608808249
-33.3852 1.07407250427
-33.1851 0.929912729249
-32.985 1.15060890969
-32.7849 0.367910815863
-32.5848 0.985773557212
-32.3847 1.00155013574
-32.1847 0.720997584161
-31.9846 1.06085477808
-31.7845 1.0499413414
-31.5844 1.56917890215
-31.3843 0.976663303015
-31.1842 1.17594996998
-30.9841 0.739536485503
-30.784 1.46077024233
-30.5839 1.01747034724
-30.3838 1.3792585328
-30.1837 0.714373951661
-29.9836 1.08258830717
-29.7836 0.907547756207
-29.5835 0.938525085548
-29.3834 0.797709437404
-29.1833 0.814158622964
-28.9832 1.33714736085
-28.7831 1.24768039445
-28.583 1.3458573606
-28.3829 1.55350796127
-28.1828 0.956297607043
-27.9827 1.14376098958
-27.7826 0.989744492047
-27.5825 1.33049767764
-27.3824 1.18992242962
-27.1823 0.967382112851
-26.9822 1.23392820485
-26.7821 0.779803958787
-26.582 0.696896348509
-26.3819 0.740123355451
-26.1818 0.840281573457
-25.9817 0.980784999835
-25.7816 0.829273240601
-25.5815 0.698654516992
-25.3814 0.92364236615
-25.1813 1.38926752268
-24.9812 0.939499457365
-24.7811 0.661620921111
-24.581 1.2692570733
-24.3809 1.09872244438
-24.1808 1.00200557042
-23.9807 0.817081831138
-23.7806 1.13470152899
-23.5805 0.889189940974
-23.3804 0.751455716273
-23.1803 1.02839765907
-22.9802 1.19342103464
-22.7801 0.861009696841
-22.58 0.847528038815
-22.3799 0.945073015571
-22.1798 1.00048059149
-21.9797 0.857881591402
-21.7796 1.05043124154
-21.5795 0.937368302702
-21.3794 0.753578741368
-21.1793 1.0516268662
-20.9792 1.05567049814
-20.7791 0.978560285974
-20.579 1.31496797342
-20.3789 1.02746696678
-20.1787 1.02686084135
-19.9786 0.900874871102
-19.7785 0.890461521512
-19.5784 0.488426535428
-19.3783 0.619318990612
-19.1782 0.9764512913
-18.9781 0.897820187733
-18.778 1.1100035139
-18.5779 1.02851847747
-18.3778 1.16758672954
-18.1777 1.19820145717
-17.9776 0.506987808692
-17.7774 1.01813799131
-17.5773 1.26067400622
-17.3772 0.787549511838
-17.1771 0.494095909228
-16.977 0.820246314009
-16.7769 1.02008563063
-16.5768 0.61138546084
-16.3767 0.675185130105
-16.1766 0.733249817599
-15.9764 0.557375878115
-15.7763 0.638009625936
-15.5762 1.09003850787
-15.3761 1.02719561512
-15.176 1.19649622275
-14.9759 1.26285933755
-14.7758 1.6153410357
-14.5757 1.35875959859
-14.3755 1.18739730059
-14.1754 0.966028714016
-13.9753 0.921113686506
-13.7752 0.694291734247
-13.5751 0.961615765254
-13.375 0.971201462316
-13.1749 1.11564695522
-12.9747 1.12810064746
-12.7746 1.28910712657
-12.5745 1.13744141323
-12.3744 1.3018729912
-12.1743 0.774652722364
-11.9742 1.00021589986
-11.774 0.772063345104
-11.5739 0.685094575088
-11.3738 0.538868880219
-11.1737 0.712209082544
-10.9736 1.32551121756
-10.7734 0.466418764187
-10.5733 0.814212919529
-10.3732 0.671419970333
-10.1731 1.23180970079
-9.97296 0.410964230067
-9.77284 1.170299439
-9.57272 1.17537166129
-9.3726 0.933583348598
-9.17248 1.02998657016
-8.97236 0.298998067539
-8.77224 0.708465809269
-8.57211 0.903597254746
-8.37199 1.35904781123
-8.17187 0.677679867223
-7.97175 0.632190515937
-7.77163 0.681444508694
-7.5715 1.08673601726
-7.37138 0.738817324644
-7.17125 0.999754914432
-6.97113 1.2836747422
-6.77101 0.705207458684
-6.57088 1.1945760011
-6.37076 1.04215733272
-6.17063 1.14386401879
-5.97051 0.622932288455
-5.77038 0.485819785057
-5.57025 0.840677222749
-5.37013 1.34052085561
-5.17 1.3197817848
-4.96987 1.19364843594
-4.76975 1.46718991526
-4.56962 0.416349547957
-4.36949 0.383480183442
-4.16937 0.726374678401
-3.96924 0.71773747893
-3.76911 0.925617444348
-3.56898 0.921306397255
-3.36885 0.495910435841
-3.16872 0.818399031885
-2.96859 0.788862896911
-2.76846 0.894515614874
-2.56833 0.51815724798
-2.3682 1.16260486743
-2.16807 0.677616173085
-1.96794 0.0874524073552
-1.76781 0.769243913979
-1.56768 0.99739951267
-1.36755 1.36629823977
-1.16742 0.843628330511
-0.967284 0.452125428481
-0.767152 0.788368372428
-0.567019 0.787089421412
-0.366886 0.893492462821
-0.166753 0.780871852133
0.0333802 0.130002636798
0.233514 0.366762349384
0.433648 0.464673576187
0.633782 1.26463904625
0.833917 0.978446570859
1.03405 0.472995300665
1.23419 0.217063049014
1.43432 0.872996601605
1.63446 0.296728462459
1.83459 0.569378742526
2.03473 0.648108649387
2.23487 0.574158547917
2.435 0.588758326251
2.63514 1.10499779116
2.83528 0.265082361241
3.03541 -0.0944019593529
3.23555 0.22854039301
3.43569 0.229565500179
3.63583 0.221759446221
3.83597 0.134664129462
4.0361 -0.0246031029228
4.23624 -0.15139456222
4.43638 0.344184698056
4.63652 0.0899449480119
4.83666 -0.0494552459625
5.0368 -0.0789276420756
5.23694 0.0854555580744
5.43708 0.222570380414
5.63722 -0.0570523713675
5.83737 0.0317022118179
6.03751 -0.150162248358
6.23765 0.0508711225012
6.43779 0.139109626708
6.63793 0.104121420668
6.83808 0.211027608763
7.03822 -0.00795112832331
7.23836 -0.054077931909
7.4385 0.0826722778791
7.63865 0.0109457449561
7.83879 -0.00119605961719
8.03894 0.0798911503051
8.23908 0.284131333938
8.43923 0.0355169070656
8.63937 0.132606963142
8.83951 0.184753872613
9.03966 0.272743431048
9.23981 0.36924497701
9.43995 0.343806383162
9.6401 0.0516662866534
9.84025 0.159848052833
10.0404 0.226642911812
10.2405 0.335684113731
10.4407 0.0734015492809
10.6408 0.990647651211
10.841 0.316659483485
11.0411 0.273877513215
11.2413 0.349628903744
11.4414 0.692381729861
11.6416 0.21905969791
11.8417 0.391964437917
12.0419 0.657400869194
12.242 0.272079507824
12.4422 0.559082925051
12.6423 0.61464489643
12.8425 0.0667440392894
13.0426 0.244314870219
13.2428 0.267824039701
13.4429 0.372679090225
13.6431 0.18398675739
13.8432 0.591652005742
14.0434 0.222656639752
14.2435 0.373306030678
14.4437 0.945410095644
14.6438 0.705069574471
14.844 0.0844176124343
15.0441 -0.00192537050411
15.2443 0.409637079395
15.4445 0.94253495911
15.6446 0.449073762397
15.8448 0.206234392699
16.0449 0.221176916569
16.2451 0.307887512432
16.4452 0.668514415123
16.6454 0.042912416184
16.8455 0.601996916385
17.0457 1.1965748599
17.2459 0.865187535712
17.446 0.128405461423
17.6462 0.377753850893
17.8463 0.4090193292
18.0465 0.453862553963
18.2466 0.283014631481
18.4468 0.63011941051
18.647 1.15105061909
18.8471 0.662163390186
19.0473 0.404568476559
19.2474 0.240491909648
19.4476 0.13832052942
19.6478 0.342068874172
19.8479 0.500719818022
20.0481 0.667290628039
20.2482 0.745593481758
20.4484 1.19091179922
20.6486 1.00178388359
20.8487 0.712793744232
21.0489 0.666040837366
21.249 0.596042675021
21.4492 0.618196497272
21.6494 0.745326254511
21.8495 0.456850915221
22.0497 0.84920233143
22.2498 0.702535239444
22.45 1.51779582038
22.6502 0.123212127675
22.8503 1.42287587126
23.0505 0.188339202524
23.2507 0.255899477231
23.4508 0.727828918342
23.651 1.01235619471
23.8512 0.189497994497
24.0513 0.50014745464
24.2515 0.498824132288
24.4517 1.09822679715
24.6518 0.430611839615
24.852 0.993794962565
25.0522 0.603298860948
25.2523 0.369195789638
25.4525 0.7687934333
25.6527 1.40067788266
25.8528 0.724272674292
26.053 0.541393960641
26.2532 1.65122750336
26.4533 0.295907699797
26.6535 1.00246242906
26.8537 0.591273225175
27.0538 0.799418994476
27.254 0.44361670898
27.4542 0.811782858661
27.6544 0.59872297715
27.8545 0.536621680301
28.0547 0.788374774229
28.2549 0.621502686287
28.455 0.627332912484
28.6552 0.520399960053
28.8554 1.23522209022
29.0556 1.25324453358
29.2557 0.557519975873
29.4559 0.629818239712
29.6561 0.608648633609
29.8562 1.3007612173
30.0564 0.722060648331
30.2566 1.13882166434
30.4568 1.22845942657
30.6569 0.633895258854
30.8571 1.70910057137
31.0573 0.606679773711
31.2575 0.643688769755
31.4576 0.690810718346
31.6578 0.937543917244
31.858 0.921707369543
32.0582 0.831613456385
32.2583 0.862619985356
32.4585 1.23682602128
32.6587 1.21578984854
32.8589 0.565165812043
33.0591 1.3546313048
33.2592 0.9800818458
33.4594 1.1123113693
33.6596 1.40002600747
33.8598 1.47161135105
34.0599 0.299761935534
34.2601 0.468091359799
34.4603 1.56478849714
34.6605 1.41981929232
34.8607 0.983818780306
35.0608 0.814956280369
35.261 0.840772009302
35.4612 0.555248682469
35.6614 0.700450225983
35.8616 0.633078708793
36.0617 1.2797050982
36.2619 0.626734411389
36.4621 0.882917157006
36.6623 0.634495918925
36.8625 0.585996073878
37.0627 0.608191708434
37.2628 0.747992539561
37.463 1.01020267223
37.6632 0.855647237011
37.8634 1.33567491756
38.0636 1.03752820828
38.2638 0.886098862854
38.4639 0.965742210334
38.6641 0.852911572923
38.8643 1.28662726627
39.0645 1.0705590337
39.2647 1.05843218506
39.4649 0.931825756826
39.6651 1.01182908961
39.8652 1.25946936198
40.0654 1.17988660102
40.2656 0.813870131556
40.4658 1.12019569552
40.666 1.06827880987
40.8662 0.887756030611
41.0664 0.976801552728
41.2666 1.1156319092
41.4668 1.05935542602
41.6669 0.883201003827
41.8671 0.856123577714
42.0673 1.06116687982
42.2675 0.846674612113
42.4677 0.650066706434
42.6679 0.732079566681
42.8681 0.993939000794
43.0683 0.801583710327
43.2685 0.827511760572
43.4687 1.04481521592
43.6688 1.15430438547
43.869 0.907775008964
44.0692 0.992729515002
44.2694 1.12244644652
44.4696 0.74767900083
44.6698 1.46344926771
44.87 0.923761976179
45.0702 0.991089943872
45.2704 0.971345819317
45.4706 1.12667225908
45.6708 0.824299393984
45.871 0.688836617638
46.0712 1.25769064408
46.2714 1.10384148589
46.4716 1.00837441026
46.6718 1.42043933787
46.8719 1.1678780731
47.0721 0.768085302884
47.2723 0.827268878264
47.4725 1.00718702806
47.6727 0.739717053814
47.8729 1.10733330201
48.0731 0.798776069679
48.2733 0.777999141461
48.4735 0.968001464673
48.6737 0.991064520483
48.8739 0.904398597878
49.0741 0.850628158238
49.2743 1.37913542322
49.4745 1.26683981851
49.6747 0.782006848892
49.8749 0.781980223689
50.0751 0.969401551668
50.2753 0.613681452486
50.4755 1.10020948578
50.6757 1.1948479646
50.8759 1.00298088796
51.0761 0.672238376091
51.2763 1.11652398341
51.4765 0.717497241226
51.6767 1.12349965375
51.8769 1.16844372699
52.0771 0.939982663623
52.2773 0.828267973281
52.4775 1.28410161769
52.6777 1.13646865304
52.8779 0.572264664741
53.0782 0.779717430641
53.2784 0.944027122732
53.4786 0.888969127553
53.6788 1.01762936522
53.879 1.06025104067
54.0792 0.593774847808
54.2794 0.926338959513
54.4796 1.00426680763
54.6798 1.02098662938
54.88 0.814372384372
55.0802 0.653358635171
55.2804 1.18685904979
55.4806 0.829436260878
55.6808 0.98228747827
55.881 1.18224897925
56.0812 0.947220835328
56.2815 0.936411557448
56.4817 1.18117596114
56.6819 0.8956044831
56.8821 0.758631723953
57.0823 0.89478349962
57.2825 0.886529665786
57.4827 0.753264237454
57.6829 0.962735724242
57.8831 0.935306689849
58.0833 0.682150830519
58.2836 0.749984618982
58.4838 1.19760485711
58.684 0.90702198061
58.8842 0.54193765218
59.0844 1.44324913435
59.2846 0.815941192923
59.4848 1.10384042223
59.685 1.24504738602
59.8853 0.708112565796
60.0855 0.689505142075
60.2857 0.777904383973
60.4859 1.07118509291
60.6861 0.968087099492
60.8863 0.703987301242
61.0865 1.2051168425
61.2868 1.12762403205
61.487 0.980274689014
61.6872 0.597244049364
61.8874 0.997079432449
62.0876 0.894745333734
62.2878 0.963828221992
62.4881 0.972112490602
62.6883 0.862806969231
62.8885 0.785111584641
63.0887 0.947829484275
63.2889 1.10828471339
63.4891 1.08700191554
63.6894 1.41576247085
63.8896 1.01257748175
64.0898 1.10887765771
64.29 0.946287567131
64.4902 0.992425935957
64.6905 1.16507722728
64.8907 0.691331776268
65.0909 1.09398803671
65.2911 1.07438493203
65.4913 0.853841595526
65.6916 1.1139743012
65.8918 0.945486380898
66.092 0.715308857268
66.2922 1.11660878067
66.4924 1.26585925037
66.6927 1.09069115558
66.8929 0.810239153737
67.0931 1.09979945197
67.2933 0.824522972847
67.4936 0.993340057705
67.6938 0.917180420056
67.894 0.91209452804
68.0942 1.05198880783
68.2945 0.95483543975
68.4947 1.02179367461
68.6949 1.13333921515
68.8951 1.11386543827
69.0954 0.551905515745
69.2956 0.949877189785
69.4958 0.942795398482
69.696 0.741501155321
69.8963 1.05822701208
70.0965 0.73960586719
70.2967 0.881968811844
70.4969 1.2579149716
70.6972 0.795106049535
70.8974 1.07169061412
71.0976 0.758051582567
71.2979 1.33100335664
71.4981 0.781972306405
71.6983 0.719689316487
71.8985 0.865310008104
72.0988 1.26266179692
72.299 1.21001256707
72.4992 0.747293816411
72.6995 0.616264434454
72.8997 1.42697946732
73.0999 1.36261902971
73.3002 1.03834974081
73.5004 0.998266044644
73.7006 1.30509668995
73.9009 0.968036705732
74.1011 0.750100554585
74.3013 1.06805709505
74.5016 0.884873032874
74.7018 0.884026229283
74.902 1.26031565212
75.1023 0.933912208923
75.3025 0.960841144099
75.5027 0.841740280909
75.703 0.78332412373
75.9032 1.03802052747
76.1034 1.07678298209
76.3037 1.00944276038
76.5039 1.3615709577
76.7041 1.2579779999
76.9044 0.759121017078
77.1046 1.05457388348
77.3048 0.9241119528
77.5051 1.07743459189
77.7053 0.812893776398
77.9056 0.907558674191
78.1058 0.535120497198
78.306 0.895777707817
78.5063 0.998721555827
78.7065 0.95559365294
78.9067 0.963472262663
79.107 1.32046801427
79.3072 1.1218425879
79.5075 0.905954958172
79.7077 1.05492812709
79.9079 0.903323925993
80.1082 1.01392095667
80.3084 0.640420471865
80.5087 1.03741956628
80.7089 1.0686613299
80.9091 1.0715911541
81.1094 1.17818639599
81.3096 0.713066690628
81.5099 0.882303492507
81.7101 1.16804658864
81.9104 0.950077814475
82.1106 0.845278230613
82.3108 0.801200846328
82.5111 1.08111626322
82.7113 0.900874690613
82.9116 1.08615377004
83.1118 0.819084015244
83.3121 0.846736592135
83.5123 1.08718684036
83.7126 1.03698032316
83.9128 0.978285424844
84.113 1.0811299498
84.3133 1.05452131881
84.5135 1.10897720022
84.7138 1.02562121073
84.914 1.26134623071
85.1143 1.29367882209
85.3145 1.08942913476
85.5148 1.25441586206
85.715 0.931771363716
85.9153 0.748020630438
86.1155 1.05063760596
86.3158 1.14476575336
86.516 1.09252873551
86.7163 0.960239611712
86.9165 0.827848198108
87.1168 0.922989988272
87.317 1.41541186359
87.5173 0.898996942001
87.7175 1.25601996801
87.9178 1.32931359768
88.118 1.014853567
88.3183 0.959974525009
88.5185 1.19874834371
88.7188 0.883627420735
88.919 1.06106458483
89.1193 0.781269867046
89.3195 0.848889228103
89.5198 1.09098127971
89.72 0.999317624013
89.9203 1.3463311126
90.1205 1.18000035847
90.3208 0.999556532956
90.521 1.20910067619
90.7213 0.575441200009
90.9216 0.837491636693
91.1218 1.21017491874
91.3221 1.07653845048
91.5223 0.633193976292
91.7226 0.938547829985
91.9228 1.09201759513
92.1231 1.00876559857
92.3233 1.07712799307
92.5236 0.984297930974
92.7239 0.934696862983
92.9241 1.10911515546
93.1244 1.12653705565
93.3246 0.848734861907
93.5249 1.07668131214
93.7252 0.777367005109
93.9254 0.920635828293
94.1257 0.739536909407
94.3259 0.792364278168
94.5262 1.18147401023
94.7264 1.11195152241
94.9267 1.10670452903
95.127 1.15036351467
95.3272 0.99606526332
95.5275 0.863949690186
95.7278 0.954805624815
95.928 0.82223440488
96.1283 1.11352936172
96.3285 0.919637799006
96.5288 0.779716455076
96.7291 1.05173189799
96.9293 1.08527076276
97.1296 1.35282984893
97.3298 1.07010639349
97.5301 1.22704272542
97.7304 1.03272065825
97.9306 1.12170251101
98.1309 1.37032707066
98.3312 1.02130707518
98.5314 1.16864164709
98.7317 0.828082598621
98.932 1.13785629415
99.1322 0.833524254542
99.3325 1.00123247814
99.5328 1.04731398915
99.733 0.858273537965
99.9333 1.04452378667
