-100.0 0.987371388457
-99.8 1.0073986616
-99.6 1.01002350075
-99.4 0.997071447282
-99.2 1.03799017395
-99.0 0.986995379429
-98.8 0.987667253841
-98.6 0.984959066323
-98.4 0.994897277893
-98.2 0.971108258223
-98.0 1.00697659918
-97.8 0.976535493728
-97.6 0.977296898045
-97.4 0.995846046521
-97.2 0.997597042649
-97.0 1.02357565489
-96.8 1.00903679321
-96.6 1.00828882005
-96.4 1.00592583706
-96.2 0.937445636079
-95.9999 0.976609067574
-95.7999 1.02694513292
-95.5999 0.996807386766
-95.3999 1.00517318987
-95.1999 1.01939542257
-94.9999 0.991259432463
-94.7999 1.06691621671
-94.5999 1.02870983677
-94.3999 1.00516303681
-94.1999 0.963396480264
-93.9999 0.996559405367
-93.7999 0.988842418684
-93.5999 0.999762653232
-93.3999 1.00165539539
-93.1999 1.01469220509
-92.9998 1.00130487475
-92.7998 1.00867871236
-92.5998 0.974193231932
-92.3998 0.979109613578
-92.1998 0.99849456833
-91.9998 0.991277135219
-91.7998 1.01950243722
-91.5998 1.01169559437
-91.3998 0.983435887825
-91.1997 0.966727896585
-90.9997 1.02514547921
-90.7997 1.03600156946
-90.5997 0.98903353229
-90.3997 1.04264390905
-90.1997 1.03332715558
-89.9997 1.00291972857
-89.7997 1.03005847168
-89.5996 1.01960305411
-89.3996 1.04251759036
-89.1996 0.982533447723
-88.9996 0.970328022564
-88.7996 0.993749772489
-88.5996 0.9596598228
-88.3996 1.04626913836
-88.1995 0.99555214844
-87.9995 0.996056629026
-87.7995 0.968847797189
-87.5995 1.00670556554
-87.3995 0.981603116711
-87.1995 0.992055345874
-86.9994 1.01242951494
-86.7994 0.983341809196
-86.5994 1.0091228323
-86.3994 0.95335805889
-86.1994 0.982286140146
-85.9994 1.0132806818
-85.7993 1.00247605447
-85.5993 0.954722222715
-85.3993 0.996959919896
-85.1993 0.991715110795
-84.9993 1.00111600928
-84.7992 0.98696028243
-84.5992 1.01599795113
-84.3992 0.993844392469
-84.1992 1.00431329232
-83.9991 0.978867864968
-83.7991 0.993291659823
-83.5991 1.00061499939
-83.3991 0.989296749073
-83.1991 0.979978253108
-82.999 1.02077196035
-82.799 1.01802537239
-82.599 1.00480681353
-82.399 0.977403906578
-82.1989 1.00544896194
-81.9989 0.984227619481
-81.7989 1.01486968182
-81.5989 0.963364538609
-81.3988 0.970595630126
-81.1988 0.985973981638
-80.9988 0.972038041468
-80.7988 0.99179363959
-80.5987 1.02087590715
-80.3987 1.0123893215
-80.1987 0.997398335381
-79.9987 0.997794535336
-79.7986 1.03971705295
-79.5986 0.996339812068
-79.3986 1.00579107454
-79.1986 0.98099025925
-78.9985 1.03335159835
-78.7985 1.00108802872
-78.5985 1.00443522806
-78.3984 1.03940942845
-78.1984 1.01959974692
-77.9984 0.984859967614
-77.7984 1.01651935254
-77.5983 1.02253737643
-77.3983 0.999797880065
-77.1983 1.02807170507
-76.9982 0.969635832578
-76.7982 1.00478891521
-76.5982 1.0329908926
-76.3981 1.00246557808
-76.1981 0.985513455421
-75.9981 0.999525085627
-75.798 0.954947226232
-75.598 0.993763439695
-75.398 1.01625309742
-75.198 0.97101132867
-74.9979 0.980476439491
-74.7979 0.998866134697
-74.5978 1.04699387146
-74.3978 1.01478636022
-74.1978 0.992366009747
-73.9977 0.987225338769
-73.7977 0.99793951872
-73.5977 0.983807594248
-73.3976 1.00333391173
-73.1976 0.956825353532
-72.9976 1.00086439988
-72.7975 0.983926846875
-72.5975 1.01462018845
-72.3975 1.00684167792
-72.1974 0.988600213777
-71.9974 0.988877926929
-71.7973 0.997943450126
-71.5973 1.03962959497
-71.3973 0.968280494326
-71.1972 0.987257036444
-70.9972 0.997236202522
-70.7972 1.00475539645
-70.5971 0.952051964869
-70.3971 0.976508325136
-70.197 1.03317311319
-69.997 1.05857826795
-69.797 0.995766227086
-69.5969 0.945176215984
-69.3969 0.998299119869
-69.1968 1.03573650135
-68.9968 1.01070741233
-68.7968 1.0041684472
-68.5967 1.04988023594
-68.3967 1.02975681106
-68.1966 0.979200020663
-67.9966 0.97627162183
-67.7965 1.00035372757
-67.5965 1.03988268839
-67.3965 1.0123346221
-67.1964 0.991758025952
-66.9964 1.0104690831
-66.7963 1.02029320392
-66.5963 1.00337789947
-66.3962 0.989511089969
-66.1962 0.997701777624
-65.9961 1.06471074222
-65.7961 0.985595691967
-65.5961 0.971754563868
-65.396 0.960250805931
-65.196 1.00089341454
-64.9959 1.02293745725
-64.7959 0.982050606702
-64.5958 0.996816160383
-64.3958 1.01858582033
-64.1957 0.985363039563
-63.9957 1.01617376518
-63.7956 0.992597346063
-63.5956 0.994567969764
-63.3955 0.9987822497
-63.1955 1.01901001218
-62.9954 1.0052086914
-62.7954 0.95821340601
-62.5953 1.01414059425
-62.3953 0.977240065544
-62.1952 1.01288349802
-61.9952 0.999819130604
-61.7951 1.0290918175
-61.5951 1.0262094797
-61.395 0.975776333223
-61.195 1.00993582666
-60.9949 0.996486585939
-60.7949 1.02859500044
-60.5948 0.999984302517
-60.3948 1.02812157685
-60.1947 0.965746616252
-59.9947 0.969119661552
-59.7946 1.00420551276
-59.5946 0.973766592422
-59.3945 1.04423667315
-59.1944 1.01702608864
-58.9944 0.97700701747
-58.7943 0.973425938427
-58.5943 0.973363904111
-58.3942 0.988008627865
-58.1942 1.01129511657
-57.9941 1.01804741226
-57.7941 1.04104075001
-57.594 1.00797785884
-57.3939 0.956752009382
-57.1939 1.01591904405
-56.9938 1.01308839412
-56.7938 1.03593909726
-56.5937 0.942095488489
-56.3937 0.997855618061
-56.1936 1.00834428738
-55.9935 0.987461632261
-55.7935 1.00875262302
-55.5934 1.01483727329
-55.3934 1.01892951673
-55.1933 1.003908262
-54.9932 1.03163406933
-54.7932 0.973224790143
-54.5931 0.99192952897
-54.3931 0.962961774046
-54.193 0.969478747816
-53.9929 1.01869769358
-53.7929 1.0326038398
-53.5928 0.999585587263
-53.3928 1.02004492715
-53.1927 0.999593330177
-52.9926 0.984626174535
-52.7926 0.976815102495
-52.5925 0.992917916763
-52.3924 1.00580929728
-52.1924 0.988173997316
-51.9923 1.0159435786
-51.7922 1.02802980568
-51.5922 0.995484311042
-51.3921 1.04066318878
-51.1921 0.986042099438
-50.992 1.04029388972
-50.7919 0.991575116948
-50.5919 0.968383313822
-50.3918 1.00947360924
-50.1917 0.989146362383
-49.9917 0.991000453178
-49.7916 1.00044366218
-49.5915 0.993184500865
-49.3915 0.978298503089
-49.1914 1.00433304391
-48.9913 0.996725285406
-48.7913 0.985957667661
-48.5912 0.980717075144
-48.3911 0.970010024948
-48.191 0.975334858885
-47.991 0.980959093284
-47.7909 0.973113847211
-47.5908 1.03973454318
-47.3908 0.970489312342
-47.1907 1.00508929194
-46.9906 1.04163904929
-46.7906 0.98226747975
-46.5905 0.986668444145
-46.3904 0.999709087017
-46.1903 1.01933879721
-45.9903 0.981302114881
-45.7902 0.955615859473
-45.5901 0.9832418608
-45.3901 1.01612374933
-45.19 0.998341036645
-44.9899 0.974281421934
-44.7898 1.02061104835
-44.5898 1.01007968844
-44.3897 1.03899099278
-44.1896 1.02478462614
-43.9895 0.995392122097
-43.7895 1.01630286249
-43.5894 0.992607023529
-43.3893 1.00526242932
-43.1892 0.991022315772
-42.9892 0.961952954104
-42.7891 1.03390776997
-42.589 1.00087538827
-42.3889 0.967838363741
-42.1889 0.982271562026
-41.9888 1.05981794854
-41.7887 0.991449069305
-41.5886 1.01180110784
-41.3885 1.00235950003
-41.1885 1.00817710639
-40.9884 0.972052464126
-40.7883 0.976365738452
-40.5882 0.960396193464
-40.3881 0.978116191683
-40.1881 0.97913896222
-39.988 1.01476154208
-39.7879 0.988656772824
-39.5878 0.986896671738
-39.3877 1.00160281971
-39.1877 0.994278282023
-38.9876 1.00048813647
-38.7875 0.997928165438
-38.5874 0.975806165651
-38.3873 1.01771062469
-38.1873 0.9659429183
-37.9872 1.0167638563
-37.7871 0.992360417499
-37.587 1.03022709774
-37.3869 1.00009533326
-37.1868 0.993252142752
-36.9868 1.00923929865
-36.7867 1.02630571213
-36.5866 1.02601967935
-36.3865 1.02684024636
-36.1864 0.980185189253
-35.9863 0.967677019114
-35.7862 1.00361399685
-35.5862 1.01623555666
-35.3861 0.959567865218
-35.186 0.973416039852
-34.9859 0.991178802698
-34.7858 1.02801649533
-34.5857 1.0397054036
-34.3856 0.959345456473
-34.1856 0.999248880125
-33.9855 1.01126619984
-33.7854 1.02471434281
-33.5853 1.00664193955
-33.3852 1.01710576892
-33.1851 0.992061779503
-32.985 0.971377769443
-32.7849 0.99597833137
-32.5848 0.977164687555
-32.3847 1.01006650731
-32.1847 1.02573578926
-31.9846 1.02029662994
-31.7845 1.0009633894
-31.5844 1.0044371773
-31.3843 1.0157492472
-31.1842 0.983665845298
-30.9841 1.02147313083
-30.784 0.986355676934
-30.5839 0.984758681677
-30.3838 0.976985544176
-30.1837 1.00480082439
-29.9836 0.990533237753
-29.7836 1.00412864286
-29.5835 0.959108478128
-29.3834 0.997848763077
-29.1833 0.979634069847
-28.9832 1.01582267638
-28.7831 0.982538113326
-28.583 0.961840391895
-28.3829 0.979915414154
-28.1828 0.960668642583
-27.9827 1.03801708889
-27.7826 0.972217359087
-27.5825 0.985173870484
-27.3824 1.02649866427
-27.1823 0.989617515091
-26.9822 0.989571427786
-26.7821 1.01764069451
-26.582 1.02470318422
-26.3819 0.93665562009
-26.1818 0.94397968723
-25.9817 1.00732576704
-25.7816 0.981429591306
-25.5815 0.991317869544
-25.3814 0.96012860305
-25.1813 0.990474759561
-24.9812 1.02362966392
-24.7811 0.942673127946
-24.581 0.951207127247
-24.3809 0.950943819719
-24.1808 0.927292090193
-23.9807 0.990257565328
-23.7806 0.986533309447
-23.5805 1.00862142807
-23.3804 1.03581177201
-23.1803 1.07780784833
-22.9802 0.98227272982
-22.7801 0.953331628297
-22.58 0.969617639117
-22.3799 1.00942341825
-22.1798 0.974408934474
-21.9797 0.972245784174
-21.7796 0.994541676234
-21.5795 0.982232013218
-21.3794 1.01748783084
-21.1793 0.934219419598
-20.9792 1.05018319405
-20.7791 0.94712709304
-20.579 0.943506553228
-20.3789 1.04641793881
-20.1787 1.03439753603
-19.9786 0.965616564248
-19.7785 0.95715118051
-19.5784 1.00813974686
-19.3783 0.994997438095
-19.1782 0.982781159738
-18.9781 0.904636960886
-18.778 1.00076928202
-18.5779 0.996585888293
-18.3778 0.958163168334
-18.1777 0.982229253141
-17.9776 0.92748513972
-17.7774 1.00796442375
-17.5773 0.878770534255
-17.3772 0.88963994067
-17.1771 0.951898740303
-16.977 0.906189449151
-16.7769 0.965227449859
-16.5768 0.989828469201
-16.3767 0.933891325956
-16.1766 0.964124974132
-15.9764 0.969866184963
-15.7763 0.915802333524
-15.5762 0.869651445529
-15.3761 0.925611457414
-15.176 0.941053475459
-14.9759 0.933532098876
-14.7758 0.922933782602
-14.5757 0.954261178212
-14.3755 0.944208483239
-14.1754 0.919347145414
-13.9753 0.887870040762
-13.7752 0.87867659033
-13.5751 0.90619376766
-13.375 0.886248291027
-13.1749 0.909714732222
-12.9747 0.947239190577
-12.7746 0.954153077145
-12.5745 0.995978104406
-12.3744 0.94925393597
-12.1743 0.914028490108
-11.9742 0.899708261211
-11.774 0.895933352168
-11.5739 0.881741723612
-11.3738 0.853070462798
-11.1737 0.84211629068
-10.9736 0.905444686947
-10.7734 0.926469318287
-10.5733 0.945330281253
-10.3732 0.826440481956
-10.1731 0.892831246643
-9.97296 0.868440575953
-9.77284 0.871772201941
-9.57272 0.774973465107
-9.3726 0.825605512487
-9.17248 0.750484048299
-8.97236 0.742098075604
-8.77224 0.783070337316
-8.57211 0.690598330969
-8.37199 0.648176130383
-8.17187 0.608324259865
-7.97175 0.645941391203
-7.77163 0.639057201522
-7.5715 0.647336935492
-7.37138 0.655016031186
-7.17125 0.674767440452
-6.97113 0.735473651975
-6.77101 0.857467159772
-6.57088 0.883082274674
-6.37076 0.894277253923
-6.17063 0.830854316001
-5.97051 0.877409936085
-5.77038 0.783050579759
-5.57025 0.888154599244
-5.37013 0.949493721925
-5.17 0.910202147108
-4.96987 0.909892211216
-4.76975 0.945734411808
-4.56962 0.980249495468
-4.36949 0.92772478689
-4.16937 0.875830752954
-3.96924 0.865325080019
-3.76911 0.969461029121
-3.56898 0.867136795261
-3.36885 0.864619002176
-3.16872 0.962211585914
-2.96859 0.983783120833
-2.76846 0.909511227585
-2.56833 0.937149879926
-2.3682 0.857219589723
-2.16807 0.891841853081
-1.96794 0.887943001699
-1.76781 0.88785009416
-1.56768 0.856592597302
-1.36755 0.758970596699
-1.16742 0.801251596065
-0.967284 0.774030953596
-0.767152 0.856517164928
-0.567019 0.796848530666
-0.366886 0.871484525061
-0.166753 0.761226879175
0.0333802 0.83112925096
0.233514 0.68727953016
0.433648 0.7131614822
0.633782 0.674797385779
0.833917 0.657477832552
1.03405 0.562192036941
1.23419 0.658788346442
1.43432 0.522930044954
1.63446 0.521978349573
1.83459 0.430828019123
2.03473 0.285221530841
2.23487 0.341784997826
2.435 0.245531870065
2.63514 0.222881580091
2.83528 0.135382278109
3.03541 0.203110331239
3.23555 0.11209849847
3.43569 0.0161058981772
3.63583 0.0555277354919
3.83597 0.0136044179228
4.0361 0.0102221503397
4.23624 0.0151944578423
4.43638 0.0266038167131
4.63652 0.113096821861
4.83666 0.0335828479937
5.0368 0.00473199768089
5.23694 0.0365745689623
5.43708 0.0179640456921
5.63722 0.00459484199448
5.83737 0.00655745035985
6.03751 0.10316708897
6.23765 0.0221253725637
6.43779 0.0120219412058
6.63793 0.0429426212466
6.83808 0.0119350284663
7.03822 0.0627777959974
7.23836 0.0801503573422
7.4385 0.0230577703831
7.63865 0.0910130105988
7.83879 0.107406217704
8.03894 0.209416662708
8.23908 0.229532133443
8.43923 0.257326698042
8.63937 0.288414356296
8.83951 0.441171332546
9.03966 0.54490015588
9.23981 0.453544704852
9.43995 0.574625247729
9.6401 0.67182097414
9.84025 0.603563133004
10.0404 0.683728967564
10.2405 0.714173885532
10.4407 0.706732505044
10.6408 0.772062643921
10.841 0.70525035649
11.0411 0.904025138262
11.2413 0.932189529682
11.4414 0.873915235445
11.6416 0.951784178903
11.8417 0.796179653116
12.0419 0.846567392885
12.242 0.82435655115
12.4422 0.847433952273
12.6423 0.789195309896
12.8425 0.932597506158
13.0426 0.970612296682
13.2428 0.911770971471
13.4429 0.907624634998
13.6431 0.918232569129
13.8432 0.90402405352
14.0434 0.796758728221
14.2435 0.882129434628
14.4437 0.85839988716
14.6438 0.968456876716
14.844 0.877124905739
15.0441 0.887989379785
15.2443 0.835359437935
15.4445 0.904995841824
15.6446 0.79770918721
15.8448 0.912787223481
16.0449 0.901179081808
16.2451 0.806440371852
16.4452 0.893853203374
16.6454 0.954193686439
16.8455 0.908373515443
17.0457 0.953633287724
17.2459 0.853302104872
17.446 0.871527488767
17.6462 0.925056277509
17.8463 0.939015336796
18.0465 0.934887517224
18.2466 0.953342453167
18.4468 0.911859892002
18.647 0.854158087858
18.8471 0.81529769791
19.0473 0.915558632608
19.2474 0.909938745817
19.4476 0.903307827618
19.6478 0.879510357438
19.8479 0.846555810178
20.0481 0.958551383269
20.2482 0.928324279888
20.4484 0.906961299419
20.6486 0.95372974518
20.8487 0.93740726995
21.0489 0.930922527517
21.249 0.91850194256
21.4492 0.861223744661
21.6494 0.819598648127
21.8495 0.882470711584
22.0497 0.881078438615
22.2498 0.847280503338
22.45 0.781812298823
22.6502 0.859057411888
22.8503 0.820225331212
23.0505 0.849589122015
23.2507 0.855587031927
23.4508 0.892637161562
23.651 0.794029152045
23.8512 0.812041118531
24.0513 0.782009145966
24.2515 0.820622615471
24.4517 0.861155789088
24.6518 0.842399307312
24.852 0.853158881252
25.0522 0.877042732074
25.2523 0.813599916425
25.4525 0.845448197288
25.6527 0.90686134622
25.8528 0.897756654417
26.053 0.860393687367
26.2532 0.876320935857
26.4533 0.908920628505
26.6535 0.857532930708
26.8537 0.931258416665
27.0538 0.918611632668
27.254 0.893659831886
27.4542 0.883132156852
27.6544 0.879686939784
27.8545 0.916738038776
28.0547 0.89183792212
28.2549 0.883138293363
28.455 0.908894420509
28.6552 0.993481243589
28.8554 0.959391844245
29.0556 0.964953548754
29.2557 0.901351726517
29.4559 0.914445170297
29.6561 0.968352589017
29.8562 0.952045630328
30.0564 0.936714982148
30.2566 0.944061606122
30.4568 0.965603296925
30.6569 0.955537333207
30.8571 0.970795923858
31.0573 1.00507140695
31.2575 0.959007361599
31.4576 0.985995648346
31.6578 0.974857433185
31.858 0.94243896916
32.0582 0.962321100784
32.2583 0.946179827428
32.4585 0.907714808281
32.6587 0.945464129904
32.8589 0.967673487164
33.0591 0.98234467345
33.2592 0.993501062122
33.4594 0.923652956462
33.6596 0.924478723878
33.8598 0.944645577545
34.0599 0.955121022186
34.2601 0.924413264525
34.4603 0.965629994049
34.6605 0.908040464053
34.8607 0.932770330089
35.0608 0.929608740232
35.261 0.938978877483
35.4612 0.961496709029
35.6614 0.913567355239
35.8616 0.945432422988
36.0617 0.959101844069
36.2619 0.920279970321
36.4621 0.912120741809
36.6623 1.00478960036
36.8625 0.910700457421
37.0627 0.84221111956
37.2628 0.812191885749
37.463 0.854878783129
37.6632 0.798103449235
37.8634 0.824770398277
38.0636 0.870555945912
38.2638 0.84207936486
38.4639 0.811815862883
38.6641 0.833936283204
38.8643 0.831630348881
39.0645 0.82444978205
39.2647 0.849670103227
39.4649 0.909763866142
39.6651 0.893063156257
39.8652 0.941727337371
40.0654 0.898579361613
40.2656 0.94718750427
40.4658 0.933124018901
40.666 0.962774121293
40.8662 0.915721538655
41.0664 0.925323274341
41.2666 0.972080678173
41.4668 0.982581224185
41.6669 0.949096150857
41.8671 0.940714320432
42.0673 0.955423205288
42.2675 0.932926518397
42.4677 0.922624353027
42.6679 0.977291386558
42.8681 0.963463478191
43.0683 0.988667809735
43.2685 0.957695880561
43.4687 1.05132435117
43.6688 0.988287296949
43.869 0.978454599185
44.0692 0.963758231487
44.2694 1.02394757167
44.4696 1.015627901
44.6698 1.01580359343
44.87 1.01836329684
45.0702 1.00257693649
45.2704 1.00168446717
45.4706 1.05128876001
45.6708 1.0212356942
45.871 0.941321348863
46.0712 1.01075952711
46.2714 0.958459217567
46.4716 1.02102119006
46.6718 0.988483181529
46.8719 0.978341098835
47.0721 1.02289913435
47.2723 0.973826773576
47.4725 0.974286353828
47.6727 0.992259755116
47.8729 0.999038573324
48.0731 0.984081511267
48.2733 1.00205810504
48.4735 0.988277804242
48.6737 1.00447620274
48.8739 1.01226545102
49.0741 0.98340559334
49.2743 0.992149966168
49.4745 0.98945575878
49.6747 1.00855914612
49.8749 0.967529468681
50.0751 1.00673348138
50.2753 0.997687905802
50.4755 1.0008972021
50.6757 0.974150959833
50.8759 0.965544291121
51.0761 1.00516809039
51.2763 1.0238287202
51.4765 0.98586032205
51.6767 0.98783180264
51.8769 1.013926992
52.0771 1.02132839617
52.2773 1.00677874563
52.4775 1.02668646891
52.6777 1.00745045461
52.8779 1.00434589437
53.0782 0.985715501213
53.2784 0.982012157675
53.4786 0.996142386568
53.6788 0.971248233839
53.879 1.02823873543
54.0792 0.991906076649
54.2794 1.02740892304
54.4796 0.995385486832
54.6798 0.985828691464
54.88 0.993202901875
55.0802 1.00239061318
55.2804 0.961857358099
55.4806 0.989991281755
55.6808 0.995341996432
55.881 1.00728850134
56.0812 0.989683161768
56.2815 1.01216853957
56.4817 1.01222829317
56.6819 0.989811377211
56.8821 0.979961242683
57.0823 0.993604101826
57.2825 0.951517800543
57.4827 1.02180928639
57.6829 0.986621723432
57.8831 0.984759085163
58.0833 0.963009624549
58.2836 0.997976328548
58.4838 0.98674865297
58.684 1.01642000714
58.8842 1.04638737657
59.0844 0.998531134529
59.2846 1.0176373429
59.4848 1.00145430924
59.685 1.04106148643
59.8853 1.03699250063
60.0855 1.00643647329
60.2857 1.00433026355
60.4859 0.994573613109
60.6861 1.01397907349
60.8863 1.017695188
61.0865 1.02388902313
61.2868 1.02129426713
61.487 0.989960087736
61.6872 1.04022222263
61.8874 1.04458951035
62.0876 0.992042678933
62.2878 0.965801030007
62.4881 1.00529026642
62.6883 1.02886206369
62.8885 1.01484968424
63.0887 0.985747094213
63.2889 1.00210317042
63.4891 0.957147402339
63.6894 1.01523087781
63.8896 0.994885032828
64.0898 0.990819787181
64.29 1.01996433097
64.4902 0.990646239524
64.6905 0.981158265962
64.8907 1.00050609775
65.0909 0.996085553631
65.2911 0.959768010302
65.4913 1.00939643991
65.6916 0.962556403133
65.8918 1.03018930436
66.092 1.00012055169
66.2922 1.00055870308
66.4924 1.01083198997
66.6927 1.01720349268
66.8929 0.999835960259
67.0931 1.02776298808
67.2933 1.01568637421
67.4936 1.01592306169
67.6938 1.00041411303
67.894 0.975778629366
68.0942 0.978506270285
68.2945 1.04930840252
68.4947 0.999262395776
68.6949 0.98348910501
68.8951 1.013229777
69.0954 1.00781414849
69.2956 1.02618672549
69.4958 0.997623667007
69.696 0.960467201683
69.8963 1.00634351266
70.0965 1.01218330968
70.2967 0.939503422918
70.4969 1.00355004253
70.6972 0.974411848382
70.8974 0.941751053874
71.0976 0.974707962336
71.2979 0.979684950962
71.4981 0.980723416535
71.6983 1.0005557283
71.8985 0.981186361252
72.0988 1.02586871816
72.299 0.992046976777
72.4992 1.00317724576
72.6995 0.969043302216
72.8997 0.973095230139
73.0999 0.982508542511
73.3002 1.00337413585
73.5004 1.01682358675
73.7006 0.97721002826
73.9009 0.972430278318
74.1011 1.01071047383
74.3013 0.95830822215
74.5016 1.04800970424
74.7018 0.997781053888
74.902 0.990190704213
75.1023 0.955080239063
75.3025 1.03753784985
75.5027 0.996163565741
75.703 0.978065824503
75.9032 1.00976625496
76.1034 0.990902654641
76.3037 0.977561608216
76.5039 1.00778316682
76.7041 0.997049728469
76.9044 1.00830587989
77.1046 1.0049979955
77.3048 0.973424617227
77.5051 0.994495237575
77.7053 0.996611524476
77.9056 1.05545533976
78.1058 1.01160870027
78.306 0.972881435955
78.5063 1.00309421725
78.7065 1.00589226934
78.9067 0.967263068539
79.107 1.01041951639
79.3072 1.00848354845
79.5075 1.03905399028
79.7077 1.03428258623
79.9079 0.975097328343
80.1082 1.07360584227
80.3084 1.0104619975
80.5087 1.00949777071
80.7089 0.997376726219
80.9091 0.981720824318
81.1094 1.02712463683
81.3096 1.04175004248
81.5099 0.985190887198
81.7101 1.00020496202
81.9104 0.991924420352
82.1106 1.0494307611
82.3108 1.02586938817
82.5111 1.00314909192
82.7113 0.985780964787
82.9116 1.00024136307
83.1118 0.993209490448
83.3121 0.943384022527
83.5123 1.0043080108
83.7126 0.971346150292
83.9128 1.03422327023
84.113 0.987315589513
84.3133 1.04666994744
84.5135 1.03914486806
84.7138 0.961852782292
84.914 0.977165227772
85.1143 1.00510955579
85.3145 0.971392169273
85.5148 0.96686206737
85.715 1.01849374685
85.9153 1.03903628346
86.1155 0.988402709004
86.3158 1.04683866135
86.516 1.00324459687
86.7163 0.981739083936
86.9165 1.00189459901
87.1168 1.01252093599
87.317 1.01007978932
87.5173 1.00657528097
87.7175 0.965152937747
87.9178 1.00753187007
88.118 1.04127523032
88.3183 1.0259577734
88.5185 0.971887517612
88.7188 1.01269324244
88.919 0.99745958073
89.1193 1.02650768186
89.3195 0.986852341743
89.5198 0.988522344869
89.72 0.994031030147
89.9203 1.02858670201
90.1205 0.995248688366
90.3208 0.991046067454
90.521 0.985620405559
90.7213 1.00732858993
90.9216 1.00618567075
91.1218 1.038982544
91.3221 0.98576047442
91.5223 0.963559011353
91.7226 0.975344046867
91.9228 0.990853438277
92.1231 1.01456158451
92.3233 0.977445299539
92.5236 1.00363888809
92.7239 0.971019830546
92.9241 0.993666297588
93.1244 0.980090855018
93.3246 0.984069296888
93.5249 0.995477690212
93.7252 1.01966407234
93.9254 1.0450853784
94.1257 0.995461009726
94.3259 0.978841212701
94.5262 0.984098008483
94.7264 1.00628408698
94.9267 1.03880526364
95.127 0.997721315836
95.3272 0.980906720735
95.5275 1.01046106166
95.7278 0.978070476868
95.928 1.03111163189
96.1283 0.974616070047
96.3285 1.02341797862
96.5288 1.03203567385
96.7291 0.966512795939
96.9293 0.987756779646
97.1296 1.02300158343
97.3298 0.97983329064
97.5301 1.02143959087
97.7304 0.989646829233
97.9306 0.989182718204
98.1309 1.0234576062
98.3312 1.01295395764
98.5314 0.964406872427
98.7317 1.01778223376
98.932 1.00528466766
99.1322 0.966139736737
99.3325 0.984260753671
99.5328 1.0048502121
99.733 1.03116871856
99.9333 0.95873092534
