-100.0 0.697980435342
-99.8 1.09414212361
-99.6 1.09165736478
-99.4 0.867359214309
-99.2 1.20909785675
-99.0 1.29973719074
-98.8 0.84310659351
-98.6 0.874706610293
-98.4 0.851768731064
-98.2 1.32171224717
-98.0 0.989409375628
-97.8 0.820436575121
-97.6 0.953550127462
-97.4 0.964065550786
-97.2 1.05385762307
-97.0 0.707516322064
-96.8 1.02132133491
-96.6 1.10323799133
-96.4 1.33725216433
-96.2 0.999145572021
-95.9999 0.791221480258
-95.7999 0.638651536428
-95.5999 0.429336848594
-95.3999 0.719747713759
-95.1999 1.2742614267
-94.9999 1.31257694152
-94.7999 1.30837892129
-94.5999 1.05082877771
-94.3999 1.24904394973
-94.1999 1.0424782185
-93.9999 0.743930906734
-93.7999 0.85836044849
-93.5999 0.717866107799
-93.3999 1.1397668928
-93.1999 0.818055109127
-92.9998 0.906417651059
-92.7998 1.13528751341
-92.5998 1.21118599027
-92.3998 1.38064389899
-92.1998 0.731519287008
-91.9998 1.16754000813
-91.7998 0.808438027391
-91.5998 0.941546515484
-91.3998 0.688896258171
-91.1997 1.06420538197
-90.9997 0.884879391505
-90.7997 0.87421067572
-90.5997 0.771626203572
-90.3997 0.641550287746
-90.1997 0.921775200062
-89.9997 0.822166888887
-89.7997 1.40670423795
-89.5996 0.855948233871
-89.3996 0.703956045174
-89.1996 1.18577519942
-88.9996 0.867911677644
-88.7996 0.963175764458
-88.5996 0.775300043003
-88.3996 1.1985600132
-88.1995 1.16775212239
-87.9995 0.972689678821
-87.7995 1.1057999878
-87.5995 0.975473353802
-87.3995 1.23507520221
-87.1995 0.9468672956
-86.9994 0.967887239371
-86.7994 0.869504114069
-86.5994 0.96057112216
-86.3994 1.23000280179
-86.1994 1.1111337154
-85.9994 0.711415506353
-85.7993 0.51459953398
-85.5993 0.911240750368
-85.3993 0.820196052801
-85.1993 0.847748904155
-84.9993 1.36027901903
-84.7992 1.21464600308
-84.5992 1.22713218707
-84.3992 1.07711025011
-84.1992 0.588211536778
-83.9991 0.915648500855
-83.7991 0.977876042541
-83.5991 0.938230378996
-83.3991 0.941282507097
-83.1991 1.06758410407
-82.999 1.27005653864
-82.799 0.954266503699
-82.599 0.720024049608
-82.399 0.988167467617
-82.1989 1.28882955637
-81.9989 0.993770005314
-81.7989 1.07632956509
-81.5989 0.656670640062
-81.3988 0.831071277029
-81.1988 1.00079606986
-80.9988 1.34047606777
-80.7988 0.889248984419
-80.5987 1.06216953581
-80.3987 1.47986936456
-80.1987 0.767336967856
-79.9987 0.71587447687
-79.7986 1.28786176047
-79.5986 1.60152572577
-79.3986 1.18086264876
-79.1986 1.23912126415
-78.9985 1.15299068621
-78.7985 1.41585393829
-78.5985 1.00065909074
-78.3984 1.09439772018
-78.1984 0.98934575497
-77.9984 1.04956726891
-77.7984 0.992119756552
-77.5983 0.948142064959
-77.3983 0.719792387779
-77.1983 0.748072814299
-76.9982 0.985310151307
-76.7982 1.47046059852
-76.5982 1.13112072335
-76.3981 1.24933645052
-76.1981 1.01738384091
-75.9981 1.04386230619
-75.798 1.04008362456
-75.598 0.965181980697
-75.398 1.42963559347
-75.198 1.1815267188
-74.9979 0.766922505933
-74.7979 0.904733895369
-74.5978 1.26409481486
-74.3978 1.01410463377
-74.1978 0.766830287527
-73.9977 1.21252521443
-73.7977 1.26782711475
-73.5977 0.780423145417
-73.3976 0.503474894003
-73.1976 0.906323968432
-72.9976 1.13871540599
-72.7975 0.916866079133
-72.5975 1.39960159749
-72.3975 0.986822318039
-72.1974 1.02074857753
-71.9974 0.608762634829
-71.7973 0.638302800901
-71.5973 0.974408556761
-71.3973 1.30394293224
-71.1972 0.950742654622
-70.9972 0.476926190507
-70.7972 1.11225662855
-70.5971 0.990275745887
-70.3971 0.825732472627
-70.197 0.946986872131
-69.997 0.655611123326
-69.797 1.1952467608
-69.5969 1.10792432152
-69.3969 0.922541317741
-69.1968 0.787689133236
-68.9968 1.05577062886
-68.7968 1.00481388191
-68.5967 1.02947464273
-68.3967 1.17442750661
-68.1966 1.28565547931
-67.9966 0.933620184196
-67.7965 1.41575039228
-67.5965 0.744860120285
-67.3965 0.979433423947
-67.1964 1.1576022541
-66.9964 0.529087447804
-66.7963 0.997161183895
-66.5963 0.62309936654
-66.3962 1.12656804046
-66.1962 1.3358153536
-65.9961 0.39811509467
-65.7961 0.690245558072
-65.5961 0.808640377798
-65.396 0.838535613174
-65.196 0.851012767484
-64.9959 0.715487626496
-64.7959 0.957976967606
-64.5958 1.42077902723
-64.3958 0.870520542054
-64.1957 0.661410652375
-63.9957 0.706258765712
-63.7956 1.06076348453
-63.5956 1.16937484607
-63.3955 1.0075952198
-63.1955 1.16807916387
-62.9954 0.82823071852
-62.7954 0.850710428135
-62.5953 1.14293152274
-62.3953 0.886440387157
-62.1952 1.24919916672
-61.9952 1.03810325259
-61.7951 1.42777172348
-61.5951 1.23738834296
-61.395 1.30406753167
-61.195 1.05051130184
-60.9949 0.965491843976
-60.7949 0.801967094787
-60.5948 0.878309126481
-60.3948 1.96443018965
-60.1947 1.24381067883
-59.9947 1.1324298144
-59.7946 1.19190099331
-59.5946 1.14310907733
-59.3945 1.11326650622
-59.1944 0.872875666617
-58.9944 1.16630516706
-58.7943 0.87803224786
-58.5943 0.861903222921
-58.3942 1.19544094908
-58.1942 0.811088310914
-57.9941 0.477447043732
-57.7941 1.37213182598
-57.594 1.18107066581
-57.3939 1.43222085112
-57.1939 0.934315564649
-56.9938 0.757918376086
-56.7938 0.548331048712
-56.5937 0.749766033156
-56.3937 0.894416924107
-56.1936 1.09807786149
-55.9935 0.458468580128
-55.7935 0.755761524195
-55.5934 0.932338741664
-55.3934 1.05320791743
-55.1933 0.889635385988
-54.9932 1.29845574473
-54.7932 1.26491953279
-54.5931 0.75534293761
-54.3931 0.383224399611
-54.193 0.515818089527
-53.9929 1.03691990972
-53.7929 1.04040996754
-53.5928 0.901427810027
-53.3928 0.909181370609
-53.1927 1.5869027706
-52.9926 1.05072982711
-52.7926 1.05242432323
-52.5925 0.760813062334
-52.3924 0.661092083734
-52.1924 0.426436939438
-51.9923 0.999644240219
-51.7922 0.851565424058
-51.5922 1.03580203599
-51.3921 1.26168354196
-51.1921 0.807046308675
-50.992 0.847707065691
-50.7919 1.09177002937
-50.5919 0.815069650609
-50.3918 0.726052590625
-50.1917 1.1069199835
-49.9917 1.16748670716
-49.7916 0.968740806797
-49.5915 1.28822795268
-49.3915 1.2727341127
-49.1914 1.24434240867
-48.9913 0.869784547233
-48.7913 0.906747235036
-48.5912 0.912024180461
-48.3911 0.773074398671
-48.191 0.889037309216
-47.991 0.583075116219
-47.7909 0.756237787808
-47.5908 1.19002487157
-47.3908 1.20327695192
-47.1907 0.91761159816
-46.9906 0.647451251948
-46.7906 1.20869033794
-46.5905 0.862346323481
-46.3904 0.594040320153
-46.1903 1.02311598562
-45.9903 1.25693491411
-45.7902 1.50047833326
-45.5901 1.3194154861
-45.3901 1.30178792345
-45.19 1.25998971629
-44.9899 0.87859981635
-44.7898 1.18751464929
-44.5898 1.07194861038
-44.3897 0.935582406405
-44.1896 0.912698735996
-43.9895 1.09244102296
-43.7895 1.11432043755
-43.5894 1.32911019768
-43.3893 1.48364588201
-43.1892 1.17893400799
-42.9892 1.17861643221
-42.7891 0.939571389968
-42.589 0.742253064035
-42.3889 0.908537847089
-42.1889 0.900594403088
-41.9888 0.740189702639
-41.7887 1.31707168081
-41.5886 1.24864702859
-41.3885 0.955220590785
-41.1885 0.695470469904
-40.9884 0.661821320095
-40.7883 0.671544880602
-40.5882 0.761732590634
-40.3881 0.969765151906
-40.1881 0.88461296544
-39.988 0.955732717721
-39.7879 1.07200792982
-39.5878 1.05592494074
-39.3877 0.677914854147
-39.1877 0.805879451848
-38.9876 0.713778912015
-38.7875 0.616942640252
-38.5874 0.969832375123
-38.3873 1.12430145367
-38.1873 0.985115612207
-37.9872 1.22590928265
-37.7871 0.976099289204
-37.587 0.752780562586
-37.3869 0.576235017578
-37.1868 0.805700188226
-36.9868 0.781615376314
-36.7867 0.933695671011
-36.5866 1.11364004807
-36.3865 1.05223091564
-36.1864 0.488286421109
-35.9863 0.780287862148
-35.7862 0.961562058246
-35.5862 1.41008882608
-35.3861 0.959988781629
-35.186 0.822551667702
-34.9859 1.27495698635
-34.7858 0.742298128451
-34.5857 0.97814631264
-34.3856 0.941373490559
-34.1856 1.32735996003
-33.9855 0.609176930045
-33.7854 1.19614123421
-33.5853 0.924357929842
-33.3852 0.925532357334
-33.1851 0.140576267015
-32.985 0.123564920493
-32.7849 1.18782940091
-32.5848 1.1088965992
-32.3847 0.627439749482
-32.1847 0.145898238876
-31.9846 0.481899701604
-31.7845 1.01174665377
-31.5844 0.539574297899
-31.3843 0.950461563539
-31.1842 0.988602585865
-30.9841 0.527979184445
-30.784 0.930165659951
-30.5839 0.454556886823
-30.3838 1.01966562911
-30.1837 1.04510969104
-29.9836 0.473994756982
-29.7836 0.7300958086
-29.5835 0.278351469766
-29.3834 0.736225372624
-29.1833 0.355653527865
-28.9832 0.261446260232
-28.7831 0.805699095338
-28.583 0.446602266964
-28.3829 0.651389998389
-28.1828 0.70012811708
-27.9827 1.17806224114
-27.7826 0.850305652866
-27.5825 0.169996930499
-27.3824 0.950129822323
-27.1823 0.564564709334
-26.9822 0.803871857864
-26.7821 1.28780137104
-26.582 0.639217073518
-26.3819 1.31136335776
-26.1818 1.47088928968
-25.9817 1.43433832063
-25.7816 1.40293230403
-25.5815 1.36762475923
-25.3814 0.631039386607
-25.1813 0.801238484964
-24.9812 0.681155987678
-24.7811 0.600199402319
-24.581 1.28198327984
-24.3809 1.86132368398
-24.1808 1.86305509399
-23.9807 0.977670185265
-23.7806 0.761555733717
-23.5805 0.349091056288
-23.3804 1.20015664914
-23.1803 0.855356672485
-22.9802 1.1129290445
-22.7801 0.524298514789
-22.58 0.717067775172
-22.3799 0.666786514564
-22.1798 0.816216635118
-21.9797 0.852667970364
-21.7796 1.07050203678
-21.5795 0.241999060856
-21.3794 -0.0124127128196
-21.1793 0.629365883873
-20.9792 0.848643621003
-20.7791 0.739516302138
-20.579 0.820888596942
-20.3789 0.636252428746
-20.1787 0.603656364609
-19.9786 0.561693433474
-19.7785 0.500876450828
-19.5784 0.916147132493
-19.3783 0.853373880023
-19.1782 0.145838368562
-18.9781 0.636559828787
-18.778 0.10519328311
-18.5779 0.151048392702
-18.3778 0.490549853837
-18.1777 0.5483032228
-17.9776 -0.0312373035853
-17.7774 0.374006385352
-17.5773 0.420472493507
-17.3772 -0.0724239454663
-17.1771 0.198730054589
-16.977 0.410761147415
-16.7769 0.226366881308
-16.5768 0.0105915557195
-16.3767 0.0392378310961
-16.1766 0.149453551937
-15.9764 0.302277082281
-15.7763 0.0353214100349
-15.5762 0.965017855829
-15.3761 0.253773181846
-15.176 0.141658666883
-14.9759 0.581879178179
-14.7758 -0.0357153566689
-14.5757 -0.0270602784405
-14.3755 0.349351322664
-14.1754 0.257294107593
-13.9753 0.0525519219871
-13.7752 0.12370625458
-13.5751 0.484958035262
-13.375 0.386380153236
-13.1749 0.136547443074
-12.9747 0.38380767981
-12.7746 0.0824733267675
-12.5745 0.61160098464
-12.3744 0.332308563347
-12.1743 -0.0223495978026
-11.9742 0.543274872174
-11.774 1.54845580531
-11.5739 0.0319931964141
-11.3738 1.14792959084
-11.1737 0.053611424745
-10.9736 0.86227577128
-10.7734 0.559200298162
-10.5733 0.617145212663
-10.3732 0.032290570616
-10.1731 0.0891732516487
-9.97296 0.190708328772
-9.77284 0.217359294609
-9.57272 0.206839802208
-9.3726 0.646470136451
-9.17248 0.0527972183233
-8.97236 0.126977927732
-8.77224 0.77137233393
-8.57211 0.0923706650189
-8.37199 0.238413676411
-8.17187 0.730898286778
-7.97175 0.17403048797
-7.77163 1.0331022473
-7.5715 0.537253252895
-7.37138 0.689527049403
-7.17125 1.0083779788
-6.97113 0.746637920558
-6.77101 0.570903588085
-6.57088 0.763506127265
-6.37076 0.307995820499
-6.17063 0.115734690012
-5.97051 0.471898821277
-5.77038 0.122911315255
-5.57025 0.0897951511351
-5.37013 1.19842340499
-5.17 0.249013075543
-4.96987 0.455280691547
-4.76975 0.00667938735377
-4.56962 0.0922364837389
-4.36949 1.29385975051
-4.16937 1.01602376239
-3.96924 0.839156436938
-3.76911 0.412198045747
-3.56898 0.403485447464
-3.36885 -0.0918703640655
-3.16872 0.242039467499
-2.96859 -0.139396736833
-2.76846 0.421058470037
-2.56833 0.553567904533
-2.3682 0.389376813103
-2.16807 0.071988486432
-1.96794 -0.0456383593873
-1.76781 0.256270776993
-1.56768 0.193032230558
-1.36755 0.165974864699
-1.16742 0.3794115886
-0.967284 0.329799482912
-0.767152 1.25738838269
-0.567019 1.20428642614
-0.366886 0.781488284188
-0.166753 0.381600378455
0.0333802 0.144682845746
0.233514 0.171906161416
0.433648 0.191997773746
0.633782 0.324650781573
0.833917 0.216426785307
1.03405 0.915283850066
1.23419 0.425131198895
1.43432 0.320772825138
1.63446 0.199429745953
1.83459 0.981046136308
2.03473 1.57039012163
2.23487 0.207541140862
2.435 0.313382460906
2.63514 0.519982570884
2.83528 0.241663648828
3.03541 0.151362984841
3.23555 0.211527451757
3.43569 0.665524307919
3.63583 -0.156907325444
3.83597 0.0991134739385
4.0361 0.961641855527
4.23624 -0.0393301677122
4.43638 -0.0845402479731
4.63652 0.00452754707986
4.83666 -0.176157079425
5.0368 -0.0980758348599
5.23694 -0.0386688225906
5.43708 -0.144200720446
5.63722 -0.124343975835
5.83737 0.0823026834445
6.03751 -0.109455891796
6.23765 0.196619961489
6.43779 -0.00887977629554
6.63793 0.165355419838
6.83808 0.106554045173
7.03822 0.00261427966116
7.23836 -0.0685180008612
7.4385 -0.0180565936945
7.63865 0.174905583556
7.83879 0.502052059626
8.03894 -0.0719570516591
8.23908 -0.154162755812
8.43923 0.0339901403693
8.63937 0.0460230347636
8.83951 0.0392912431484
9.03966 0.122191159066
9.23981 -0.146614585251
9.43995 0.135635795275
9.6401 0.0633749960178
9.84025 -0.166558356456
10.0404 -0.0784395023156
10.2405 0.197907964995
10.4407 0.65268618343
10.6408 0.0771194262321
10.841 0.112443638439
11.0411 0.644109426959
11.2413 0.333832985121
11.4414 0.526765532161
11.6416 0.634122158325
11.8417 0.175898160079
12.0419 0.378472473229
12.242 0.184133281757
12.4422 1.09256651604
12.6423 0.322348960134
12.8425 0.52695226454
13.0426 0.375268560459
13.2428 0.670103477917
13.4429 0.229489338713
13.6431 0.513966005425
13.8432 0.21547194695
14.0434 0.129116333951
14.2435 -0.045913380514
14.4437 -0.0406035333192
14.6438 -0.0592474270728
14.844 0.353949327495
15.0441 0.486646854554
15.2443 0.635675829933
15.4445 1.22086700152
15.6446 0.727965855709
15.8448 0.274011006894
16.0449 0.00704617750932
16.2451 0.0888946591863
16.4452 0.0642339794351
16.6454 0.214865775757
16.8455 0.169049644891
17.0457 0.762703856123
17.2459 0.689380548445
17.446 0.351782452849
17.6462 0.33406622229
17.8463 0.413118633232
18.0465 1.9073499069
18.2466 0.977986132015
18.4468 0.351324802923
18.647 1.18794557148
18.8471 0.759027302406
19.0473 0.354744651097
19.2474 0.388584971522
19.4476 0.239895489007
19.6478 0.180908318608
19.8479 0.151746817937
20.0481 0.093719503093
20.2482 0.500067730393
20.4484 0.477558173709
20.6486 0.577589274209
20.8487 1.01250153423
21.0489 0.322906688358
21.249 1.4503045189
21.4492 0.383989950615
21.6494 0.623511677578
21.8495 0.417904439509
22.0497 0.768382658346
22.2498 0.160242283602
22.45 0.390748030211
22.6502 1.24389495989
22.8503 0.598004425191
23.0505 0.752392813571
23.2507 1.43589214655
23.4508 0.787615209268
23.651 1.49750596467
23.8512 0.609438795269
24.0513 0.708803918722
24.2515 0.935647561393
24.4517 1.33190409618
24.6518 1.18871683463
24.852 0.295004219181
25.0522 0.841832688056
25.2523 0.75414492478
25.4525 0.854321214399
25.6527 1.50081528548
25.8528 0.829846958805
26.053 0.48580235784
26.2532 0.384845318928
26.4533 0.384210812548
26.6535 1.25926459224
26.8537 0.571181246575
27.0538 0.661275689849
27.254 0.21318152753
27.4542 0.895964258878
27.6544 1.15449697288
27.8545 0.263824797939
28.0547 0.908063109985
28.2549 0.493785736848
28.455 0.713070702391
28.6552 0.337293560417
28.8554 0.542746563751
29.0556 0.439143142641
29.2557 0.441320102288
29.4559 0.995348450266
29.6561 0.676094757138
29.8562 0.882822813573
30.0564 0.79920252747
30.2566 0.873939195294
30.4568 0.839921088436
30.6569 0.807277970106
30.8571 1.00375842112
31.0573 0.622894425057
31.2575 0.279401903917
31.4576 0.529329405911
31.6578 0.505640647828
31.858 0.753121987096
32.0582 0.925933311384
32.2583 1.05588958185
32.4585 0.794656454959
32.6587 1.0414262223
32.8589 1.06202737281
33.0591 0.483141339803
33.2592 0.534853886442
33.4594 0.723250957991
33.6596 1.45990381272
33.8598 0.978529684454
34.0599 0.442616732169
34.2601 0.554817143572
34.4603 0.686578987246
34.6605 0.695168220832
34.8607 0.674039291737
35.0608 1.02276806763
35.261 0.374911000203
35.4612 1.27737428746
35.6614 1.23523126068
35.8616 0.724425544281
36.0617 0.885073127964
36.2619 1.21095898373
36.4621 0.996520290086
36.6623 1.06933301943
36.8625 0.817717179053
37.0627 0.868012612182
37.2628 1.15989923361
37.463 1.11605035038
37.6632 0.922637910654
37.8634 0.786481069611
38.0636 1.10106826381
38.2638 0.820587695499
38.4639 0.930497833893
38.6641 1.20908009162
38.8643 1.11963817846
39.0645 0.989646648659
39.2647 1.26390259598
39.4649 0.917882860642
39.6651 1.2096367286
39.8652 1.45671347221
40.0654 0.815703432936
40.2656 0.879561703557
40.4658 0.397458705833
40.666 0.853909160783
40.8662 0.769066528828
41.0664 0.574473675141
41.2666 0.728414855492
41.4668 0.526666906325
41.6669 1.25018848228
41.8671 0.988844848152
42.0673 0.302202698356
42.2675 0.926973478763
42.4677 1.09284147258
42.6679 1.16997631233
42.8681 1.23648004958
43.0683 0.950055522072
43.2685 1.12368967196
43.4687 1.5057508397
43.6688 1.04749600479
43.869 0.784702301519
44.0692 0.521523803096
44.2694 0.794419225044
44.4696 0.798785750382
44.6698 1.11245796374
44.87 1.17514440243
45.0702 0.704702446956
45.2704 1.19453583356
45.4706 1.28661871261
45.6708 1.2186602716
45.871 1.74615456416
46.0712 1.27553689473
46.2714 0.786823993404
46.4716 0.992024305381
46.6718 0.864397614787
46.8719 0.698494953527
47.0721 1.41971060862
47.2723 1.14777651142
47.4725 0.650175882454
47.6727 0.637048364558
47.8729 0.850803426573
48.0731 1.09349924631
48.2733 0.733407730651
48.4735 0.626935788184
48.6737 1.14516870582
48.8739 1.28787939217
49.0741 0.91986379184
49.2743 0.678881184135
49.4745 0.851249679129
49.6747 1.21205638936
49.8749 0.773564416676
50.0751 1.25539477395
50.2753 1.16564056283
50.4755 0.828183283698
50.6757 0.894259017182
50.8759 0.561179934279
51.0761 0.882350893072
51.2763 0.634915684959
51.4765 1.42000647101
51.6767 1.20625830229
51.8769 0.770004581038
52.0771 0.930208855777
52.2773 1.02162535149
52.4775 0.501978873076
52.6777 0.759770433513
52.8779 0.732611678524
53.0782 0.907767017533
53.2784 1.17805168779
53.4786 0.982171768593
53.6788 0.99669881455
53.879 0.873212578437
54.0792 0.996356118251
54.2794 0.99421396686
54.4796 0.98291889281
54.6798 0.779834462976
54.88 0.723064805239
55.0802 0.968541217449
55.2804 0.691756852771
55.4806 0.642806534646
55.6808 1.27696193296
55.881 0.98738284682
56.0812 0.866689992836
56.2815 1.07740891824
56.4817 1.1136660272
56.6819 0.879558915366
56.8821 1.18456733563
57.0823 0.9059516961
57.2825 1.12207617816
57.4827 0.910662025432
57.6829 0.889172207585
57.8831 1.21638287334
58.0833 0.950372570291
58.2836 1.19157810078
58.4838 0.98832274384
58.684 1.00164591989
58.8842 0.770950298447
59.0844 0.845824828078
59.2846 0.810516556901
59.4848 1.18358459886
59.685 0.621370872317
59.8853 0.991128422006
60.0855 1.45403953299
60.2857 0.967970058123
60.4859 0.946297276972
60.6861 0.830130608722
60.8863 1.17949156521
61.0865 1.14808829119
61.2868 1.03649615354
61.487 1.02917291284
61.6872 1.16024711545
61.8874 1.56175050758
62.0876 1.16659327602
62.2878 0.781797466788
62.4881 1.20879063809
62.6883 1.28559345663
62.8885 0.947357810174
63.0887 1.21021262347
63.2889 0.924307382253
63.4891 1.5258660644
63.6894 1.17713938242
63.8896 1.25576803321
64.0898 0.70452208077
64.29 0.927019286084
64.4902 1.12897439907
64.6905 1.14565586954
64.8907 0.780751465817
65.0909 1.32892575415
65.2911 0.557628197761
65.4913 1.38705089326
65.6916 1.02741077529
65.8918 1.06279759618
66.092 0.748831069865
66.2922 0.77433952242
66.4924 1.22298774107
66.6927 1.33382463118
66.8929 0.995183704408
67.0931 1.04131195508
67.2933 0.802328706277
67.4936 1.0206780307
67.6938 1.22715054564
67.894 1.04731550462
68.0942 0.682484830422
68.2945 0.687005785109
68.4947 1.09706755564
68.6949 1.24486983578
68.8951 1.20076568263
69.0954 1.0463088128
69.2956 1.23158841419
69.4958 0.935580282851
69.696 1.26694032302
69.8963 0.886097437376
70.0965 1.22912555602
70.2967 0.801014086186
70.4969 0.89070676661
70.6972 0.828345733989
70.8974 0.823717931316
71.0976 1.10353823104
71.2979 0.966280457833
71.4981 0.727377789185
71.6983 1.04357902917
71.8985 1.01197475818
72.0988 0.819327590441
72.299 0.942565392881
72.4992 1.09257219153
72.6995 1.05385212092
72.8997 1.37091708667
73.0999 1.18659109305
73.3002 0.627672665965
73.5004 0.534855902582
73.7006 0.617038832423
73.9009 0.958062876148
74.1011 1.40988212061
74.3013 1.10420588797
74.5016 0.923370453622
74.7018 0.588560545359
74.902 1.31456150277
75.1023 0.871301205276
75.3025 0.864880141892
75.5027 1.11048578352
75.703 0.845670014733
75.9032 1.21360473288
76.1034 1.29545828331
76.3037 0.935229277061
76.5039 0.511055474165
76.7041 1.17804725726
76.9044 0.883285868595
77.1046 0.889036621842
77.3048 0.79171757086
77.5051 1.22497124976
77.7053 1.06055686619
77.9056 1.09782204997
78.1058 0.875693633848
78.306 0.980440335448
78.5063 0.818999188572
78.7065 0.563637520465
78.9067 1.00875151625
79.107 1.10049448086
79.3072 1.0305622608
79.5075 0.778099240459
79.7077 1.30329229364
79.9079 1.06094516084
80.1082 1.12511541256
80.3084 0.980112915116
80.5087 1.04478011413
80.7089 1.07422777133
80.9091 1.24428695434
81.1094 1.29301667252
81.3096 0.769509858063
81.5099 1.04452891981
81.7101 0.983758959291
81.9104 1.35659496665
82.1106 0.859345682819
82.3108 0.964225777915
82.5111 0.688895953006
82.7113 1.27133877157
82.9116 1.02623008864
83.1118 0.657961600855
83.3121 1.52947285455
83.5123 1.38458691892
83.7126 0.887373651654
83.9128 0.699739339165
84.113 0.648548529327
84.3133 0.70797060131
84.5135 0.988288115441
84.7138 0.872806146431
84.914 1.04635746842
85.1143 0.664272027954
85.3145 1.39812701168
85.5148 0.864546052794
85.715 1.37587888353
85.9153 1.30774688306
86.1155 1.46098383071
86.3158 0.992840188407
86.516 0.966548632238
86.7163 1.22829739597
86.9165 0.980561656522
87.1168 1.41718142945
87.317 1.01983319104
87.5173 1.31944977653
87.7175 1.28639240282
87.9178 0.592556463092
88.118 1.07535657545
88.3183 0.638272823736
88.5185 0.960895652115
88.7188 1.01140516277
88.919 0.659998904682
89.1193 1.35541716458
89.3195 0.984314138594
89.5198 0.953488346863
89.72 0.836193319077
89.9203 1.25644595267
90.1205 1.12596235354
90.3208 1.06065415028
90.521 1.19359498414
90.7213 0.787408692299
90.9216 0.816658743379
91.1218 1.00598600606
91.3221 0.71250887646
91.5223 0.906695056309
91.7226 0.789194221069
91.9228 0.701352844772
92.1231 1.39800112433
92.3233 0.976880114755
92.5236 1.17967559708
92.7239 0.905993069117
92.9241 0.623608714281
93.1244 1.12532602442
93.3246 1.04151592707
93.5249 0.74409741492
93.7252 1.13593099707
93.9254 1.30984584259
94.1257 1.29856916293
94.3259 0.894160548004
94.5262 0.858151920261
94.7264 0.377019454513
94.9267 0.87390487616
95.127 0.986602118799
95.3272 0.934043593992
95.5275 1.00041728789
95.7278 0.846869553566
95.928 0.954666363335
96.1283 1.11384930082
96.3285 1.00575120627
96.5288 1.03364771175
96.7291 1.11049044899
96.9293 0.62985655498
97.1296 0.892294640397
97.3298 0.941159430639
97.5301 1.33852503172
97.7304 0.954873859354
97.9306 0.791857752936
98.1309 0.917904688384
98.3312 0.768238556205
98.5314 0.96605301573
98.7317 0.745709767456
98.932 1.01026588852
99.1322 0.727929536759
99.3325 0.891635792654
99.5328 0.644257429647
99.733 0.713791096177
99.9333 1.21169065544
