-100.0 0.765061002871
-99.8 1.07679781576
-99.6 1.11174679439
-99.4 1.06243058567
-99.2 0.998749404402
-99.0 1.21199853277
-98.8 1.02464711428
-98.6 1.10750873704
-98.4 0.933076316609
-98.2 1.00285408065
-98.0 0.971548985206
-97.8 0.936325190913
-97.6 0.894957536296
-97.4 1.01077070417
-97.2 0.951905762625
-97.0 0.907338431444
-96.8 0.974869602139
-96.6 1.21696948337
-96.4 0.930768143102
-96.2 0.957537092877
-95.9999 0.983640386034
-95.7999 0.927061375545
-95.5999 0.957336731223
-95.3999 0.893777558706
-95.1999 0.93396544717
-94.9999 0.912476937698
-94.7999 1.25154422394
-94.5999 1.28657436723
-94.3999 1.08190350404
-94.1999 1.04773886036
-93.9999 1.11537990297
-93.7999 0.91090968418
-93.5999 1.16870323432
-93.3999 1.14268858598
-93.1999 0.825385125349
-92.9998 0.946830033199
-92.7998 1.09959508103
-92.5998 1.0684977876
-92.3998 1.13231440725
-92.1998 0.751759985387
-91.9998 1.28047158623
-91.7998 1.01879931467
-91.5998 0.893646519582
-91.3998 0.767273746629
-91.1997 0.818314600828
-90.9997 1.11319795616
-90.7997 1.02335276145
-90.5997 1.03156349155
-90.3997 1.16988242275
-90.1997 0.881080019622
-89.9997 0.978492226962
-89.7997 0.842956582268
-89.5996 0.89731188142
-89.3996 0.96978379714
-89.1996 0.913052320388
-88.9996 1.23298601945
-88.7996 1.01367720879
-88.5996 0.914858757896
-88.3996 0.935834983098
-88.1995 0.994525588745
-87.9995 0.893273873223
-87.7995 0.915401968588
-87.5995 0.970585037964
-87.3995 0.928996386614
-87.1995 0.777307203102
-86.9994 0.970229506658
-86.7994 1.07728206875
-86.5994 0.952974278253
-86.3994 1.15557714247
-86.1994 1.21508307851
-85.9994 1.12893356114
-85.7993 0.932000655172
-85.5993 0.875176548068
-85.3993 0.746443650636
-85.1993 1.04077740123
-84.9993 0.886379226182
-84.7992 1.05513734981
-84.5992 0.767826907245
-84.3992 1.05480900688
-84.1992 1.03191033275
-83.9991 0.907703321771
-83.7991 1.11586869552
-83.5991 1.20074862488
-83.3991 1.10058135207
-83.1991 1.1678657633
-82.999 1.23115690754
-82.799 0.878235062874
-82.599 0.832660397436
-82.399 0.871397926555
-82.1989 0.995832570597
-81.9989 0.726071501056
-81.7989 0.931525134257
-81.5989 1.06892341153
-81.3988 0.956764873199
-81.1988 0.935527183742
-80.9988 0.693596862089
-80.7988 0.929568878257
-80.5987 0.906153000449
-80.3987 1.0784709855
-80.1987 1.11043617862
-79.9987 0.942204105352
-79.7986 1.01173059773
-79.5986 1.00197112071
-79.3986 0.912362823931
-79.1986 0.857270449719
-78.9985 0.782913739584
-78.7985 1.16077300311
-78.5985 1.00629556067
-78.3984 0.962413570468
-78.1984 1.20670120568
-77.9984 0.905892058784
-77.7984 1.05306514264
-77.5983 1.09828011073
-77.3983 0.926633114073
-77.1983 1.27287103548
-76.9982 0.956693765121
-76.7982 0.904381722552
-76.5982 1.00690151172
-76.3981 0.842826465308
-76.1981 0.965804911455
-75.9981 0.825299997003
-75.798 0.899709882813
-75.598 0.903357815693
-75.398 1.26799252107
-75.198 1.14628610941
-74.9979 0.954682974711
-74.7979 1.33586056144
-74.5978 1.03165558062
-74.3978 0.997904392404
-74.1978 0.821314807397
-73.9977 1.01977641299
-73.7977 1.00249142082
-73.5977 1.08891884817
-73.3976 0.940338766792
-73.1976 1.18593507927
-72.9976 0.950362452924
-72.7975 1.06253790972
-72.5975 1.18812795996
-72.3975 1.05895297106
-72.1974 0.97961611482
-71.9974 0.779834577406
-71.7973 1.2499212669
-71.5973 0.970470528008
-71.3973 0.932573937037
-71.1972 1.14623240516
-70.9972 0.909555732199
-70.7972 0.962603208322
-70.5971 0.916194358717
-70.3971 0.837852719117
-70.197 0.990060527803
-69.997 0.910115726483
-69.797 0.938897969524
-69.5969 0.952019350141
-69.3969 0.796895591937
-69.1968 1.19503882515
-68.9968 1.12487262252
-68.7968 1.03005856769
-68.5967 0.964156886709
-68.3967 1.07028229049
-68.1966 0.83070247242
-67.9966 1.21584981646
-67.7965 0.792692400125
-67.5965 0.996863790837
-67.3965 1.06076884704
-67.1964 1.03313014932
-66.9964 1.04000877493
-66.7963 1.22778038038
-66.5963 1.07197634255
-66.3962 1.05783797118
-66.1962 0.906721230574
-65.9961 0.868290748818
-65.7961 0.923965271738
-65.5961 0.831572455369
-65.396 0.850497908395
-65.196 1.04297689794
-64.9959 1.0102971043
-64.7959 1.11622658603
-64.5958 1.12748810137
-64.3958 1.02586681019
-64.1957 0.90564825286
-63.9957 0.99229288696
-63.7956 1.0488788945
-63.5956 0.873752924615
-63.3955 0.901376734085
-63.1955 1.0180975807
-62.9954 1.21495736949
-62.7954 1.17754425983
-62.5953 1.08525582178
-62.3953 0.93821462023
-62.1952 0.805487183913
-61.9952 0.960001408706
-61.7951 1.20893896751
-61.5951 0.966501265111
-61.395 1.1255264227
-61.195 1.13472212401
-60.9949 1.01970444144
-60.7949 0.917845526718
-60.5948 1.04639053793
-60.3948 1.06990155
-60.1947 1.09713692404
-59.9947 0.982813173011
-59.7946 1.0654603197
-59.5946 0.972036417413
-59.3945 1.02402232462
-59.1944 1.11293334964
-58.9944 1.08891268002
-58.7943 0.999418560862
-58.5943 1.00096577526
-58.3942 1.19701546473
-58.1942 0.999396303166
-57.9941 0.906119052422
-57.7941 0.792183942233
-57.594 0.914142336964
-57.3939 0.921596391258
-57.1939 0.995427843364
-56.9938 1.0250347829
-56.7938 1.09390760452
-56.5937 1.19782628731
-56.3937 0.9639676523
-56.1936 0.979861842097
-55.9935 1.07872598865
-55.7935 0.753229555351
-55.5934 0.856090475722
-55.3934 1.01426846069
-55.1933 0.728844228562
-54.9932 0.982085913547
-54.7932 0.912344694641
-54.5931 1.07182282977
-54.3931 0.932301654151
-54.193 1.11355056219
-53.9929 0.981250250685
-53.7929 1.26826085445
-53.5928 1.04852647033
-53.3928 0.842225139469
-53.1927 0.936701214526
-52.9926 1.03157262928
-52.7926 1.08455646739
-52.5925 0.893399895677
-52.3924 0.837333366228
-52.1924 0.840971223074
-51.9923 1.00589523087
-51.7922 1.18750582638
-51.5922 0.879491811714
-51.3921 1.09363662007
-51.1921 1.16889814451
-50.992 1.04108674119
-50.7919 1.09340437197
-50.5919 0.999097733183
-50.3918 0.84853834397
-50.1917 0.884454728986
-49.9917 0.903952346296
-49.7916 1.06255896578
-49.5915 1.13248723263
-49.3915 1.06886923901
-49.1914 0.897290996439
-48.9913 0.965358110812
-48.7913 0.985317256895
-48.5912 1.22147345732
-48.3911 1.14609695902
-48.191 0.992300565984
-47.991 0.924257356673
-47.7909 1.19065702015
-47.5908 1.00921551927
-47.3908 0.980333673975
-47.1907 0.948407807892
-46.9906 1.15180560289
-46.7906 0.909490411507
-46.5905 0.878646929903
-46.3904 0.655201610825
-46.1903 1.06910800038
-45.9903 0.676100662879
-45.7902 0.96525713018
-45.5901 0.896999716462
-45.3901 1.11239682062
-45.19 1.16375077881
-44.9899 0.72715493645
-44.7898 0.773336582588
-44.5898 0.98485813714
-44.3897 0.98963317832
-44.1896 1.09537236438
-43.9895 1.0420461594
-43.7895 1.17381700381
-43.5894 1.14102764036
-43.3893 1.11280125627
-43.1892 0.999727656313
-42.9892 0.961917000749
-42.7891 1.04303387089
-42.589 0.93425147187
-42.3889 0.925199432827
-42.1889 0.740338498031
-41.9888 1.02386889902
-41.7887 1.19639644913
-41.5886 0.948279520472
-41.3885 1.17624430642
-41.1885 0.977417046306
-40.9884 0.949434425818
-40.7883 1.06937798479
-40.5882 0.841989430975
-40.3881 1.05253917903
-40.1881 1.01774146554
-39.988 1.28481045718
-39.7879 1.21909002177
-39.5878 0.827090711658
-39.3877 1.0235742216
-39.1877 0.940330620578
-38.9876 1.03857374568
-38.7875 0.992797802627
-38.5874 1.14346087024
-38.3873 1.14356946619
-38.1873 1.00248592226
-37.9872 0.840719984621
-37.7871 0.810639488839
-37.587 0.862131418481
-37.3869 0.868831534592
-37.1868 0.807093934578
-36.9868 1.0665729816
-36.7867 0.639770757123
-36.5866 1.08000051906
-36.3865 1.18446335559
-36.1864 0.930220660372
-35.9863 0.960922212142
-35.7862 0.938194640281
-35.5862 0.681494055021
-35.3861 0.702011279138
-35.186 0.851928926411
-34.9859 1.15009607299
-34.7858 0.703499238664
-34.5857 1.02009366693
-34.3856 0.766784733067
-34.1856 0.923820785274
-33.9855 1.12549659629
-33.7854 0.949294427307
-33.5853 0.857554880541
-33.3852 0.963464703787
-33.1851 0.820685754444
-32.985 0.791740490096
-32.7849 0.885734445058
-32.5848 0.797924447023
-32.3847 0.954246668557
-32.1847 1.14182123651
-31.9846 1.02873410507
-31.7845 0.879609273246
-31.5844 0.909842550465
-31.3843 0.745150099321
-31.1842 0.731781343565
-30.9841 0.812511793705
-30.784 1.09650644002
-30.5839 0.684384532504
-30.3838 0.891632565251
-30.1837 1.14122852683
-29.9836 1.02289440829
-29.7836 1.23083362809
-29.5835 1.29578077492
-29.3834 1.15376495427
-29.1833 0.939850840308
-28.9832 1.08823154874
-28.7831 0.895314724621
-28.583 0.766287580871
-28.3829 1.16929574916
-28.1828 0.891012630284
-27.9827 1.10996808842
-27.7826 1.24276118531
-27.5825 1.03569154818
-27.3824 0.873346188698
-27.1823 0.948663313867
-26.9822 0.871583300968
-26.7821 0.982528022959
-26.582 1.17056069777
-26.3819 0.875541147648
-26.1818 0.670384787157
-25.9817 0.783931970576
-25.7816 1.25124341243
-25.5815 0.850605539271
-25.3814 0.898495294714
-25.1813 0.879126492421
-24.9812 1.00531773753
-24.7811 0.73949288609
-24.581 0.709993040199
-24.3809 1.07651749907
-24.1808 0.806367339681
-23.9807 0.904553054572
-23.7806 0.809145673076
-23.5805 0.78898701493
-23.3804 0.856370975887
-23.1803 0.763107417089
-22.9802 0.844200648066
-22.7801 0.518412162514
-22.58 0.621836367868
-22.3799 1.26292015051
-22.1798 0.303020239282
-21.9797 0.89112084075
-21.7796 0.838381759494
-21.5795 1.15294196536
-21.3794 1.12904919301
-21.1793 0.983925231245
-20.9792 0.828137111932
-20.7791 0.710670897059
-20.579 1.26939897426
-20.3789 1.00190522831
-20.1787 0.511592592856
-19.9786 0.569317081389
-19.7785 0.366880637274
-19.5784 0.917615393281
-19.3783 0.465717531887
-19.1782 0.394222000422
-18.9781 0.696867561909
-18.778 0.799783810529
-18.5779 0.683012221177
-18.3778 0.435960483988
-18.1777 0.478213728643
-17.9776 0.50281452153
-17.7774 0.563626318787
-17.5773 0.754098786572
-17.3772 0.661316818499
-17.1771 0.686801552728
-16.977 0.851407764551
-16.7769 0.372026506125
-16.5768 0.586438393723
-16.3767 0.317956708506
-16.1766 0.235438214985
-15.9764 0.157966128115
-15.7763 0.287990868756
-15.5762 0.778739114565
-15.3761 0.847793647169
-15.176 0.508879914932
-14.9759 0.272432193271
-14.7758 0.337660859521
-14.5757 0.457126104088
-14.3755 0.390205533649
-14.1754 0.283616246225
-13.9753 0.681445441747
-13.7752 0.881720168171
-13.5751 0.128623237318
-13.375 0.246152287259
-13.1749 0.370454458539
-12.9747 0.194264308726
-12.7746 -0.0248303459619
-12.5745 0.32796079406
-12.3744 0.0771120773649
-12.1743 0.0980296476554
-11.9742 0.398064617204
-11.774 0.895198106054
-11.5739 0.410180433121
-11.3738 0.637287705482
-11.1737 0.140025366837
-10.9736 0.799952085803
-10.7734 0.52975994366
-10.5733 0.507673535317
-10.3732 0.715280622029
-10.1731 0.656851003985
-9.97296 0.588622868904
-9.77284 0.619328877039
-9.57272 0.236751172335
-9.3726 0.581051698907
-9.17248 0.582091252327
-8.97236 0.0381025496698
-8.77224 0.14158864456
-8.57211 0.115435982012
-8.37199 0.377829502286
-8.17187 0.430328559922
-7.97175 0.0878678147303
-7.77163 0.679033612982
-7.5715 0.783510500019
-7.37138 0.335475986891
-7.17125 0.696781690231
-6.97113 0.510446192591
-6.77101 -0.0456591813098
-6.57088 0.12238233241
-6.37076 0.287664526141
-6.17063 0.457980582797
-5.97051 0.976464104578
-5.77038 0.862768901798
-5.57025 0.40983899401
-5.37013 0.568756930143
-5.17 0.546086913361
-4.96987 0.82739757965
-4.76975 0.528514508985
-4.56962 0.586736526554
-4.36949 0.286583532979
-4.16937 1.09577709229
-3.96924 1.22444845775
-3.76911 0.900190075452
-3.56898 0.138376559516
-3.36885 0.483033051102
-3.16872 0.817563264049
-2.96859 0.735724104756
-2.76846 0.696123540579
-2.56833 0.827198334707
-2.3682 0.484418874337
-2.16807 0.325392140712
-1.96794 0.296679578444
-1.76781 0.213211053056
-1.56768 0.0389991600358
-1.36755 0.0232738401268
-1.16742 0.312273491142
-0.967284 0.54811986702
-0.767152 0.519498429426
-0.567019 0.121504103843
-0.366886 0.190861685673
-0.166753 0.119771869928
0.0333802 0.503066813815
0.233514 0.706531543365
0.433648 0.339527453643
0.633782 0.0844647559196
0.833917 0.0516020045866
1.03405 0.0407395160026
1.23419 0.0303859680469
1.43432 0.447701412562
1.63446 0.393925357757
1.83459 0.716582879806
2.03473 1.42716282937
2.23487 0.523083798939
2.435 0.0819057173879
2.63514 0.460092844329
2.83528 0.737827888358
3.03541 0.142349321587
3.23555 0.97075675982
3.43569 0.0876510055034
3.63583 0.117270578178
3.83597 0.112154492674
4.0361 0.103694656264
4.23624 0.203985713545
4.43638 0.136829179227
4.63652 -0.0360295272947
4.83666 0.0341037025096
5.0368 -0.0565019235455
5.23694 -0.000465556208775
5.43708 -0.144850801584
5.63722 -0.0420852802381
5.83737 -0.020272128258
6.03751 -0.0588645318468
6.23765 -0.10368119201
6.43779 0.00204008333985
6.63793 -0.0394068530474
6.83808 -0.0490370837087
7.03822 -0.0476979043427
7.23836 -0.028647250533
7.4385 0.00951510410249
7.63865 -0.117528859501
7.83879 0.0437155338492
8.03894 0.0970593363518
8.23908 0.0546832944365
8.43923 0.135512879239
8.63937 -0.0412605726076
8.83951 0.107113080195
9.03966 0.0887187943123
9.23981 0.00750008449242
9.43995 0.0200029112869
9.6401 0.352998037248
9.84025 0.0516172207059
10.0404 0.0404673543922
10.2405 0.279615013131
10.4407 -0.0237242723255
10.6408 0.204455008308
10.841 0.0532013913542
11.0411 0.126436878463
11.2413 0.130722030852
11.4414 0.113218069962
11.6416 0.0743176077251
11.8417 -0.00123868228298
12.0419 0.113290682593
12.242 0.0924089605185
12.4422 0.277150580172
12.6423 -0.0659163598453
12.8425 0.14878564686
13.0426 0.0333528803076
13.2428 0.0341227939391
13.4429 0.108685612272
13.6431 0.124607746164
13.8432 0.507735015859
14.0434 0.473118053534
14.2435 0.761827436783
14.4437 0.339945381954
14.6438 0.0867784151404
14.844 0.132364472837
15.0441 0.303717270875
15.2443 0.454512930639
15.4445 -0.00826609737038
15.6446 0.337787994669
15.8448 0.211491566562
16.0449 0.0446922070268
16.2451 0.108409265835
16.4452 0.13173342602
16.6454 0.205271918087
16.8455 0.223930732857
17.0457 0.0699332104155
17.2459 0.27842517825
17.446 0.261574505963
17.6462 0.165344763378
17.8463 0.526601537862
18.0465 0.328245739279
18.2466 0.618817152489
18.4468 0.194243606486
18.647 0.531753606598
18.8471 0.62469163529
19.0473 0.417544453211
19.2474 0.618583217684
19.4476 0.839965244321
19.6478 0.324547793186
19.8479 0.463733254747
20.0481 0.52581946531
20.2482 0.971157500823
20.4484 0.206175371092
20.6486 0.534812576322
20.8487 0.704637909148
21.0489 0.2448804793
21.249 0.126361255216
21.4492 0.295556007313
21.6494 0.772047434703
21.8495 0.585143952389
22.0497 0.435969836708
22.2498 0.214693208182
22.45 0.135226452787
22.6502 0.101534421649
22.8503 0.749620109851
23.0505 0.547647323403
23.2507 0.34340388979
23.4508 0.803457627832
23.651 0.746360507863
23.8512 0.39115781573
24.0513 0.391639983101
24.2515 0.0405873760764
24.4517 0.420885604455
24.6518 0.789573248851
24.852 0.452250363474
25.0522 0.233905539849
25.2523 0.588387787639
25.4525 0.303610501959
25.6527 0.601038052526
25.8528 0.166468396434
26.053 0.30952909009
26.2532 0.329801237806
26.4533 0.613433430416
26.6535 0.80160581088
26.8537 0.727756931237
27.0538 0.709968147734
27.254 0.830174947195
27.4542 1.03428300366
27.6544 0.965269113424
27.8545 0.749392802012
28.0547 0.910468495377
28.2549 0.403588061508
28.455 0.870368359392
28.6552 1.03372613791
28.8554 1.08861846309
29.0556 1.10724664367
29.2557 1.06791489361
29.4559 0.756330090697
29.6561 1.0225062078
29.8562 0.79770834853
30.0564 0.920065240923
30.2566 0.837628941782
30.4568 0.841677620726
30.6569 0.888950205564
30.8571 1.11867996864
31.0573 0.770208017684
31.2575 1.10370002246
31.4576 0.621638859142
31.6578 0.573475531322
31.858 0.686122139829
32.0582 1.05794138381
32.2583 0.957331783381
32.4585 0.666874473045
32.6587 0.837361808093
32.8589 0.592222583294
33.0591 0.949093822495
33.2592 1.22447609989
33.4594 0.888481337627
33.6596 1.00554225766
33.8598 0.913492838733
34.0599 1.07720349538
34.2601 0.883222947079
34.4603 0.636858020825
34.6605 0.874554788868
34.8607 1.3189563641
35.0608 0.990884958662
35.261 0.700061522543
35.4612 0.854889973576
35.6614 1.22011827259
35.8616 1.12826284601
36.0617 0.902656983214
36.2619 0.993433535155
36.4621 1.06698869548
36.6623 0.694303268013
36.8625 1.02530466156
37.0627 0.825608096796
37.2628 1.09335825463
37.463 0.94106639982
37.6632 1.03111899261
37.8634 0.753185827907
38.0636 0.947821011724
38.2638 0.931513429059
38.4639 0.972932618106
38.6641 0.780204809793
38.8643 0.869802790699
39.0645 1.12271110667
39.2647 0.936060438342
39.4649 0.884266533223
39.6651 1.08953818376
39.8652 0.916425069385
40.0654 1.04167519589
40.2656 1.13487752673
40.4658 0.878179429313
40.666 1.04828715979
40.8662 1.02292981142
41.0664 1.00050889726
41.2666 0.972641964224
41.4668 1.0318838747
41.6669 1.04154748298
41.8671 1.24757005044
42.0673 1.31188894326
42.2675 1.10201794355
42.4677 1.15361887581
42.6679 1.23319382327
42.8681 1.03643029044
43.0683 0.904328626628
43.2685 1.16995778444
43.4687 1.10654118061
43.6688 1.12594301658
43.869 0.982636049304
44.0692 1.04626576075
44.2694 1.26514700829
44.4696 1.03028978272
44.6698 0.893022849546
44.87 0.756684214047
45.0702 1.02312900067
45.2704 0.984488529199
45.4706 1.01575560918
45.6708 0.941270539809
45.871 0.856285296087
46.0712 0.826607047544
46.2714 0.877149641641
46.4716 1.20668506702
46.6718 0.922686598499
46.8719 1.17018128968
47.0721 0.893210500496
47.2723 0.806527529386
47.4725 0.872519944099
47.6727 0.920244179364
47.8729 0.971686082793
48.0731 0.902747966291
48.2733 0.9571546901
48.4735 0.775780712373
48.6737 0.968945971991
48.8739 1.09187129675
49.0741 0.803743428362
49.2743 0.987456987185
49.4745 0.882857244002
49.6747 0.978661554939
49.8749 1.07855252663
50.0751 0.931202385058
50.2753 1.11732606736
50.4755 1.06258068051
50.6757 1.32415593432
50.8759 0.842784243923
51.0761 1.17580262153
51.2763 1.01958735252
51.4765 1.21595271732
51.6767 1.00763791506
51.8769 1.19208484663
52.0771 1.25897833827
52.2773 0.989522466886
52.4775 1.1648641197
52.6777 1.04225837242
52.8779 1.00036068313
53.0782 0.905612547505
53.2784 0.922872515257
53.4786 0.898431296809
53.6788 1.09975229314
53.879 0.985075180228
54.0792 1.13289617953
54.2794 0.866682297801
54.4796 1.04271135453
54.6798 1.01018831779
54.88 1.0236066311
55.0802 1.3688679356
55.2804 1.12289755463
55.4806 0.902166211827
55.6808 1.14136615265
55.881 1.1256968441
56.0812 0.756412894888
56.2815 1.02636057746
56.4817 0.982637921496
56.6819 1.01077138043
56.8821 0.964216574062
57.0823 1.07704261144
57.2825 0.902536221564
57.4827 0.890565405178
57.6829 0.878202245425
57.8831 1.1254249517
58.0833 0.900022430742
58.2836 1.10731301714
58.4838 0.901870136126
58.684 0.950125130485
58.8842 0.971306840648
59.0844 0.947936162399
59.2846 0.905890826554
59.4848 1.34514854548
59.685 0.814307094285
59.8853 1.06905481539
60.0855 1.00925940189
60.2857 1.07688619731
60.4859 1.04397807929
60.6861 1.11808353725
60.8863 1.05546020592
61.0865 1.01599690671
61.2868 1.20937090859
61.487 1.20802543375
61.6872 1.19163814441
61.8874 1.09715627188
62.0876 1.15364489835
62.2878 1.30769754777
62.4881 0.944749133604
62.6883 0.957965796778
62.8885 1.00581371776
63.0887 1.04568683171
63.2889 0.920779885008
63.4891 1.16011322082
63.6894 1.04954915015
63.8896 1.03873663111
64.0898 0.832026916162
64.29 1.23671306806
64.4902 1.05209214948
64.6905 1.12342607193
64.8907 0.996235262288
65.0909 1.26032585343
65.2911 0.965169591186
65.4913 0.695807012704
65.6916 0.8454177786
65.8918 1.05148569658
66.092 1.0339198206
66.2922 0.915249580391
66.4924 1.00279276915
66.6927 1.22781573901
66.8929 0.839849815878
67.0931 0.995124971213
67.2933 0.816539851516
67.4936 1.10406691702
67.6938 1.08975709371
67.894 0.889991146232
68.0942 1.00364648057
68.2945 0.892144813568
68.4947 1.1588011729
68.6949 1.03268846632
68.8951 1.00292205652
69.0954 1.02400179623
69.2956 0.893806861187
69.4958 0.986792842134
69.696 0.982413010933
69.8963 0.965096667681
70.0965 0.966892260284
70.2967 1.02509561217
70.4969 0.872916481668
70.6972 1.05958215474
70.8974 1.09230119801
71.0976 1.13814830392
71.2979 0.850327801254
71.4981 0.768870192475
71.6983 1.00872810369
71.8985 0.86000688565
72.0988 0.985642940943
72.299 1.27810036354
72.4992 0.800194688846
72.6995 0.94330603079
72.8997 0.810626508381
73.0999 1.03555754166
73.3002 0.763405669487
73.5004 0.893561913303
73.7006 1.08636719283
73.9009 0.809005436189
74.1011 0.962124633968
74.3013 0.803607718676
74.5016 1.00204040714
74.7018 0.977628810826
74.902 0.894937324881
75.1023 0.945011525518
75.3025 1.11131457464
75.5027 0.878701546817
75.703 0.923865446348
75.9032 0.761249315886
76.1034 0.890073040078
76.3037 0.92423016973
76.5039 1.24314911114
76.7041 0.886907187733
76.9044 0.858417753182
77.1046 0.958676197641
77.3048 1.22239059263
77.5051 1.16083951501
77.7053 1.05340926931
77.9056 1.19279943513
78.1058 1.12489738669
78.306 1.08526137604
78.5063 1.28715817307
78.7065 0.814975778605
78.9067 0.992966809097
79.107 1.05583475596
79.3072 1.10564763423
79.5075 1.12138113772
79.7077 0.998306138317
79.9079 1.21318995318
80.1082 0.923364205636
80.3084 0.969137024791
80.5087 1.0560310157
80.7089 1.14685029754
80.9091 0.92986047205
81.1094 1.0426629115
81.3096 1.10796679066
81.5099 1.24941510624
81.7101 0.959202940021
81.9104 1.01817716219
82.1106 1.12288257169
82.3108 1.01925435092
82.5111 0.978161614159
82.7113 0.904876936537
82.9116 1.20568601906
83.1118 1.26380661714
83.3121 0.926421993377
83.5123 0.957086664137
83.7126 0.876686035912
83.9128 0.936764713675
84.113 1.04107278148
84.3133 0.985586809684
84.5135 1.00588405043
84.7138 1.22288107788
84.914 0.947860786783
85.1143 0.877108403335
85.3145 1.16170913794
85.5148 1.14191091545
85.715 1.14295672952
85.9153 0.93184710847
86.1155 0.835276928403
86.3158 0.782055483559
86.516 0.963064098364
86.7163 1.09900590975
86.9165 1.27599534736
87.1168 0.922933807598
87.317 1.01204069797
87.5173 1.00150762632
87.7175 0.807658999102
87.9178 1.03288245018
88.118 0.710472705323
88.3183 0.932036961343
88.5185 0.870999383441
88.7188 0.921401531443
88.919 0.759886537691
89.1193 0.95113906867
89.3195 1.11126303701
89.5198 0.881528727072
89.72 1.21432862057
89.9203 0.917795899329
90.1205 0.767599859464
90.3208 0.776706000197
90.521 1.24572156312
90.7213 0.958382458957
90.9216 1.13349820679
91.1218 0.900638746233
91.3221 1.10275057654
91.5223 1.16882257683
91.7226 1.01401050977
91.9228 0.901552513995
92.1231 0.698638224392
92.3233 0.663709634623
92.5236 0.758986575309
92.7239 1.22783575084
92.9241 1.10971316667
93.1244 1.06227330679
93.3246 1.16050250414
93.5249 0.934870249138
93.7252 0.84490311533
93.9254 0.989337019524
94.1257 0.996618796929
94.3259 1.00179255571
94.5262 1.02198222935
94.7264 0.946145124644
94.9267 0.77333678999
95.127 1.03482032597
95.3272 1.08205187732
95.5275 1.02927011148
95.7278 1.08303734739
95.928 0.863597766077
96.1283 0.892582464561
96.3285 1.22076854476
96.5288 0.846388558881
96.7291 1.15824959149
96.9293 0.899273003064
97.1296 0.84053750176
97.3298 1.23353046156
97.5301 0.838599480719
97.7304 0.797904137295
97.9306 0.869481942265
98.1309 1.31397080052
98.3312 0.725481844886
98.5314 0.951571871924
98.7317 1.08122848963
98.932 0.93377149631
99.1322 1.29830536616
99.3325 0.997189761688
99.5328 1.08833839113
99.733 0.906916720587
99.9333 0.92103074826
