-100.0 1.06240577574
-99.8 0.917922570751
-99.6 1.05550058828
-99.4 0.922020588393
-99.2 0.996383801577
-99.0 0.931052321581
-98.8 0.931488545822
-98.6 1.1549997814
-98.4 0.986677049725
-98.2 0.864676561365
-98.0 1.1100012252
-97.8 1.06763907355
-97.6 1.02568926939
-97.4 0.969268142568
-97.2 1.06566563724
-97.0 1.03537631374
-96.8 1.02234752913
-96.6 1.09949585715
-96.4 0.862296529814
-96.2 0.857614443714
-95.9999 1.04069671696
-95.7999 0.963009162093
-95.5999 0.934754009787
-95.3999 1.09518705066
-95.1999 1.15089412125
-94.9999 0.996260799576
-94.7999 0.928900411044
-94.5999 1.05086708422
-94.3999 1.01868267894
-94.1999 1.03947582063
-93.9999 0.941530274906
-93.7999 1.07772085831
-93.5999 1.09036284224
-93.3999 0.895618378393
-93.1999 1.070751456
-92.9998 1.20370862014
-92.7998 1.01959861338
-92.5998 1.02748865585
-92.3998 1.06118587555
-92.1998 0.835713763857
-91.9998 0.992172599448
-91.7998 1.0672398294
-91.5998 0.884746604231
-91.3998 0.8787174333
-91.1997 1.02280013788
-90.9997 0.983208147337
-90.7997 0.940304269396
-90.5997 0.889517241991
-90.3997 1.06493595326
-90.1997 0.914331752677
-89.9997 0.992202396972
-89.7997 0.956813058828
-89.5996 1.01474657483
-89.3996 0.970960631717
-89.1996 0.962388907117
-88.9996 1.03798062429
-88.7996 0.943898069574
-88.5996 1.02121473557
-88.3996 1.0270866372
-88.1995 0.956073217456
-87.9995 1.0578952631
-87.7995 1.09378262147
-87.5995 0.826102308568
-87.3995 0.906296111187
-87.1995 1.10478856442
-86.9994 0.988732750322
-86.7994 1.04968372898
-86.5994 1.00727974002
-86.3994 0.854047641621
-86.1994 0.987045256901
-85.9994 1.06025825383
-85.7993 0.909888168045
-85.5993 0.927037254289
-85.3993 0.849576642495
-85.1993 1.11195171507
-84.9993 0.980413328883
-84.7992 0.988986187337
-84.5992 1.23672827431
-84.3992 0.907556298043
-84.1992 0.754317931639
-83.9991 0.960416244489
-83.7991 1.00417514623
-83.5991 1.0524890398
-83.3991 1.03245866352
-83.1991 1.05398586584
-82.999 0.955726569486
-82.799 0.95112467151
-82.599 1.20133403166
-82.399 0.953240346203
-82.1989 1.02992434708
-81.9989 1.07202108621
-81.7989 0.838370581977
-81.5989 0.914481870466
-81.3988 1.16595970928
-81.1988 1.11392712027
-80.9988 0.934883758779
-80.7988 1.06601898051
-80.5987 1.10084174611
-80.3987 0.94263837602
-80.1987 1.12123746204
-79.9987 0.999491775399
-79.7986 0.919662070643
-79.5986 0.929008856187
-79.3986 0.805385126564
-79.1986 0.9292706815
-78.9985 1.05012470571
-78.7985 1.07061839957
-78.5985 1.0355195916
-78.3984 0.976327607924
-78.1984 0.82561797588
-77.9984 1.00771841814
-77.7984 0.861329697287
-77.5983 0.923460731204
-77.3983 0.992017192113
-77.1983 0.944973239678
-76.9982 1.02055736661
-76.7982 1.11171277433
-76.5982 0.946041883612
-76.3981 1.11044274329
-76.1981 1.07518268852
-75.9981 0.960316323609
-75.798 1.08929369262
-75.598 1.04964218829
-75.398 0.942156653609
-75.198 0.96126128841
-74.9979 1.01642721224
-74.7979 0.986392414415
-74.5978 1.09447719975
-74.3978 0.972858125758
-74.1978 0.999906525239
-73.9977 1.06389193301
-73.7977 1.04334303179
-73.5977 0.990782891841
-73.3976 0.901980621861
-73.1976 0.997564264083
-72.9976 0.961801005661
-72.7975 1.02287666411
-72.5975 1.01212151074
-72.3975 1.09493801581
-72.1974 1.02477514803
-71.9974 1.02184934552
-71.7973 1.09510854069
-71.5973 1.04818472095
-71.3973 1.08056101737
-71.1972 0.935286120506
-70.9972 0.95165379134
-70.7972 1.09836331707
-70.5971 1.19928595287
-70.3971 0.949304527165
-70.197 0.910907840675
-69.997 0.735792161403
-69.797 0.95411640427
-69.5969 1.05075784778
-69.3969 1.06882719975
-69.1968 0.882911100741
-68.9968 1.05853310895
-68.7968 1.02830558818
-68.5967 1.03141254805
-68.3967 0.991955578742
-68.1966 0.898718791526
-67.9966 0.865405690351
-67.7965 0.918102120894
-67.5965 1.10906385469
-67.3965 1.04921277394
-67.1964 1.11372368173
-66.9964 0.932182173403
-66.7963 0.822810205728
-66.5963 0.924867769597
-66.3962 0.96191934008
-66.1962 0.833721461765
-65.9961 1.2604533739
-65.7961 1.18492416596
-65.5961 0.943822651127
-65.396 1.06019334775
-65.196 1.09654120732
-64.9959 1.02617768088
-64.7959 1.00402772572
-64.5958 1.13162485688
-64.3958 0.959236283434
-64.1957 1.02311932016
-63.9957 1.09042889568
-63.7956 0.760358139736
-63.5956 0.838358102258
-63.3955 1.00626509699
-63.1955 0.966272235609
-62.9954 1.13473641155
-62.7954 0.90207195328
-62.5953 1.02327022622
-62.3953 0.928348441232
-62.1952 0.981785128192
-61.9952 0.965464487655
-61.7951 1.04225961132
-61.5951 1.0712814069
-61.395 0.984624369826
-61.195 0.954408096518
-60.9949 1.05332800665
-60.7949 1.23046447269
-60.5948 1.02067513864
-60.3948 0.998698868959
-60.1947 1.01562302625
-59.9947 0.803244919536
-59.7946 1.18528853008
-59.5946 1.17343286305
-59.3945 0.83498414439
-59.1944 1.07804624927
-58.9944 1.10571684846
-58.7943 1.0736463799
-58.5943 1.02583808237
-58.3942 0.984923573182
-58.1942 0.93706669281
-57.9941 1.02161732244
-57.7941 0.903559064482
-57.594 0.988671396045
-57.3939 1.07479327968
-57.1939 1.10778291495
-56.9938 1.09495062742
-56.7938 0.83773523996
-56.5937 1.07867014244
-56.3937 1.0040594339
-56.1936 1.12249111218
-55.9935 1.08741677707
-55.7935 1.0647487625
-55.5934 0.913803349893
-55.3934 1.13684216183
-55.1933 1.00026448678
-54.9932 1.02197247545
-54.7932 0.968023862688
-54.5931 0.962880415994
-54.3931 1.13593403009
-54.193 1.03730784383
-53.9929 1.07476647942
-53.7929 0.875584034486
-53.5928 1.04619562878
-53.3928 0.909175975079
-53.1927 1.06614977546
-52.9926 1.08160425998
-52.7926 1.052557444
-52.5925 0.818810447654
-52.3924 0.895472360183
-52.1924 1.05711542901
-51.9923 1.16879408652
-51.7922 1.02930429098
-51.5922 0.99266744229
-51.3921 0.954475871597
-51.1921 1.00585306273
-50.992 0.917936748683
-50.7919 0.944472915704
-50.5919 0.992819887791
-50.3918 0.969733135957
-50.1917 0.830838478646
-49.9917 0.918811570717
-49.7916 1.13033970405
-49.5915 0.878385035048
-49.3915 0.835117894573
-49.1914 1.11021617477
-48.9913 1.22539057952
-48.7913 1.03001608605
-48.5912 0.969306355468
-48.3911 1.14789861121
-48.191 1.04956457759
-47.991 0.864041902189
-47.7909 0.902196760864
-47.5908 0.690298286468
-47.3908 0.900545000778
-47.1907 1.07977563119
-46.9906 1.03986043823
-46.7906 0.941800310779
-46.5905 0.890707219072
-46.3904 0.897548815946
-46.1903 1.01934617842
-45.9903 0.937150861454
-45.7902 1.0658302899
-45.5901 0.909291625696
-45.3901 1.08162571339
-45.19 0.919792557985
-44.9899 1.02139535183
-44.7898 1.0045632365
-44.5898 1.04515816824
-44.3897 1.20720086829
-44.1896 0.989859587484
-43.9895 0.969272721754
-43.7895 0.860171225011
-43.5894 0.813876633119
-43.3893 0.925707088242
-43.1892 0.770912356792
-42.9892 1.07800891639
-42.7891 0.969649526643
-42.589 0.937490520945
-42.3889 0.892107364517
-42.1889 0.835682390229
-41.9888 0.983982722437
-41.7887 0.950014753112
-41.5886 1.00453615685
-41.3885 1.20319063128
-41.1885 1.20520133925
-40.9884 0.990705969135
-40.7883 0.897928489601
-40.5882 0.928763652634
-40.3881 1.00635562277
-40.1881 1.03827586141
-39.988 0.947953133831
-39.7879 0.930117419884
-39.5878 0.863205143303
-39.3877 0.970128260733
-39.1877 0.856853892431
-38.9876 0.799150319064
-38.7875 0.958578922955
-38.5874 0.864914723804
-38.3873 0.84692849514
-38.1873 0.859894304077
-37.9872 0.906836187919
-37.7871 1.06705765096
-37.587 1.02798837645
-37.3869 0.891120624382
-37.1868 0.825077524638
-36.9868 0.712769776874
-36.7867 0.999411038321
-36.5866 1.04966545005
-36.3865 0.866299668529
-36.1864 1.09561128022
-35.9863 1.1114109312
-35.7862 0.978932048761
-35.5862 1.18232572465
-35.3861 1.08519464497
-35.186 1.13318535618
-34.9859 0.981324805079
-34.7858 1.10445968688
-34.5857 1.21694400514
-34.3856 1.12029901617
-34.1856 1.23166084855
-33.9855 1.18448493878
-33.7854 1.03725341917
-33.5853 1.06191345872
-33.3852 0.952400054368
-33.1851 0.912922821047
-32.985 0.912187154339
-32.7849 0.973867519933
-32.5848 0.794229415156
-32.3847 0.803098661218
-32.1847 0.990812934031
-31.9846 0.897736259208
-31.7845 0.91634064428
-31.5844 0.989753568108
-31.3843 1.06386122659
-31.1842 0.924375425848
-30.9841 1.03969719754
-30.784 1.04815274062
-30.5839 1.02408807349
-30.3838 1.12871488239
-30.1837 0.81842859408
-29.9836 0.907387375625
-29.7836 1.0024035867
-29.5835 0.884828375406
-29.3834 1.02608338864
-29.1833 1.00969200432
-28.9832 0.975697462964
-28.7831 0.900872251232
-28.583 0.802437746137
-28.3829 0.89750979595
-28.1828 0.881447419762
-27.9827 1.16750184846
-27.7826 1.10693863279
-27.5825 0.935275846105
-27.3824 0.766436563424
-27.1823 0.725809485742
-26.9822 0.934398182786
-26.7821 1.10977957599
-26.582 0.943535831309
-26.3819 1.06195700618
-26.1818 0.914750343817
-25.9817 0.759828029148
-25.7816 0.920763053524
-25.5815 0.851061856906
-25.3814 0.897501156177
-25.1813 1.02809261723
-24.9812 0.860054398563
-24.7811 0.854942717436
-24.581 1.05422799901
-24.3809 0.937450089122
-24.1808 0.743633576848
-23.9807 0.9130718557
-23.7806 1.09030059923
-23.5805 0.771811241934
-23.3804 1.25894412257
-23.1803 0.85937424437
-22.9802 0.650401115494
-22.7801 0.601356160085
-22.58 0.831896026757
-22.3799 0.7189140298
-22.1798 0.481174922846
-21.9797 0.785502947387
-21.7796 0.751478152616
-21.5795 1.16005764457
-21.3794 0.727192891768
-21.1793 0.889454974902
-20.9792 0.821393568595
-20.7791 0.782911710152
-20.579 1.11281035269
-20.3789 0.852525442475
-20.1787 0.832199408174
-19.9786 0.963624436953
-19.7785 1.03933139545
-19.5784 0.996544416878
-19.3783 0.76160038618
-19.1782 0.538409117711
-18.9781 0.954274131845
-18.778 1.04602074142
-18.5779 1.02129985021
-18.3778 0.906591200972
-18.1777 0.491262012749
-17.9776 1.06122532643
-17.7774 0.666712367506
-17.5773 0.568212934203
-17.3772 0.799331820467
-17.1771 0.623564491916
-16.977 0.996753837944
-16.7769 0.860721766413
-16.5768 0.777687263569
-16.3767 0.595182046303
-16.1766 0.467706915748
-15.9764 0.43678024878
-15.7763 0.683749873223
-15.5762 0.651587242278
-15.3761 0.200876992305
-15.176 0.381820432451
-14.9759 0.452685940245
-14.7758 0.508557557371
-14.5757 0.393959822034
-14.3755 0.568562860592
-14.1754 0.803898296496
-13.9753 0.620127413466
-13.7752 0.499664275869
-13.5751 0.572869325854
-13.375 0.63625429185
-13.1749 0.204622403814
-12.9747 0.808936589786
-12.7746 0.619015289852
-12.5745 0.570121712238
-12.3744 0.281050870245
-12.1743 0.0970450952873
-11.9742 0.785978241039
-11.774 0.0472994233933
-11.5739 0.24487114071
-11.3738 0.282555124266
-11.1737 0.491023464086
-10.9736 0.17606680656
-10.7734 0.334373057255
-10.5733 0.067734663376
-10.3732 0.090497769187
-10.1731 0.143753601422
-9.97296 0.114846750315
-9.77284 0.144879288072
-9.57272 0.205929631994
-9.3726 0.44878860848
-9.17248 0.150687230506
-8.97236 0.106078698953
-8.77224 -0.0136691306962
-8.57211 0.0954255727046
-8.37199 0.0146494795922
-8.17187 -0.025622178949
-7.97175 0.146108914209
-7.77163 0.143649636714
-7.5715 0.0271295011986
-7.37138 0.108008556584
-7.17125 0.169258856484
-6.97113 0.058392708957
-6.77101 0.445045962233
-6.57088 0.324178687649
-6.37076 0.304402458043
-6.17063 0.414719551088
-5.97051 0.22854383079
-5.77038 0.231286438943
-5.57025 0.577354283605
-5.37013 0.4571808779
-5.17 0.917930937087
-4.96987 0.638468788682
-4.76975 0.711686755053
-4.56962 0.915619750485
-4.36949 1.03594679565
-4.16937 0.520416741888
-3.96924 1.08379008831
-3.76911 0.785023336171
-3.56898 0.470913434228
-3.36885 0.687618954313
-3.16872 0.794049283309
-2.96859 0.980355013163
-2.76846 0.991805728691
-2.56833 0.972983558661
-2.3682 1.09544883914
-2.16807 0.683112952047
-1.96794 0.62531278976
-1.76781 0.722486824241
-1.56768 0.680333939908
-1.36755 0.745833542055
-1.16742 0.767155002226
-0.967284 0.852541664342
-0.767152 0.966803872425
-0.567019 0.721448489158
-0.366886 0.359554273257
-0.166753 1.14310364332
0.0333802 0.538010814615
0.233514 0.71215163269
0.433648 0.418439117658
0.633782 0.772777138131
0.833917 0.561431051905
1.03405 0.371107325274
1.23419 0.660852049861
1.43432 0.863345642107
1.63446 0.864283541121
1.83459 0.247873243093
2.03473 0.571361911405
2.23487 0.60897692411
2.435 0.251906579872
2.63514 0.813947563251
2.83528 0.725206977164
3.03541 0.261461687021
3.23555 -0.0514261960044
3.43569 -0.00663502437218
3.63583 0.0768127391341
3.83597 -0.015072940937
4.0361 0.169878222006
4.23624 -0.0177442450148
4.43638 0.0661886072216
4.63652 0.109612185237
4.83666 0.00937305953487
5.0368 0.013755998053
5.23694 -0.124576477429
5.43708 -0.013660660619
5.63722 0.0371673862144
5.83737 -0.00268202720379
6.03751 0.0746928755321
6.23765 -0.0289922628141
6.43779 0.0230176971451
6.63793 -0.0374228013705
6.83808 0.0685724914799
7.03822 -0.0104992726435
7.23836 0.079036999526
7.4385 -0.0133563800113
7.63865 0.211707902925
7.83879 0.0698763738715
8.03894 0.0393466516465
8.23908 -0.0376288065917
8.43923 0.404509178666
8.63937 0.170100632105
8.83951 0.0787875856466
9.03966 0.382353502914
9.23981 0.399024907361
9.43995 0.33204225353
9.6401 0.507535110952
9.84025 0.238783263218
10.0404 0.677178883955
10.2405 0.29024467159
10.4407 0.15255352063
10.6408 0.164832430614
10.841 0.228349496416
11.0411 0.44329501759
11.2413 0.38823958208
11.4414 0.577698055531
11.6416 0.0522920149562
11.8417 0.108183942348
12.0419 0.371964348129
12.242 0.216712185964
12.4422 0.187103894914
12.6423 0.357303348223
12.8425 0.859942735791
13.0426 0.507778823965
13.2428 0.294061131802
13.4429 0.118762047469
13.6431 0.536582114042
13.8432 0.0885383166944
14.0434 0.293944821533
14.2435 0.295604376069
14.4437 0.358660272801
14.6438 0.0828551370513
14.844 0.269357204146
15.0441 0.0943647204312
15.2443 0.0722636665264
15.4445 0.344037724765
15.6446 0.125846910548
15.8448 0.464759849795
16.0449 0.294497672513
16.2451 0.0948529067212
16.4452 0.0692973878495
16.6454 -0.0272017342875
16.8455 -0.00531507867111
17.0457 0.0749485772371
17.2459 -0.000409291508189
17.446 0.068382670953
17.6462 0.0357126598624
17.8463 0.0165121768538
18.0465 0.39919758866
18.2466 0.386423118001
18.4468 0.138964724838
18.647 0.0924993392207
18.8471 0.306164485362
19.0473 0.308623360506
19.2474 0.162853406082
19.4476 0.652752115432
19.6478 0.11322165332
19.8479 0.905123256998
20.0481 0.884390170641
20.2482 0.58249282266
20.4484 0.327636040513
20.6486 0.686886021825
20.8487 0.416166929861
21.0489 0.518357182953
21.249 0.544232643239
21.4492 0.511802717046
21.6494 0.359319325518
21.8495 0.883715406304
22.0497 0.621415742033
22.2498 0.601269546792
22.45 0.333025078921
22.6502 0.94141275159
22.8503 0.986091611089
23.0505 0.91104143916
23.2507 0.602068862545
23.4508 0.754312138685
23.651 0.276047124573
23.8512 0.601010704138
24.0513 0.49401833333
24.2515 0.368825946646
24.4517 0.842963866117
24.6518 0.628505116062
24.852 0.368603755791
25.0522 0.802871221517
25.2523 0.438949566253
25.4525 1.01781923983
25.6527 0.723313188029
25.8528 0.537262630946
26.053 0.610434759608
26.2532 0.723148329889
26.4533 0.66854432314
26.6535 0.561952303508
26.8537 0.368329278981
27.0538 0.523332019226
27.254 0.889713600533
27.4542 0.787193131085
27.6544 0.631897188473
27.8545 0.771752164927
28.0547 0.570417820523
28.2549 1.00204395983
28.455 0.644462423598
28.6552 0.368971719418
28.8554 0.473388106099
29.0556 0.847033107623
29.2557 0.933232902068
29.4559 0.461495923459
29.6561 0.422465888875
29.8562 0.519823450411
30.0564 0.642122486218
30.2566 0.741729804548
30.4568 0.683710588444
30.6569 0.774149309557
30.8571 0.559287987728
31.0573 0.577691825735
31.2575 0.800884678845
31.4576 0.733742349391
31.6578 0.833732926599
31.858 0.638800189062
32.0582 0.746286103456
32.2583 0.728373594137
32.4585 0.704797756227
32.6587 0.65922940255
32.8589 0.663642697135
33.0591 0.803676659216
33.2592 0.777791150209
33.4594 0.715545878489
33.6596 0.957163380144
33.8598 0.854561760372
34.0599 0.821206690691
34.2601 0.964477847598
34.4603 0.955008662466
34.6605 0.863859744302
34.8607 0.895113980171
35.0608 0.877705586022
35.261 1.0344543298
35.4612 0.886199770499
35.6614 1.04045619437
35.8616 0.69178031773
36.0617 0.643118509004
36.2619 0.881949902096
36.4621 0.916457653124
36.6623 0.825411434328
36.8625 0.844879584767
37.0627 0.928047500893
37.2628 0.961223027396
37.463 1.05963559414
37.6632 0.756603615169
37.8634 0.938547798464
38.0636 0.886606992256
38.2638 0.869469881132
38.4639 0.901797362441
38.6641 1.11440191766
38.8643 0.937049261515
39.0645 1.09154085024
39.2647 0.855483813139
39.4649 0.988981938094
39.6651 1.1044758032
39.8652 0.943247125749
40.0654 0.879228956157
40.2656 1.05427093312
40.4658 0.967324447961
40.666 0.924646889043
40.8662 1.15790037935
41.0664 0.950486223064
41.2666 0.881690855913
41.4668 0.941968680478
41.6669 0.929458436013
41.8671 1.06136806655
42.0673 1.1235930807
42.2675 0.913214712982
42.4677 1.06345911668
42.6679 1.0615106632
42.8681 1.06312337058
43.0683 1.11071813985
43.2685 1.0891517823
43.4687 1.08406180397
43.6688 1.00717531961
43.869 1.04487408614
44.0692 1.29504970603
44.2694 1.05323094573
44.4696 0.820734157997
44.6698 1.09197361868
44.87 1.05202843643
45.0702 1.12305890124
45.2704 1.0361604291
45.4706 0.968796011807
45.6708 0.922923023448
45.871 1.14460446423
46.0712 0.911955025115
46.2714 0.924097612937
46.4716 0.969591164186
46.6718 1.05699763956
46.8719 1.03494175748
47.0721 0.973942286205
47.2723 0.935855588699
47.4725 0.945212414951
47.6727 0.848255714504
47.8729 0.901456629981
48.0731 1.03284398786
48.2733 0.860430359235
48.4735 0.9016149075
48.6737 0.87754909028
48.8739 0.927364177234
49.0741 0.932753727243
49.2743 0.772805686426
49.4745 0.92188981792
49.6747 0.903571273892
49.8749 1.00136965172
50.0751 0.928415744156
50.2753 1.05099200325
50.4755 0.9216330664
50.6757 0.851257441614
50.8759 0.950841801736
51.0761 0.878173484353
51.2763 0.883473915632
51.4765 0.911951595654
51.6767 0.96879129348
51.8769 0.777745683893
52.0771 0.93749094327
52.2773 0.757737440756
52.4775 0.794259983894
52.6777 0.783623624764
52.8779 1.01301831217
53.0782 1.05590279462
53.2784 0.876567158572
53.4786 0.93735239641
53.6788 0.981761133266
53.879 0.966478152095
54.0792 0.889809498265
54.2794 0.965522775933
54.4796 1.08981526715
54.6798 1.05016502486
54.88 1.06741918903
55.0802 0.872216273737
55.2804 1.07370393902
55.4806 1.1043118176
55.6808 1.06639230181
55.881 0.972946969777
56.0812 0.858126129337
56.2815 0.829201275534
56.4817 1.09362966309
56.6819 0.959423198032
56.8821 1.07322509187
57.0823 1.08868475957
57.2825 1.16918779763
57.4827 1.03347605559
57.6829 1.14700991846
57.8831 0.873940632994
58.0833 1.05425411415
58.2836 0.945008287346
58.4838 0.867811484592
58.684 1.04823163633
58.8842 1.06839637239
59.0844 1.00266600353
59.2846 1.18373703954
59.4848 1.05693035755
59.685 1.0948525042
59.8853 0.881487872444
60.0855 1.03962214225
60.2857 0.987063853063
60.4859 0.859100470388
60.6861 1.05628696454
60.8863 0.954549193258
61.0865 0.904306835135
61.2868 0.887597791758
61.487 0.944105809859
61.6872 1.00758511642
61.8874 1.0495345375
62.0876 1.00064704664
62.2878 0.917513894814
62.4881 0.785334256704
62.6883 0.838663833622
62.8885 0.824777054986
63.0887 1.05174935311
63.2889 0.989893338798
63.4891 0.901313063873
63.6894 1.07248018767
63.8896 1.00342614205
64.0898 1.0797703963
64.29 1.10450477876
64.4902 1.13810839655
64.6905 1.14913332815
64.8907 1.13984718807
65.0909 0.919037799289
65.2911 0.96012751993
65.4913 0.932051963292
65.6916 1.15909473595
65.8918 1.08355467778
66.092 1.10966345373
66.2922 1.08453939864
66.4924 1.01617731187
66.6927 1.09599871654
66.8929 1.02927625662
67.0931 0.969437045444
67.2933 1.0789199336
67.4936 1.20196517416
67.6938 1.0143697357
67.894 0.954743640802
68.0942 0.998122459567
68.2945 1.13953797348
68.4947 1.16771073391
68.6949 1.02007321933
68.8951 0.851792231657
69.0954 1.06651811877
69.2956 1.2590737979
69.4958 1.05163558443
69.696 0.859061441125
69.8963 0.919204345572
70.0965 0.925715629058
70.2967 0.99429055261
70.4969 0.943186570132
70.6972 1.00180802101
70.8974 1.0260939339
71.0976 1.06467732036
71.2979 0.941038307931
71.4981 0.906705137803
71.6983 1.00437625133
71.8985 1.01748522998
72.0988 1.10135612858
72.299 0.91607028821
72.4992 1.10667397772
72.6995 1.02834131214
72.8997 1.09024561496
73.0999 1.04062189561
73.3002 0.997408323155
73.5004 0.990534897421
73.7006 1.03931453209
73.9009 1.13526789851
74.1011 1.04528072227
74.3013 0.971329498511
74.5016 0.843386684131
74.7018 0.933690634425
74.902 1.12049266805
75.1023 1.13660425035
75.3025 1.0426785833
75.5027 1.07909887171
75.703 0.862835332398
75.9032 1.01962376229
76.1034 0.95461479646
76.3037 1.01047201918
76.5039 1.0724367562
76.7041 0.996042818083
76.9044 1.18033050806
77.1046 1.01153064268
77.3048 1.11889833675
77.5051 1.01064533302
77.7053 0.98420475556
77.9056 1.02320129824
78.1058 0.954871456253
78.306 1.05394830663
78.5063 1.19507587232
78.7065 0.942430233715
78.9067 0.955007085937
79.107 1.04972085734
79.3072 1.11178678553
79.5075 0.925492644314
79.7077 1.01176741996
79.9079 1.07151629305
80.1082 1.06602764321
80.3084 1.02461748633
80.5087 0.972668082778
80.7089 1.00419888641
80.9091 1.04735970571
81.1094 0.990782736163
81.3096 1.0186845039
81.5099 0.959268545492
81.7101 0.908028446273
81.9104 0.943210094478
82.1106 1.0621654778
82.3108 0.934533720922
82.5111 0.89984718519
82.7113 0.905661706645
82.9116 0.988873368073
83.1118 1.10353318661
83.3121 0.920105088848
83.5123 0.867502566203
83.7126 0.923781650751
83.9128 0.910922646614
84.113 1.02056647949
84.3133 0.8731401662
84.5135 1.08551162977
84.7138 1.04008825003
84.914 0.990209145602
85.1143 1.06106266889
85.3145 0.990199837025
85.5148 1.08507896503
85.715 1.03273594572
85.9153 1.13615748203
86.1155 0.886239231063
86.3158 1.00219920188
86.516 1.15671777057
86.7163 1.16635582454
86.9165 1.17442785103
87.1168 1.06038477448
87.317 0.92713801438
87.5173 0.90456482766
87.7175 1.06471935682
87.9178 1.01092062593
88.118 1.00231741543
88.3183 0.816959725413
88.5185 1.05016890433
88.7188 0.929992507226
88.919 1.0868180509
89.1193 1.03889271217
89.3195 0.890352652502
89.5198 0.999941763963
89.72 0.962927154631
89.9203 1.06667502613
90.1205 0.805630596704
90.3208 1.02092529989
90.521 0.947624107303
90.7213 0.786888067567
90.9216 0.926240310854
91.1218 0.981557219398
91.3221 0.949642141033
91.5223 0.866721266653
91.7226 0.945774803608
91.9228 1.00849603996
92.1231 1.17570220118
92.3233 0.894299550414
92.5236 0.972156896603
92.7239 0.954812717713
92.9241 1.04952811557
93.1244 0.844394392876
93.3246 0.931631933235
93.5249 1.10985364414
93.7252 0.907819839
93.9254 1.07651388655
94.1257 0.906716790197
94.3259 1.01429131968
94.5262 1.09930145875
94.7264 1.0958201888
94.9267 1.21268788678
95.127 0.857647706476
95.3272 0.815334625294
95.5275 1.01117609277
95.7278 0.797794696758
95.928 0.885415799308
96.1283 0.99760763004
96.3285 0.953053035601
96.5288 0.974653614115
96.7291 1.06080386389
96.9293 1.17638845026
97.1296 1.01325220471
97.3298 0.874533401527
97.5301 1.03552634123
97.7304 0.879753130713
97.9306 0.752405606581
98.1309 0.91693411558
98.3312 0.913038299753
98.5314 0.911859825754
98.7317 0.950071062587
98.932 1.06954858233
99.1322 0.956421828509
99.3325 0.997651866483
99.5328 1.1762902327
99.733 1.0969106919
99.9333 1.01395514151
