-100.0 1.21660978095
-99.8 0.931393873012
-99.6 1.58418599305
-99.4 1.39705807643
-99.2 0.679728599639
-99.0 0.591982781494
-98.8 0.530805356798
-98.6 0.803992275251
-98.4 1.23926621766
-98.2 1.03551609145
-98.0 0.756208256863
-97.8 0.719472193221
-97.6 0.871806380037
-97.4 1.09651467226
-97.2 0.824072256407
-97.0 0.898634932521
-96.8 0.893238990563
-96.6 0.503753602062
-96.4 0.859652556626
-96.2 0.663406319018
-95.9999 0.774966504848
-95.7999 0.836594849473
-95.5999 0.783911293054
-95.3999 0.809509921023
-95.1999 0.601874416081
-94.9999 0.993080196392
-94.7999 0.80781323403
-94.5999 1.20246136808
-94.3999 0.645509941201
-94.1999 1.16160526924
-93.9999 0.421891433016
-93.7999 0.846637233954
-93.5999 1.29278268594
-93.3999 0.947554315042
-93.1999 1.41873842308
-92.9998 1.15301947412
-92.7998 1.58583173159
-92.5998 1.25883797772
-92.3998 0.815730835239
-92.1998 0.650380277359
-91.9998 0.93252945595
-91.7998 1.2311285223
-91.5998 1.03682853214
-91.3998 0.822984699895
-91.1997 0.694556340812
-90.9997 0.710952426597
-90.7997 0.547308743782
-90.5997 1.41242736838
-90.3997 1.09213073568
-90.1997 0.797448856425
-89.9997 1.38394349071
-89.7997 1.19821829035
-89.5996 1.13353660073
-89.3996 0.870302401906
-89.1996 1.14385919212
-88.9996 1.24480214192
-88.7996 0.991392736924
-88.5996 1.15650732436
-88.3996 0.810618808569
-88.1995 1.01673534422
-87.9995 0.917752017618
-87.7995 1.03452044774
-87.5995 0.778696875579
-87.3995 0.883378371432
-87.1995 0.770413978995
-86.9994 1.14250145212
-86.7994 1.19212020171
-86.5994 1.17169149363
-86.3994 1.42370793039
-86.1994 1.48946167196
-85.9994 1.09070729742
-85.7993 0.934920278241
-85.5993 1.06077174041
-85.3993 1.5031148487
-85.1993 1.02388226841
-84.9993 0.689844642926
-84.7992 1.05389517111
-84.5992 1.05470101541
-84.3992 1.43726199884
-84.1992 0.838727555706
-83.9991 0.903445244286
-83.7991 0.972432516758
-83.5991 0.960456636852
-83.3991 1.0056077885
-83.1991 0.517048174598
-82.999 1.20443310737
-82.799 0.886958391987
-82.599 0.806317964002
-82.399 0.81327066423
-82.1989 0.871102996463
-81.9989 1.0963586684
-81.7989 1.20417663716
-81.5989 1.18230081415
-81.3988 1.48661900136
-81.1988 1.29528048852
-80.9988 1.26799261442
-80.7988 1.25502070372
-80.5987 1.21515688433
-80.3987 1.05675696528
-80.1987 1.36993399763
-79.9987 1.50853059534
-79.7986 1.1091181355
-79.5986 1.04212577297
-79.3986 1.04180919619
-79.1986 1.46316727424
-78.9985 1.24255653198
-78.7985 0.947444205556
-78.5985 1.18630079965
-78.3984 0.966973925184
-78.1984 1.22038043146
-77.9984 0.905103005349
-77.7984 1.35418157481
-77.5983 1.10514062854
-77.3983 0.927965936145
-77.1983 0.609870531824
-76.9982 0.892543959621
-76.7982 0.714552297336
-76.5982 1.02875413672
-76.3981 0.7493255433
-76.1981 1.0597260051
-75.9981 1.11552767861
-75.798 0.806364524556
-75.598 0.770199356948
-75.398 0.893272793684
-75.198 1.28824192108
-74.9979 0.80299557844
-74.7979 0.869136007014
-74.5978 0.98673173456
-74.3978 0.954008079024
-74.1978 1.07070732194
-73.9977 1.35289956811
-73.7977 1.39105206122
-73.5977 1.21498223343
-73.3976 0.707398655873
-73.1976 1.50924528771
-72.9976 1.12854908496
-72.7975 0.802197969865
-72.5975 0.858341273858
-72.3975 0.822776778237
-72.1974 0.671458066304
-71.9974 0.882167195915
-71.7973 1.25974762367
-71.5973 1.11705317632
-71.3973 1.18211854262
-71.1972 1.21829918498
-70.9972 1.57035952179
-70.7972 1.34308936665
-70.5971 1.13743181202
-70.3971 0.677181703457
-70.197 1.1820093808
-69.997 1.31319395495
-69.797 1.11961432886
-69.5969 1.215291521
-69.3969 1.05741344816
-69.1968 1.14099949257
-68.9968 0.591911714368
-68.7968 0.898963991166
-68.5967 1.01777018529
-68.3967 0.736603286984
-68.1966 0.414888854157
-67.9966 0.895195449999
-67.7965 1.01479017579
-67.5965 1.11443004545
-67.3965 1.09541147206
-67.1964 0.894565376619
-66.9964 1.05131056364
-66.7963 0.814363917497
-66.5963 1.23198088831
-66.3962 0.917166207359
-66.1962 0.920204183598
-65.9961 1.08542056065
-65.7961 1.20485479731
-65.5961 0.936224208418
-65.396 0.80177275708
-65.196 0.782116219806
-64.9959 1.01009328251
-64.7959 1.20634042414
-64.5958 1.11499109428
-64.3958 0.783897391942
-64.1957 1.11574465096
-63.9957 0.6199321318
-63.7956 0.966374110471
-63.5956 0.62612589921
-63.3955 0.9498406953
-63.1955 0.993083244334
-62.9954 0.958882241435
-62.7954 0.860547388297
-62.5953 1.06002541642
-62.3953 0.811995347535
-62.1952 0.729193078624
-61.9952 0.660787612848
-61.7951 0.649386101783
-61.5951 0.971808587102
-61.395 0.876916791294
-61.195 0.997707522818
-60.9949 0.935942991544
-60.7949 1.11665870865
-60.5948 1.34453075243
-60.3948 0.887138571223
-60.1947 0.963654223336
-59.9947 0.815840049705
-59.7946 1.04783514685
-59.5946 1.00513396825
-59.3945 0.597932966883
-59.1944 0.746684443277
-58.9944 1.16963755688
-58.7943 0.899008978365
-58.5943 0.974750677664
-58.3942 0.684941418738
-58.1942 0.798697675712
-57.9941 0.959286319008
-57.7941 1.21527244586
-57.594 0.830329002766
-57.3939 0.971893808008
-57.1939 1.14434307644
-56.9938 1.30761829524
-56.7938 0.989933486656
-56.5937 0.709902897375
-56.3937 1.51273906375
-56.1936 0.954317771804
-55.9935 1.26407266065
-55.7935 1.34984742743
-55.5934 0.907663559744
-55.3934 1.09930151424
-55.1933 0.737481942643
-54.9932 1.42352967744
-54.7932 1.07696941336
-54.5931 1.44359766051
-54.3931 0.69409352644
-54.193 0.842631591595
-53.9929 1.18650606164
-53.7929 1.079808969
-53.5928 1.06558108688
-53.3928 0.985986542851
-53.1927 1.07092013326
-52.9926 0.856247212074
-52.7926 0.495392909502
-52.5925 0.549002421421
-52.3924 1.14336602353
-52.1924 1.47335860852
-51.9923 0.921956731921
-51.7922 1.13977485623
-51.5922 1.01261821461
-51.3921 1.16840425957
-51.1921 1.11410261864
-50.992 1.00627478643
-50.7919 1.2233200209
-50.5919 1.08435348737
-50.3918 0.884998226872
-50.1917 1.10029535032
-49.9917 1.36702272472
-49.7916 1.08125796373
-49.5915 0.900856923494
-49.3915 1.10668257248
-49.1914 0.881997525211
-48.9913 0.827735920267
-48.7913 1.1499967696
-48.5912 0.542287405474
-48.3911 0.841052036033
-48.191 1.01392377425
-47.991 1.14828161119
-47.7909 1.03498513951
-47.5908 1.00952262074
-47.3908 0.953888501467
-47.1907 1.13346619309
-46.9906 0.924908821147
-46.7906 0.624849509247
-46.5905 0.789210371082
-46.3904 0.968062939258
-46.1903 0.923324503462
-45.9903 1.31652070428
-45.7902 0.852127759815
-45.5901 1.32406774919
-45.3901 0.82746459327
-45.19 1.33371484223
-44.9899 1.20751286333
-44.7898 0.73224523609
-44.5898 1.01623343162
-44.3897 0.591760337747
-44.1896 1.1257377795
-43.9895 1.5333204684
-43.7895 1.05644074184
-43.5894 0.808581135862
-43.3893 1.0500611378
-43.1892 1.33574159571
-42.9892 0.958173248233
-42.7891 0.663484464004
-42.589 0.774462223086
-42.3889 0.79399581596
-42.1889 0.645783177411
-41.9888 0.77803384428
-41.7887 0.402288045893
-41.5886 0.670754048969
-41.3885 0.937857647253
-41.1885 0.951529400438
-40.9884 0.605181399084
-40.7883 0.794352655464
-40.5882 0.860079787207
-40.3881 0.717613920959
-40.1881 1.27735737335
-39.988 0.937427879066
-39.7879 1.08892473636
-39.5878 0.908284337952
-39.3877 0.863292844709
-39.1877 0.665031429266
-38.9876 1.08431630528
-38.7875 0.269679273418
-38.5874 1.08394130647
-38.3873 1.0175463488
-38.1873 1.26481943398
-37.9872 1.20672561967
-37.7871 1.06359253605
-37.587 1.21536199427
-37.3869 1.15308219177
-37.1868 0.888478777522
-36.9868 0.841792453644
-36.7867 0.822304597012
-36.5866 1.01662423861
-36.3865 1.24054631868
-36.1864 1.18244454005
-35.9863 0.774789499167
-35.7862 1.20864651805
-35.5862 1.15036243919
-35.3861 1.29651572931
-35.186 1.55095131832
-34.9859 0.751200390488
-34.7858 1.36308763989
-34.5857 1.10740682868
-34.3856 1.65996871486
-34.1856 0.524736426677
-33.9855 1.51002662248
-33.7854 1.38245292008
-33.5853 0.965348509581
-33.3852 1.01536307277
-33.1851 0.503675405596
-32.985 0.405916974333
-32.7849 1.27165650335
-32.5848 1.20111999121
-32.3847 0.799768223964
-32.1847 1.15520435539
-31.9846 1.04510562568
-31.7845 0.95838956575
-31.5844 1.13710522721
-31.3843 0.604891699022
-31.1842 0.929682437273
-30.9841 1.15070137547
-30.784 1.0652148376
-30.5839 1.69862481884
-30.3838 1.02203288338
-30.1837 0.880591701837
-29.9836 1.29846827538
-29.7836 1.4226175026
-29.5835 1.0759233544
-29.3834 1.41541216213
-29.1833 0.829492838404
-28.9832 0.5251899968
-28.7831 0.530849318644
-28.583 0.611647733266
-28.3829 0.336695084844
-28.1828 0.866042257054
-27.9827 0.934118472127
-27.7826 1.16215371595
-27.5825 0.90350366708
-27.3824 0.738980643941
-27.1823 0.842419812008
-26.9822 1.19254166553
-26.7821 0.733922575173
-26.582 1.28129512304
-26.3819 0.421328301773
-26.1818 0.972301435541
-25.9817 0.639622606749
-25.7816 0.859845134781
-25.5815 1.15220168917
-25.3814 1.04572866021
-25.1813 0.846833950195
-24.9812 0.998208081319
-24.7811 0.685576045959
-24.581 0.531044810401
-24.3809 0.888014963074
-24.1808 0.878375210641
-23.9807 0.40259187859
-23.7806 1.64052213931
-23.5805 1.0850847067
-23.3804 0.672425570038
-23.1803 0.478879386831
-22.9802 0.887037303832
-22.7801 0.979289166873
-22.58 1.41245537384
-22.3799 0.898664255982
-22.1798 0.581001582711
-21.9797 0.769581276791
-21.7796 0.6221770063
-21.5795 0.75784551754
-21.3794 0.782468307347
-21.1793 0.133841397854
-20.9792 -0.0111171384606
-20.7791 -0.0521485120331
-20.579 0.187988195468
-20.3789 0.18315867999
-20.1787 0.0912223223533
-19.9786 0.368832750371
-19.7785 0.0993060009536
-19.5784 0.837388140294
-19.3783 0.377266601502
-19.1782 -0.144210388725
-18.9781 -0.00616675464604
-18.778 0.643349790016
-18.5779 -0.0252059421827
-18.3778 0.161730406962
-18.1777 -0.302206953993
-17.9776 0.0948880729397
-17.7774 0.015919775188
-17.5773 0.180960878789
-17.3772 0.49477107406
-17.1771 0.191869471961
-16.977 0.142172436662
-16.7769 0.365230228388
-16.5768 -0.0472192576406
-16.3767 0.150617029226
-16.1766 0.906262246549
-15.9764 0.289656297282
-15.7763 0.164727746329
-15.5762 0.320597268869
-15.3761 0.554465461134
-15.176 0.0756929281494
-14.9759 0.111968949492
-14.7758 0.184972763462
-14.5757 0.230456571257
-14.3755 0.757464870566
-14.1754 0.987608725499
-13.9753 0.714298090352
-13.7752 0.935766641676
-13.5751 0.2968010059
-13.375 0.685780008668
-13.1749 0.472213545689
-12.9747 0.227801414365
-12.7746 0.900545699602
-12.5745 1.54422994271
-12.3744 0.145529546182
-12.1743 0.720966992445
-11.9742 0.782084591976
-11.774 1.13681132783
-11.5739 0.1570278845
-11.3738 0.491169384198
-11.1737 0.0823259991667
-10.9736 0.136166883257
-10.7734 1.23686752752
-10.5733 0.139152798302
-10.3732 0.915309764555
-10.1731 0.0613805379128
-9.97296 0.416770476663
-9.77284 0.590005101322
-9.57272 1.18746836474
-9.3726 0.822599829898
-9.17248 0.612521061697
-8.97236 0.113345237405
-8.77224 0.35641216585
-8.57211 0.971684974161
-8.37199 1.79546788706
-8.17187 0.6408717733
-7.97175 1.08099532897
-7.77163 0.673858832374
-7.5715 0.188274306162
-7.37138 0.709963793265
-7.17125 0.125597359361
-6.97113 0.59697960343
-6.77101 0.102062218527
-6.57088 1.22309874919
-6.37076 1.26497945189
-6.17063 0.442974443878
-5.97051 0.00832728927379
-5.77038 -0.0875198583012
-5.57025 0.14721540692
-5.37013 0.0576498536974
-5.17 -0.0560819463595
-4.96987 0.161109951366
-4.76975 0.122699128951
-4.56962 0.0483351933951
-4.36949 0.065357534461
-4.16937 0.252390228368
-3.96924 0.800698151772
-3.76911 0.11389306075
-3.56898 0.0268118799842
-3.36885 -0.187347556238
-3.16872 0.204186534232
-2.96859 0.255762905091
-2.76846 0.572199751702
-2.56833 0.572565182546
-2.3682 0.104464325626
-2.16807 0.570018448389
-1.96794 0.174949625189
-1.76781 0.108169500551
-1.56768 0.663690024103
-1.36755 0.435238345384
-1.16742 0.689553222448
-0.967284 0.586330387472
-0.767152 0.128282715734
-0.567019 0.639784526428
-0.366886 1.59027648886
-0.166753 0.561153704748
0.0333802 0.583922548318
0.233514 0.89770725428
0.433648 1.08223742561
0.633782 1.06305613836
0.833917 0.174042326434
1.03405 1.46484931608
1.23419 0.428488896825
1.43432 0.709654786572
1.63446 0.225112517442
1.83459 0.241831426438
2.03473 0.125931371233
2.23487 0.429055728562
2.435 0.199245681124
2.63514 0.966549506932
2.83528 0.120599311545
3.03541 0.0502546752303
3.23555 0.771821140975
3.43569 0.00390458922834
3.63583 0.201557934633
3.83597 0.098657791884
4.0361 -0.239760549679
4.23624 -0.050643183452
4.43638 0.150165415265
4.63652 0.0453930036758
4.83666 -0.064424412602
5.0368 0.204486706265
5.23694 -0.0292896464165
5.43708 -0.090698080023
5.63722 0.117942361428
5.83737 0.00533366286489
6.03751 -0.0543517890079
6.23765 0.02705339687
6.43779 0.144424622015
6.63793 -0.00245269882907
6.83808 0.102151893532
7.03822 -0.0178954163822
7.23836 -0.0883777382538
7.4385 -0.103489282108
7.63865 0.110205000119
7.83879 -0.0818917782751
8.03894 -0.0356950794896
8.23908 0.00580249100136
8.43923 -0.195552028038
8.63937 0.0280116491264
8.83951 0.462523847667
9.03966 -0.0316287568522
9.23981 0.253338908003
9.43995 0.0550619254216
9.6401 0.026827441639
9.84025 0.31878601331
10.0404 1.3068157779
10.2405 1.1271414063
10.4407 0.452950856424
10.6408 0.0774583706508
10.841 0.0248884903856
11.0411 -0.147487035818
11.2413 0.0579711134003
11.4414 0.276368487783
11.6416 0.126672468641
11.8417 0.635115435766
12.0419 -0.0694638653617
12.242 0.0416312954825
12.4422 -0.0780900804899
12.6423 0.376846664104
12.8425 0.282765670177
13.0426 0.194616145432
13.2428 -0.0497998447131
13.4429 0.0488792028668
13.6431 0.248368430368
13.8432 -0.00734959659121
14.0434 0.229924642948
14.2435 0.0757467821856
14.4437 0.384706662039
14.6438 0.476673203846
14.844 0.207607316407
15.0441 -0.183581057004
15.2443 0.352542478969
15.4445 0.200570787087
15.6446 0.656926381801
15.8448 0.124643639704
16.0449 0.0891690388721
16.2451 0.200330585804
16.4452 0.254844009093
16.6454 -0.0136063357447
16.8455 0.0437950648495
17.0457 0.237244253824
17.2459 -0.0139895880036
17.446 0.21685129948
17.6462 0.251628209442
17.8463 0.201540119162
18.0465 0.620467416154
18.2466 0.284393566929
18.4468 0.269120589524
18.647 0.465782690574
18.8471 1.19793255208
19.0473 0.286802078765
19.2474 0.27069657704
19.4476 0.797108851306
19.6478 0.904752290718
19.8479 1.06225426156
20.0481 0.276055610856
20.2482 0.531551961371
20.4484 0.351964428485
20.6486 0.429409357241
20.8487 0.766608454038
21.0489 0.323580730399
21.249 0.422673731326
21.4492 0.148774607472
21.6494 0.405296087245
21.8495 0.355440798717
22.0497 0.546705070062
22.2498 0.0555877315281
22.45 -0.025119113916
22.6502 0.111362065353
22.8503 0.333233216636
23.0505 0.175592449814
23.2507 0.239740960072
23.4508 0.157135537675
23.651 0.510571258085
23.8512 -0.0932105668303
24.0513 -0.0213458901159
24.2515 0.122339222676
24.4517 -0.0148265063656
24.6518 0.0620204462842
24.852 -0.183847837874
25.0522 0.134885678228
25.2523 0.00172659214661
25.4525 -0.294793902818
25.6527 -0.0308461001521
25.8528 -0.138947623924
26.053 -0.146609785977
26.2532 0.0133089933393
26.4533 -0.0752826044655
26.6535 0.0488451051131
26.8537 0.160924950151
27.0538 -0.150835021883
27.254 0.0150384120955
27.4542 0.114735414895
27.6544 -0.0909560475108
27.8545 0.157869034668
28.0547 0.0730885305818
28.2549 0.00549754609269
28.455 0.418644925907
28.6552 0.757689617356
28.8554 0.772904295909
29.0556 0.851191208849
29.2557 0.300372707874
29.4559 0.120021997986
29.6561 0.674513125635
29.8562 0.247182459151
30.0564 0.261828309985
30.2566 0.20822822152
30.4568 0.387222239377
30.6569 0.0499899801883
30.8571 0.524048929926
31.0573 0.420421202908
31.2575 0.63308632633
31.4576 1.07499139936
31.6578 0.84253111128
31.858 0.057958309833
32.0582 0.335817821622
32.2583 0.582877207665
32.4585 0.605444636024
32.6587 0.942689735411
32.8589 0.770562754751
33.0591 0.368014477018
33.2592 1.62268983211
33.4594 1.3841729933
33.6596 0.971404039194
33.8598 0.912950955661
34.0599 0.789612121765
34.2601 1.22966430912
34.4603 1.14424524249
34.6605 0.70670588302
34.8607 0.363023255228
35.0608 0.221261928017
35.261 0.576919128095
35.4612 1.0717991342
35.6614 1.20557992262
35.8616 1.11033592268
36.0617 0.539935835747
36.2619 0.613871420929
36.4621 0.637818514081
36.6623 0.773907100707
36.8625 0.437975504047
37.0627 1.11262566886
37.2628 1.25473520794
37.463 0.71111091013
37.6632 0.568452051743
37.8634 0.418680130941
38.0636 0.844951143506
38.2638 0.515926541175
38.4639 0.963004937235
38.6641 0.62107747932
38.8643 0.618531923259
39.0645 0.764027762732
39.2647 1.33453777435
39.4649 1.11541554613
39.6651 0.497957085999
39.8652 0.681818556468
40.0654 0.825293068344
40.2656 0.64640099716
40.4658 1.10439754684
40.666 0.626593308427
40.8662 0.863258438046
41.0664 1.21443984914
41.2666 0.476270597075
41.4668 0.919751771036
41.6669 1.45768941901
41.8671 0.729326690244
42.0673 1.16977255991
42.2675 1.20824936924
42.4677 1.06912790851
42.6679 0.624200342037
42.8681 1.12931213856
43.0683 1.21280040508
43.2685 0.455259019775
43.4687 0.509523321378
43.6688 0.694868796633
43.869 1.01035832372
44.0692 0.321382997372
44.2694 1.32492727099
44.4696 0.536654491281
44.6698 0.700809659576
44.87 0.725840900024
45.0702 0.685324532172
45.2704 0.880092019676
45.4706 0.34416135271
45.6708 0.270540675542
45.871 0.374443085302
46.0712 0.179094826337
46.2714 0.51128751243
46.4716 1.22115913886
46.6718 1.09099825244
46.8719 0.620572236856
47.0721 0.725763506147
47.2723 1.02916887618
47.4725 0.416182474884
47.6727 1.01634490521
47.8729 1.03510022331
48.0731 1.0438816973
48.2733 1.47430482521
48.4735 0.692826850876
48.6737 1.13175163377
48.8739 1.24661207227
49.0741 1.00857491604
49.2743 1.17606874955
49.4745 0.535107843522
49.6747 0.848421353363
49.8749 0.8187905104
50.0751 0.984654634764
50.2753 1.11400354524
50.4755 1.38857940326
50.6757 0.90198579996
50.8759 0.556518972594
51.0761 0.599895609753
51.2763 0.420805336593
51.4765 0.964558568419
51.6767 1.31943169013
51.8769 1.0692509892
52.0771 0.78444363326
52.2773 0.72908087808
52.4775 0.725630268682
52.6777 0.543029408897
52.8779 0.85028400528
53.0782 0.90617118809
53.2784 0.773942803791
53.4786 0.855531828751
53.6788 0.784710365918
53.879 0.488922767814
54.0792 0.276104619996
54.2794 0.6087701935
54.4796 0.897650660851
54.6798 0.735993948235
54.88 0.658565656059
55.0802 0.864461355039
55.2804 0.751582003268
55.4806 0.708863318459
55.6808 0.749379301925
55.881 1.05466342679
56.0812 0.789363980779
56.2815 1.48017348739
56.4817 0.526376672197
56.6819 0.845607072136
56.8821 0.385966838995
57.0823 0.82732327218
57.2825 0.787769749736
57.4827 0.528388605487
57.6829 0.563400394905
57.8831 0.648281055153
58.0833 0.584791591845
58.2836 0.912295199234
58.4838 0.964279459237
58.684 0.957948246795
58.8842 0.930516055052
59.0844 0.819725860742
59.2846 0.976937456016
59.4848 0.863975003927
59.685 0.716526658579
59.8853 0.986834278437
60.0855 0.673455528731
60.2857 1.16307392947
60.4859 1.24364759453
60.6861 0.491331913101
60.8863 0.242402602949
61.0865 0.906375436583
61.2868 1.03881839308
61.487 1.12070083932
61.6872 1.24029114512
61.8874 0.428470697162
62.0876 1.22933178978
62.2878 1.06916385296
62.4881 0.791055364361
62.6883 0.765258625956
62.8885 1.04424771065
63.0887 0.694308166094
63.2889 0.659064752791
63.4891 0.804634864284
63.6894 1.46043157064
63.8896 0.751749946603
64.0898 1.08024707681
64.29 0.918717860922
64.4902 0.504063097702
64.6905 1.04192077909
64.8907 0.753139635962
65.0909 0.763479435211
65.2911 0.541206081683
65.4913 0.493580842888
65.6916 1.05822687619
65.8918 0.687997596104
66.092 1.29706008641
66.2922 1.32305316567
66.4924 0.834727686169
66.6927 0.884752551775
66.8929 0.915898871543
67.0931 0.527839350062
67.2933 1.12843316239
67.4936 0.591962613295
67.6938 0.608220067448
67.894 0.980626213407
68.0942 0.984011325829
68.2945 0.725049256873
68.4947 1.11755766003
68.6949 0.982120435447
68.8951 0.943493360717
69.0954 1.0787396494
69.2956 0.668294475694
69.4958 1.02322908549
69.696 1.5054207329
69.8963 1.26500997391
70.0965 0.447609666576
70.2967 1.0314138246
70.4969 0.845233352263
70.6972 1.11286716674
70.8974 0.775512816558
71.0976 0.912234884407
71.2979 0.723819513675
71.4981 0.833016082724
71.6983 1.08124212964
71.8985 0.807292168421
72.0988 1.27553426915
72.299 1.34072113065
72.4992 0.999401057448
72.6995 1.17003443141
72.8997 0.974531711814
73.0999 1.16751213646
73.3002 1.06033004732
73.5004 1.41345040302
73.7006 1.04073356861
73.9009 1.08197270134
74.1011 0.555389554512
74.3013 1.48519829299
74.5016 1.64323339376
74.7018 0.974726480938
74.902 1.17090964693
75.1023 0.893863769159
75.3025 1.274756775
75.5027 1.07603477001
75.703 1.16789405424
75.9032 0.956173470963
76.1034 0.763555283801
76.3037 0.801228990806
76.5039 1.69893900759
76.7041 1.38812153613
76.9044 1.04060570729
77.1046 1.09329412434
77.3048 1.03430846192
77.5051 1.23754238854
77.7053 0.934098322899
77.9056 1.18544756736
78.1058 1.32523666578
78.306 1.35630562213
78.5063 0.9062569902
78.7065 1.03401745881
78.9067 1.15802040306
79.107 1.63116785422
79.3072 1.05475838534
79.5075 0.939906177053
79.7077 0.981531980001
79.9079 0.936212784946
80.1082 0.9116318396
80.3084 1.00644183128
80.5087 0.586785691127
80.7089 1.6020400701
80.9091 1.07074331706
81.1094 1.04099334297
81.3096 0.765973557376
81.5099 1.2351022824
81.7101 0.472534259988
81.9104 1.2437502842
82.1106 1.29725042268
82.3108 0.833171271963
82.5111 0.94146655699
82.7113 1.03750985694
82.9116 0.982063056478
83.1118 1.13701233483
83.3121 1.14824494828
83.5123 1.19149881608
83.7126 1.13532514822
83.9128 1.23249920065
84.113 1.3015453452
84.3133 1.15265297045
84.5135 1.03356750413
84.7138 0.738424361167
84.914 1.16574980211
85.1143 0.949098280599
85.3145 1.68329945072
85.5148 1.04635829755
85.715 1.28096452391
85.9153 1.03618664526
86.1155 0.817935795545
86.3158 1.0367959698
86.516 1.00857923018
86.7163 0.998619641368
86.9165 1.36434613365
87.1168 1.26068730811
87.317 1.12153603116
87.5173 1.04188278065
87.7175 1.0032202248
87.9178 1.05141411585
88.118 1.28039758989
88.3183 1.08238689345
88.5185 1.12127997653
88.7188 1.03571693433
88.919 1.1087457393
89.1193 0.919128496295
89.3195 1.1787057165
89.5198 1.40408767452
89.72 1.04272638698
89.9203 1.23962111143
90.1205 0.677473984525
90.3208 1.0806698718
90.521 0.673889316227
90.7213 1.16639217779
90.9216 1.14033809076
91.1218 0.901958754514
91.3221 0.809004336504
91.5223 0.920882532261
91.7226 0.315478340841
91.9228 1.16517139139
92.1231 0.98795228558
92.3233 1.4265811189
92.5236 1.07908586792
92.7239 0.614791755451
92.9241 1.24454245945
93.1244 1.46511749087
93.3246 1.14219103615
93.5249 0.932019313015
93.7252 0.725184765926
93.9254 1.07695506359
94.1257 0.262508875441
94.3259 0.850590160757
94.5262 1.16232976519
94.7264 1.09369402032
94.9267 0.457083223366
95.127 1.24720322613
95.3272 1.22891997992
95.5275 0.559396797242
95.7278 1.15264723697
95.928 1.12027648485
96.1283 1.07638373543
96.3285 0.618292461505
96.5288 0.405692475139
96.7291 0.579008713156
96.9293 1.2172305796
97.1296 1.11674961787
97.3298 1.01725727389
97.5301 1.52329604087
97.7304 0.655959676193
97.9306 0.686384382559
98.1309 0.821618228857
98.3312 0.635044341927
98.5314 0.859436007533
98.7317 1.204922794
98.932 0.911511444587
99.1322 0.727004110313
99.3325 1.0700229875
99.5328 1.19870606365
99.733 0.548117476345
99.9333 0.894146690174
